0.196252   -0.316424   0.465689
-0.0114622   -0.178825   -0.247615
0.0331474   -0.418281   -0.283951
0.111968   0.106014   -0.291807
-0.0544982   0.0138331   -0.450988
-0.35032   0.464514   -0.00400082
-0.272815   0.058883   -0.468374
0.470326   -0.197634   0.234541
0.462323   0.439774   -0.121006
-0.325417   -0.00175763   0.415828
0.0602067   -0.117465   0.0587047
0.123186   -0.386741   -0.401536
-0.433925   -0.499863   -0.276493
-0.0410671   0.362151   0.111014
-0.231774   0.24036   0.22592
0.0926808   0.378948   0.154414
0.498351   0.311191   -0.417137
0.228557   0.236966   0.040081
-0.19898   0.454735   -0.062455
0.363311   0.341068   -0.362125
0.0732919   0.0426041   -0.114031
0.220815   0.244482   -0.259981
-0.19435   -0.138388   0.290883
0.0729594   0.30421   0.0767987
0.256561   -0.261214   -0.333318
-0.335113   -0.128141   -0.461091
-0.234929   -0.0228356   -0.0174503
0.224003   0.354557   -0.329339
0.390805   0.283767   -0.327014
0.441207   0.234872   0.432956
-0.154115   -0.301165   -0.219118
0.261378   -0.14422   -0.166333
0.120227   0.334943   0.257468
-0.0393819   0.0675858   -0.317996
-0.0664884   0.217725   0.472107
-0.439791   -0.010733   0.426062
-0.246927   0.209212   -0.14714
0.375984   -0.168157   -0.308354
-0.0750531   -0.453181   -0.113058
-0.25343   0.499001   -0.452229
0.440097   0.105933   0.312415
0.492402   0.152751   -0.398924
-0.260035   0.0716526   -0.360537
0.0632096   0.403639   0.431223
0.263843   -0.0652018   0.261315
0.15915   0.250193   -0.192176
-0.398981   0.200355   -0.438208
0.473847   -0.48066   -0.115359
0.135686   -0.144993   0.0551667
0.477392   -0.00981098   -0.444172
0.313963   0.496911   0.170032
-0.374992   0.484076   -0.095763
0.266235   0.483563   0.239626
-0.43928   0.0868382   0.397433
-0.263   0.111215   0.429748
0.373416   -0.104115   -0.176736
-0.0184184   -0.0728444   -0.268019
-0.155636   0.207596   0.0144561
-0.229855   -0.421622   -0.180238
-0.465158   -0.23751   0.4055
-0.29229   0.210383   -0.301605
-0.0184214   0.32871   0.182215
0.00444589   0.437818   -0.471748
0.311904   0.434802   -0.1641
-0.0430415   -0.0161401   -0.350219
0.327231   -0.31281   0.0506467
-0.000478602   0.426718   0.142238
0.473601   0.474823   -0.355847
-0.251578   0.138919   -0.225495
0.349507   -0.0520388   -0.112287
0.020041   -0.0993421   -0.104214
0.226275   0.3637   0.00306341
0.199745   0.419502   -0.0593519
0.13473   0.385554   0.334189
-0.168108   0.351059   0.084517
0.270384   0.316508   -0.251757
-0.243103   0.181001   0.489926
-0.476188   -0.222616   -0.00371984
-0.20431   -0.220193   -0.402251
-0.411877   0.448502   -0.410053
0.253619   -0.188494   -0.441125
-0.206323   -0.313479   -0.103623
-0.432782   -0.136147   -0.129572
-0.176841   -0.0508535   0.266432
0.148234   0.161831   -0.401377
-0.49688   0.0450374   -0.371862
0.0351685   -0.243151   0.25068
0.212684   0.139018   0.0488581
-0.477781   -0.441516   0.106072
0.271768   0.252022   -0.36132
-0.478883   -0.100975   -0.374537
0.172436   -0.0794235   -0.488482
0.324171   0.19164   -0.45922
-0.105904   -0.0389813   0.438223
-0.00777953   0.23705   0.244702
0.391996   0.0855275   -0.0138094
0.459513   0.289501   -0.122242
0.279542   -0.0924153   -0.370351
-0.350162   -0.446629   -0.353549
0.472237   -0.116426   0.344321
0.117606   -0.204827   0.247813
0.264322   0.48095   -0.097797
0.152158   -0.418971   0.495559
-0.027248   0.052521   -0.199807
-0.461765   0.040507   -0.0772783
0.221905   -0.192378   0.098285
0.440382   -0.464188   0.272263
-0.103016   -0.341281   -0.107241
