0.196268   -0.316457   0.465724
-0.0114817   -0.178845   -0.247639
0.0331239   -0.418268   -0.283889
0.111951   0.106062   -0.291701
-0.0545163   0.0138611   -0.451002
-0.350309   0.464558   -0.0040042
-0.272853   0.0588563   -0.468443
0.47032   -0.197584   0.23448
0.462366   0.439778   -0.120989
-0.325395   -0.00178531   0.415887
0.0602208   -0.117548   0.058716
0.123261   -0.386714   -0.401576
-0.433906   -0.499916   -0.276492
-0.0410856   0.36216   0.111017
-0.231663   0.240321   0.225941
0.0926726   0.378956   0.154423
0.49835   0.311186   -0.4171
0.228545   0.236996   0.040004
-0.198997   0.454693   -0.0624891
0.363331   0.34111   -0.362171
0.0733392   0.0425913   -0.114052
0.220796   0.244464   -0.26004
-0.194337   -0.138243   0.29083
0.0728888   0.304104   0.0769086
0.256585   -0.261186   -0.333327
-0.335141   -0.128092   -0.46102
-0.234884   -0.0228088   -0.0175226
0.22399   0.354557   -0.329344
0.390764   0.283787   -0.327056
0.441257   0.234957   0.432971
-0.154198   -0.301194   -0.219152
0.261356   -0.144249   -0.166273
0.120201   0.334913   0.257481
-0.0393546   0.0675358   -0.318019
-0.066541   0.217708   0.472142
-0.439855   -0.0107721   0.426026
-0.24693   0.209203   -0.147194
0.375953   -0.168138   -0.308382
-0.0750148   -0.45314   -0.113111
-0.253439   0.499014   -0.452244
0.440093   0.10602   0.312459
0.492451   0.152815   -0.398939
-0.260037   0.071609   -0.360463
0.0631848   0.403679   0.431233
0.263845   -0.065251   0.261348
0.159096   0.250173   -0.192212
-0.39905   0.2004   -0.438211
0.473843   -0.480646   -0.115321
0.13571   -0.144984   0.05517
0.477407   -0.00971731   -0.444157
0.313999   0.496871   0.169999
-0.375011   0.484012   -0.095714
0.266243   0.483592   0.239561
-0.43926   0.0867872   0.397523
-0.263014   0.11115   0.429744
0.373448   -0.104127   -0.176709
-0.0184216   -0.0728994   -0.26792
-0.15558   0.207615   0.0144308
-0.229814   -0.421637   -0.180279
-0.465154   -0.237543   0.405551
-0.292275   0.210366   -0.301623
-0.0183477   0.328728   0.182228
0.00446043   0.437831   -0.471715
0.311901   0.43481   -0.164119
-0.0430317   -0.0161186   -0.35028
0.327293   -0.312798   0.0505942
-0.000415482   0.426716   0.142191
0.473605   0.474856   -0.355827
-0.25158   0.138917   -0.225404
0.349498   -0.0520711   -0.112309
0.0200898   -0.0994036   -0.104205
0.22626   0.363745   0.0030619
0.199682   0.419462   -0.0593991
0.134753   0.385524   0.334174
-0.168189   0.351036   0.0845697
0.270404   0.316611   -0.251719
-0.24314   0.181006   0.489929
-0.476222   -0.222697   -0.00372367
-0.204323   -0.220171   -0.402276
-0.411898   0.44848   -0.410015
0.253643   -0.188556   -0.441171
-0.206325   -0.313451   -0.103596
-0.432752   -0.136078   -0.129554
-0.176793   -0.0509023   0.266436
0.148261   0.161818   -0.401333
-0.496858   0.0450889   -0.371754
0.0351369   -0.243145   0.250624
0.212652   0.138992   0.0489217
-0.477749   -0.441517   0.106073
0.271789   0.252069   -0.361355
-0.47893   -0.100958   -0.374639
0.172419   -0.0794089   -0.488495
0.324176   0.191648   -0.459196
-0.10595   -0.0389893   0.438278
-0.00783341   0.237061   0.244695
0.392037   0.0855591   -0.0137894
0.459533   0.289462   -0.12222
0.279538   -0.0924625   -0.370316
-0.350192   -0.446625   -0.353722
0.472271   -0.11642   0.344297
0.117625   -0.204885   0.247782
0.264288   0.480982   -0.0977258
0.152128   -0.418976   0.495512
-0.0273047   0.0525316   -0.199832
-0.461805   0.0405012   -0.0772833
0.221926   -0.192386   0.0983129
0.440343   -0.464219   0.27224
-0.102993   -0.341242   -0.107245
