-6.53459
-6.54492
-6.56158
-6.5833
-6.61002
-6.64066
-6.6675
-6.68967
-6.70799
-6.71925
-6.72265
-6.71708
-6.70657
-6.69338
-6.68094
-6.66104
-6.64765
-6.63994
-6.6351
-6.63606
-6.64587
-6.65947
-6.67721
-6.68972
-6.69865
-6.70142
-6.70054
-6.69515
-6.68436
-6.67482
-6.66979
-6.66561
-6.66582
-6.66723
-6.67275
-6.68125
-6.68914
-6.69149
-6.68713
-6.67886
-6.66193
-6.6444
-6.63044
-6.61697
-6.60649
-6.60033
-6.60041
-6.60679
-6.61496
-6.6235
-6.6346
-6.64101
-6.6375
-6.62285
-6.59884
-6.5714
-6.54429
-6.51939
-6.50158
-6.49171
-6.49014
-6.50111
-6.52439
-6.55641
-6.59114
-6.62894
-6.6662
-6.69592
-6.71741
-6.73208
-6.74027
-6.74174
-6.73627
-6.72528
-6.70943
-6.692
-6.66971
-6.64571
-6.62503
-6.60886
-6.59588
-6.58913
-6.58541
-6.58798
-6.59209
-6.59588
-6.60073
-6.60661
-6.61706
-6.63132
-6.6474
-6.66661
-6.68412
-6.69879
-6.70517
-6.70624
-6.69943
-6.68865
-6.6771
-6.6625
-6.64925
-6.63433
-6.61544
-6.59346
-6.57247
-6.5482
-6.5257
-6.51092
-6.5046
-6.50871
-6.52313
-6.54826
-6.57668
-6.60647
-6.62928
-6.65146
-6.66685
-6.67979
-6.69133
-6.69916
-6.70344
-6.70574
-6.70721
-6.70499
-6.70249
-6.70023
-6.69706
-6.69713
-6.69579
-6.6914
-6.68579
-6.67839
-6.67456
-6.67196
-6.67002
-6.66418
-6.65157
-6.63622
-6.61776
-6.59832
-6.58672
-6.58002
-6.58086
-6.58931
-6.61073
-6.63391
-6.66441
-6.69415
-6.72033
-6.73908
-6.74959
-6.75123
-6.74214
-6.72242
-6.69964
-6.67163
-6.64224
-6.61429
-6.58946
-6.57311
-6.5623
-6.55358
-6.55387
-6.56138
-6.57153
-6.58534
-6.598
-6.60542
-6.60731
-6.60121
-6.58923
-6.5723
-6.55389
-6.54066
-6.53317
-6.53694
-6.54688
-6.56496
-6.58842
-6.60987
-6.63175
-6.64872
-6.66335
-6.67228
-6.67402
-6.66906
-6.66013
-6.64474
-6.62819
-6.61017
-6.59701
-6.58984
-6.59106
-6.60282
-6.62198
-6.64784
-6.67745
-6.70299
-6.72277
-6.73206
-6.73204
-6.72725
-6.72041
-6.71466
-6.71473
-6.71502
-6.71856
-6.72163
-6.71854
-6.71089
-6.70201
-6.6924
-6.68577
-6.67824
-6.67648
-6.67398
-6.67087
-6.6665
-6.6611
-6.65351
-6.64586
-6.63798
-6.62824
-6.6171
-6.60316
-6.59033
-6.57704
-6.55969
-6.54604
-6.53675
-6.53088
-6.5304
-6.53569
-6.54773
-6.56845
-6.59432
-6.62077
-6.6453
-6.66992
-6.68842
-6.70039
-6.70503
-6.70632
-6.69872
-6.68872
-6.67662
-6.66424
-6.65219
-6.64047
-6.63031
-6.62263
-6.61624
-6.60557
-6.59228
-6.57308
-6.55487
-6.53775
-6.52968
-6.5307
-6.54043
-6.56011
-6.58187
-6.6064
-6.63011
-6.64891
-6.66236
-6.6663
-6.66844
-6.66106
-6.64725
-6.62957
-6.61417
-6.60654
-6.60275
-6.60733
-6.61741
-6.63077
-6.64579
-6.65926
-6.67371
-6.68885
-6.69998
-6.71049
-6.71757
-6.72069
-6.72289
-6.72242
-6.72412
-6.72727
-6.73631
-6.74398
-6.74826
-6.74706
-6.74156
-6.72945
-6.71267
-6.69497
-6.6718
-6.65203
-6.63481
-6.62359
-6.61594
-6.61412
-6.61554
-6.61375
-6.60899
-6.59925
-6.58458
-6.56586
-6.54742
-6.53144
-6.52151
-6.5144
-6.50829
-6.50466
-6.50276
-6.50658
-6.51285
-6.52385
-6.53736
-6.55364
-6.57108
-6.58988
-6.60263
-6.6129
-6.6195
-6.62736
-6.63618
-6.64534
-6.65466
-6.66437
-6.67442
-6.6847
-6.69005
-6.69665
-6.7018
-6.70035
-6.69463
-6.68667
-6.67276
-6.65775
-6.64093
-6.6221
-6.60229
-6.58593
-6.5761
-6.57353
-6.58017
-6.5929
-6.61292
-6.6336
-6.65485
-6.66887
-6.67719
-6.67858
-6.67342
-6.66357
-6.65431
-6.64286
-6.63496
-6.6306
-6.63388
-6.63869
-6.64925
-6.6592
-6.67624
-6.69315
-6.70794
-6.71951
-6.72867
-6.73231
-6.73438
-6.73906
-6.74377
-6.74696
-6.74884
-6.74369
-6.73285
-6.71268
-6.6821
-6.64523
-6.60897
-6.57827
-6.55208
-6.53543
-6.52949
-6.53071
-6.5404
-6.55213
-6.56105
-6.57232
-6.58072
-6.5846
-6.58476
-6.58196
-6.5786
-6.5707
-6.56911
-6.56872
-6.57417
-6.58496
-6.59882
-6.61058
-6.61929
-6.62108
-6.62458
-6.62611
-6.6292
-6.63478
-6.63905
-6.64442
-6.65003
-6.652
-6.65009
-6.64547
-6.63976
-6.63092
-6.6224
-6.61537
-6.6108
-6.60844
-6.60753
-6.61019
-6.6176
-6.63136
-6.65163
-6.67303
-6.69524
-6.71843
-6.73933
-6.75237
-6.7558
-6.75476
-6.7473
-6.73449
-6.72009
-6.70179
-6.67856
-6.65524
-6.63201
-6.61176
-6.60243
-6.60072
-6.6057
-6.61182
-6.61257
-6.60827
-6.6004
-6.59235
-6.58362
-6.57599
-6.56787
-6.55546
-6.54509
-6.5336
-6.52624
-6.52632
-6.53383
-6.54853
-6.56728
-6.58832
-6.61236
-6.63092
-6.64349
-6.64735
-6.64376
-6.63084
-6.61075
-6.59032
-6.57379
-6.56727
-6.57178
-6.5884
-6.61212
-6.64212
-6.66804
-6.68365
-6.68612
-6.67472
-6.65079
-6.62654
-6.60859
-6.60063
-6.6075
-6.62801
-6.65666
-6.69388
-6.7307
-6.76666
-6.79928
-6.82485
-6.84611
-6.86201
-6.86899
-6.86972
-6.85892
-6.83609
-6.80739
-6.7714
-6.73063
-6.68638
-6.63949
-6.59549
-6.5586
-6.52787
-6.5062
-6.49381
-6.48941
-6.49185
-6.50076
-6.51533
-6.53497
-6.55561
-6.57354
-6.58727
-6.59694
-6.60252
-6.60432
-6.60499
-6.60772
-6.60879
-6.6124
-6.61142
-6.61135
-6.61014
-6.60761
-6.6063
-6.60596
-6.60523
-6.60519
-6.60528
-6.6102
-6.61856
-6.62788
-6.63675
-6.64644
-6.65715
-6.66581
-6.67708
-6.68415
-6.68931
-6.68888
-6.67848
-6.65925
-6.63345
-6.60386
-6.57417
-6.54349
-6.5204
-6.50616
-6.50497
-6.51
-6.52667
-6.55189
-6.58813
-6.62506
-6.66239
-6.69338
-6.71865
-6.74056
-6.7542
-6.76131
-6.76241
-6.75907
-6.75291
-6.74195
-6.73052
-6.71615
-6.69913
-6.67479
-6.64426
-6.60944
-6.57321
-6.5419
-6.51681
-6.50666
-6.50982
-6.52918
-6.56137
-6.60235
-6.64873
-6.69367
-6.72838
-6.75729
-6.7761
-6.78706
-6.7896
-6.78335
-6.76926
-6.75074
-6.72397
-6.69266
-6.65456
-6.61367
-6.57588
-6.53861
-6.50668
-6.48859
-6.48316
-6.48888
-6.50771
-6.53798
-6.57171
-6.6073
-6.64248
-6.67103
-6.69498
-6.70816
-6.71141
-6.70462
-6.68981
-6.66816
-6.64784
-6.62846
-6.6106
-6.59742
-6.5908
-6.59006
-6.59109
-6.59456
-6.60426
-6.61426
-6.62622
-6.63891
-6.65309
-6.664
-6.67716
-6.6856
-6.68756
-6.68329
-6.67282
-6.65547
-6.63236
-6.60619
-6.57801
-6.55499
-6.53819
-6.52982
-6.5301
-6.5412
-6.55834
-6.57703
-6.59321
-6.60311
-6.61006
-6.61667
-6.62945
-6.64378
-6.65787
-6.66459
-6.66538
-6.66204
-6.65768
-6.65349
-6.64943
-6.64527
-6.64097
-6.63439
-6.62458
-6.61693
-6.61011
-6.60583
-6.6046
-6.60752
-6.61411
-6.62535
-6.63776
-6.65414
-6.66869
-6.67547
-6.68299
-6.68267
-6.68351
-6.68312
-6.68272
-6.6842
-6.6815
-6.67765
-6.66701
-6.64748
-6.62204
-6.5894
-6.5557
-6.52765
-6.51737
-6.52418
-6.54456
-6.57316
-6.60413
-6.63456
-6.66147
-6.68228
-6.69907
-6.70808
-6.71395
-6.71898
-6.72193
-6.72302
-6.72262
-6.72077
-6.71642
-6.71126
-6.70343
-6.69205
-6.67729
-6.66112
-6.64233
-6.62635
-6.6125
-6.60556
-6.60919
-6.61894
-6.63879
-6.66128
-6.68643
-6.71128
-6.72871
-6.73305
-6.72561
-6.70539
-6.67866
-6.6497
-6.62623
-6.60777
-6.60098
-6.59836
-6.59816
-6.60025
-6.60065
-6.60217
-6.6086
-6.61808
-6.6324
-6.65336
-6.67659
-6.69544
-6.70618
-6.70932
-6.70265
-6.69119
-6.67766
-6.66626
-6.66049
-6.65926
-6.66593
-6.67485
-6.68379
-6.69203
-6.69831
-6.70286
-6.70374
-6.70356
-6.70091
-6.69383
-6.68181
-6.66402
-6.63856
-6.61127
-6.58401
-6.55704
-6.53747
-6.52502
-6.51851
-6.51932
-6.52714
-6.54525
-6.56634
-6.58598
-6.60671
-6.62458
-6.6339
-6.63869
-6.63693
-6.62848
-6.61433
-6.60173
-6.58742
-6.57362
-6.56272
-6.55355
-6.55063
-6.55271
-6.55839
-6.56635
-6.57781
-6.59123
-6.60494
-6.6174
-6.62944
-6.64049
-6.65061
-6.66376
-6.67663
-6.68514
-6.69059
-6.69449
-6.69858
-6.70252
-6.70656
-6.71339
-6.71669
-6.71594
-6.70733
-6.69726
-6.68017
-6.65727
-6.63224
-6.60276
-6.57243
-6.54785
-6.53202
-6.53074
-6.54796
-6.57808
-6.61976
-6.66591
-6.70951
-6.74651
-6.77307
-6.78208
-6.78032
-6.76489
-6.7364
-6.70238
-6.66859
-6.64244
-6.62354
-6.61348
-6.61178
-6.61288
-6.61622
-6.6164
-6.61295
-6.60903
-6.60236
-6.59542
-6.58851
-6.58331
-6.58138
-6.57925
-6.5795
-6.58409
-6.59649
-6.61297
-6.63013
-6.64962
-6.66725
-6.68283
-6.69547
-6.69861
-6.69259
-6.68247
-6.65949
-6.63391
-6.60941
-6.58861
-6.57145
-6.56452
-6.5626
-6.56838
-6.57624
-6.58566
-6.5985
-6.60671
-6.61506
-6.62016
-6.62097
-6.61944
-6.61469
-6.61149
-6.60792
-6.59922
-6.59299
-6.58524
-6.57756
-6.56719
-6.55
-6.52799
-6.50305
-6.4838
-6.47323
-6.47455
-6.48563
-6.50544
-6.53068
-6.56197
-6.59273
-6.61683
-6.63738
-6.65296
-6.66587
-6.67712
-6.69088
-6.70715
-6.72325
-6.73763
-6.74488
-6.74516
-6.73405
-6.71189
-6.68518
-6.65601
-6.62735
-6.60338
-6.58985
-6.58668
-6.59139
-6.60367
-6.62288
-6.64842
-6.67627
-6.70522
-6.73585
-6.76041
-6.77989
-6.78849
-6.78499
-6.77068
-6.74504
-6.71175
-6.67107
-6.63306
-6.60122
-6.58016
-6.57112
-6.57166
-6.58441
-6.60403
-6.63288
-6.66539
-6.69748
-6.72027
-6.73835
-6.74407
-6.7392
-6.72322
-6.6962
-6.65966
-6.62062
-6.58545
-6.54814
-6.51777
-6.49332
-6.47629
-6.46743
-6.46604
-6.47402
-6.49445
-6.51953
-6.54773
-6.57747
-6.60858
-6.63398
-6.65524
-6.66919
-6.67553
-6.67161
-6.65908
-6.63721
-6.60942
-6.57561
-6.54476
-6.51816
-6.50228
-6.49378
-6.49909
-6.51522
-6.53896
-6.57088
-6.60697
-6.64841
-6.6869
-6.71949
-6.74671
-6.76556
-6.77136
-6.7672
-6.75409
-6.73359
-6.70743
-6.68255
-6.65571
-6.63442
-6.62506
-6.62242
-6.63029
-6.64557
-6.66717
-6.68996
-6.7089
-6.72461
-6.73465
-6.7375
-6.73469
-6.72397
-6.70563
-6.68342
-6.65989
-6.63543
-6.6165
-6.60389
-6.597
-6.59596
-6.59953
-6.60892
-6.62034
-6.63799
-6.65364
-6.66962
-6.68294
-6.69283
-6.69982
-6.69807
-6.68966
-6.67192
-6.64878
-6.62297
-6.60105
-6.58125
-6.56683
-6.5591
-6.55868
-6.56291
-6.56841
-6.57746
-6.58546
-6.59238
-6.60088
-6.6116
-6.62529
-6.63923
-6.64945
-6.65718
-6.66255
-6.66201
-6.66197
-6.66157
-6.66383
-6.66979
-6.67764
-6.688
-6.69765
-6.70374
-6.70294
-6.69616
-6.68264
-6.66238
-6.6412
-6.62596
-6.61636
-6.61306
-6.61637
-6.61926
-6.62431
-6.62806
-6.62938
-6.62853
-6.62874
-6.62661
-6.62791
-6.63028
-6.63469
-6.64112
-6.64508
-6.64378
-6.64235
-6.64121
-6.6432
-6.65447
-6.67495
-6.69619
-6.70976
-6.71386
-6.70973
-6.69652
-6.67394
-6.64729
-6.61794
-6.58927
-6.56512
-6.55063
-6.54631
-6.54921
-6.55724
-6.56875
-6.58151
-6.58935
-6.59598
-6.60013
-6.60308
-6.60063
-6.60003
-6.59736
-6.59768
-6.60307
-6.61437
-6.63294
-6.6547
-6.67416
-6.68828
-6.69413
-6.6909
-6.68507
-6.67559
-6.65831
-6.63827
-6.61981
-6.60225
-6.59286
-6.58795
-6.59083
-6.59959
-6.61273
-6.62703
-6.63975
-6.65174
-6.66164
-6.67195
-6.6804
-6.68638
-6.69252
-6.69989
-6.70631
-6.71506
-6.72374
-6.72843
-6.72986
-6.72803
-6.71698
-6.69914
-6.67372
-6.6422
-6.61055
-6.58138
-6.55258
-6.53699
-6.52877
-6.53088
-6.54098
-6.55518
-6.57177
-6.59129
-6.61098
-6.63084
-6.64709
-6.65995
-6.67008
-6.67856
-6.68298
-6.68665
-6.68768
-6.68611
-6.68575
-6.68142
-6.67302
-6.65514
-6.62904
-6.59799
-6.56123
-6.52512
-6.49201
-6.46789
-6.45755
-6.46489
-6.49139
-6.5313
-6.57305
-6.61554
-6.65037
-6.67675
-6.69454
-6.70252
-6.70246
-6.69484
-6.68283
-6.66784
-6.65156
-6.63856
-6.62952
-6.62714
-6.63099
-6.64284
-6.66423
-6.68831
-6.71268
-6.73331
-6.74811
-6.75549
-6.75366
-6.74369
-6.72686
-6.70727
-6.68459
-6.66148
-6.63949
-6.61866
-6.60071
-6.58288
-6.57077
-6.56096
-6.5566
-6.5603
-6.56615
-6.57477
-6.58511
-6.59752
-6.61305
-6.62607
-6.63896
-6.65053
-6.65388
-6.65421
-6.6484
-6.64167
-6.63464
-6.62761
-6.61695
-6.60401
-6.58755
-6.57147
-6.55518
-6.54343
-6.53917
-6.54264
-6.55328
-6.57169
-6.59254
-6.61439
-6.63043
-6.64295
-6.65737
-6.66714
-6.67323
-6.67684
-6.67654
-6.67429
-6.67339
-6.67145
-6.66925
-6.66348
-6.65298
-6.64245
-6.62782
-6.61569
-6.60749
-6.60939
-6.61547
-6.62925
-6.64785
-6.66546
-6.67811
-6.68538
-6.68317
-6.67704
-6.66674
-6.65909
-6.65411
-6.65961
-6.67047
-6.68544
-6.69545
-6.69887
-6.69611
-6.68592
-6.67394
-6.66022
-6.65006
-6.64572
-6.64262
-6.63881
-6.62948
-6.61899
-6.60361
-6.58212
-6.56133
-6.53935
-6.52007
-6.50282
-6.4856
-6.47459
-6.46839
-6.47231
-6.48796
-6.51486
-6.5524
-6.5985
-6.64592
-6.68793
-6.7255
-6.74572
-6.7504
-6.74287
-6.72525
-6.69693
-6.66686
-6.64051
-6.61964
-6.61366
-6.61596
-6.62656
-6.64224
-6.65337
-6.66039
-6.65934
-6.66037
-6.66686
-6.67622
-6.69744
-6.71919
-6.73846
-6.75478
-6.75861
-6.75081
-6.73305
-6.70768
-6.67648
-6.63909
-6.60578
-6.58004
-6.56459
-6.55788
-6.55901
-6.56821
-6.58493
-6.60528
-6.6322
-6.6632
-6.69859
-6.7265
-6.75031
-6.76714
-6.77271
-6.76267
-6.74205
-6.71074
-6.67622
-6.64158
-6.61344
-6.59092
-6.57562
-6.56515
-6.55905
-6.55387
-6.55416
-6.55705
-6.56237
-6.56529
-6.56707
-6.56891
-6.56752
-6.57263
-6.58081
-6.59108
-6.60584
-6.62269
-6.64229
-6.65806
-6.67044
-6.68592
-6.69506
-6.70375
-6.71005
-6.71239
-6.71327
-6.70892
-6.70381
-6.70119
-6.69618
-6.69347
-6.68916
-6.68666
-6.68088
-6.6726
-6.66591
-6.65607
-6.64351
-6.63092
-6.6177
-6.60135
-6.58079
-6.55782
-6.53747
-6.52093
-6.51227
-6.51925
-6.54089
-6.57425
-6.60704
-6.6414
-6.67104
-6.69182
-6.70354
-6.70768
-6.70731
-6.70635
-6.70315
-6.70027
-6.69242
-6.67908
-6.66404
-6.64571
-6.63051
-6.62137
-6.61788
-6.62119
-6.63399
-6.65209
-6.67493
-6.69545
-6.71402
-6.73018
-6.73662
-6.73063
-6.71314
-6.688
-6.66117
-6.6347
-6.61121
-6.59099
-6.57875
-6.5765
-6.57979
-6.59032
-6.6075
-6.631
-6.65845
-6.68314
-6.70312
-6.71036
-6.70813
-6.69398
-6.6723
-6.64262
-6.6128
-6.59043
-6.57525
-6.56768
-6.56887
-6.5716
-6.57727
-6.58458
-6.58978
-6.59699
-6.60433
-6.61083
-6.61621
-6.61994
-6.62161
-6.62696
-6.63157
-6.6383
-6.64881
-6.65811
-6.66684
-6.67097
-6.67347
-6.67147
-6.66555
-6.66032
-6.65541
-6.65273
-6.65588
-6.66405
-6.67585
-6.69538
-6.71368
-6.72861
-6.74114
-6.74738
-6.7467
-6.74224
-6.73146
-6.71719
-6.70491
-6.68578
-6.6724
-6.65752
-6.64647
-6.6378
-6.62697
-6.61626
-6.60023
-6.57933
-6.55927
-6.54233
-6.52618
-6.51399
-6.5096
-6.51697
-6.53299
-6.55546
-6.5755
-6.59589
-6.61207
-6.62231
-6.62874
-6.63053
-6.63208
-6.63165
-6.62935
-6.62681
-6.62639
-6.62401
-6.62411
-6.62542
-6.62656
-6.62917
-6.6375
-6.64486
-6.65219
-6.65738
-6.65983
-6.65873
-6.65323
-6.6445
-6.63576
-6.63196
-6.62935
-6.62409
-6.6196
-6.62264
-6.62853
-6.63819
-6.65528
-6.67338
-6.6925
-6.70694
-6.71834
-6.72254
-6.72163
-6.71587
-6.70718
-6.69585
-6.68069
-6.66689
-6.64907
-6.63091
-6.61513
-6.60476
-6.60337
-6.61289
-6.63437
-6.66015
-6.69068
-6.71804
-6.73724
-6.74545
-6.74004
-6.72448
-6.70076
-6.67429
-6.64846
-6.62858
-6.61149
-6.59758
-6.58505
-6.57295
-6.55432
-6.5369
-6.51986
-6.50723
-6.5008
-6.50483
-6.51937
-6.54298
-6.57177
-6.60374
-6.63309
-6.65813
-6.67635
-6.68709
-6.6909
-6.6884
-6.68034
-6.66984
-6.65863
-6.64615
-6.63589
-6.62828
-6.62246
-6.61812
-6.62021
-6.6248
-6.63649
-6.64683
-6.66054
-6.67198
-6.68244
-6.68762
-6.68829
-6.68941
-6.69024
-6.69206
-6.69265
-6.6943
-6.69139
-6.68709
-6.67868
-6.66959
-6.65924
-6.64989
-6.64466
-6.64133
-6.63947
-6.63565
-6.63115
-6.62559
-6.61966
-6.61687
-6.62036
-6.62479
-6.63549
-6.64743
-6.66063
-6.67272
-6.67866
-6.67907
-6.67006
-6.65695
-6.64075
-6.62581
-6.61226
-6.60914
-6.61156
-6.62378
-6.64134
-6.66278
-6.67973
-6.68732
-6.68078
-6.6698
-6.65157
-6.63109
-6.60765
-6.59145
-6.58086
-6.57891
-6.57973
-6.58452
-6.59163
-6.6013
-6.61064
-6.62108
-6.62832
-6.63386
-6.63479
-6.63116
-6.62216
-6.61196
-6.60263
-6.59951
-6.59787
-6.59808
-6.60089
-6.60635
-6.61314
-6.61864
-6.62416
-6.62696
-6.63043
-6.6333
-6.6405
-6.65109
-6.66535
-6.68035
-6.69176
-6.69873
-6.69937
-6.69714
-6.68816
-6.67787
-6.66652
-6.65582
-6.64865
-6.64007
-6.64033
-6.64668
-6.6624
-6.67934
-6.70084
-6.71539
-6.72294
-6.72239
-6.71197
-6.69388
-6.67184
-6.64788
-6.62784
-6.61383
-6.60345
-6.59635
-6.59302
-6.58994
-6.58942
-6.58844
-6.58936
-6.59443
-6.60074
-6.60782
-6.61391
-6.62062
-6.62078
-6.61761
-6.61231
-6.61001
-6.61349
-6.62223
-6.63835
-6.65605
-6.67393
-6.68508
-6.69279
-6.69541
-6.69541
-6.69492
-6.69058
-6.68452
-6.67568
-6.66737
-6.65658
-6.64562
-6.63942
-6.63535
-6.63183
-6.63262
-6.63691
-6.6403
-6.64148
-6.64559
-6.64783
-6.64597
-6.64227
-6.63284
-6.61968
-6.60344
-6.59073
-6.57833
-6.56795
-6.55963
-6.55609
-6.55908
-6.57304
-6.59311
-6.6167
-6.63774
-6.65809
-6.67459
-6.68645
-6.69537
-6.70264
-6.70552
-6.70755
-6.70507
-6.7021
-6.69677
-6.68995
-6.6846
-6.68379
-6.68274
-6.68169
-6.67948
-6.67568
-6.66843
-6.66166
-6.65756
-6.65574
-6.65626
-6.65894
-6.65982
-6.65769
-6.65371
-6.6508
-6.64749
-6.64573
-6.64573
-6.64983
-6.65251
-6.65256
-6.65098
-6.64497
-6.63644
-6.62818
-6.62262
-6.61911
-6.61583
-6.61268
-6.60803
-6.59601
-6.57802
-6.55817
-6.53986
-6.5253
-6.51767
-6.52295
-6.53444
-6.55289
-6.57936
-6.60756
-6.63322
-6.65495
-6.67218
-6.68011
-6.68198
-6.67846
-6.66663
-6.65263
-6.64244
-6.63773
-6.6455
-6.66204
-6.68215
-6.70414
-6.72483
-6.73877
-6.74619
-6.74487
-6.73468
-6.71559
-6.69389
-6.66755
-6.63722
-6.6036
-6.57382
-6.55023
-6.53124
-6.52356
-6.52406
-6.5308
-6.54128
-6.55506
-6.5704
-6.5868
-6.6097
-6.63203
-6.65488
-6.67633
-6.69469
-6.70812
-6.71863
-6.72643
-6.73321
-6.73977
-6.74265
-6.73816
-6.72811
-6.71335
-6.69396
-6.67372
-6.65578
-6.63645
-6.62061
-6.6044
-6.58404
-6.5604
-6.53909
-6.5177
-6.5018
-6.49532
-6.4967
-6.50516
-6.5187
-6.53739
-6.55609
-6.57701
-6.60073
-6.62267
-6.64109
-6.65623
-6.66627
-6.6662
-6.66334
-6.65343
-6.6395
-6.62424
-6.61443
-6.60666
-6.60567
-6.61013
-6.61892
-6.63348
-6.65137
-6.6717
-6.68795
-6.70126
-6.71138
-6.71664
-6.71609
-6.71081
-6.70066
-6.68831
-6.67245
-6.6576
-6.64447
-6.63234
-6.62591
-6.62433
-6.62899
-6.63942
-6.65441
-6.67175
-6.68868
-6.70217
-6.71388
-6.72003
-6.72526
-6.72104
-6.71044
-6.69567
-6.67849
-6.65869
-6.63779
-6.61631
-6.59701
-6.57933
-6.56379
-6.54825
-6.53508
-6.52582
-6.52039
-6.51841
-6.52213
-6.53511
-6.5532
-6.57252
-6.59404
-6.61188
-6.62467
-6.63097
-6.63373
-6.63496
-6.63623
-6.63642
-6.64299
-6.65312
-6.66528
-6.68245
-6.69325
-6.70301
-6.71157
-6.71243
-6.70377
-6.69599
-6.68467
-6.67087
-6.65549
-6.64294
-6.6307
-6.62059
-6.60876
-6.59467
-6.58341
-6.5737
-6.572
-6.57909
-6.59164
-6.61054
-6.63198
-6.65337
-6.66837
-6.67516
-6.6746
-6.66431
-6.64784
-6.62656
-6.60364
-6.58797
-6.58044
-6.58805
-6.60711
-6.63171
-6.65525
-6.67646
-6.68699
-6.68933
-6.6834
-6.67546
-6.6641
-6.65911
-6.65924
-6.66402
-6.67294
-6.6822
-6.69197
-6.6978
-6.70506
-6.70684
-6.70605
-6.70205
-6.69586
-6.68258
-6.66378
-6.64069
-6.6133
-6.58716
-6.5646
-6.54979
-6.54296
-6.54537
-6.55378
-6.56844
-6.58622
-6.60819
-6.63276
-6.65433
-6.67595
-6.69528
-6.70789
-6.71685
-6.71831
-6.71527
-6.7033
-6.68897
-6.67373
-6.65904
-6.64434
-6.62844
-6.61546
-6.60213
-6.59425
-6.59163
-6.59674
-6.60904
-6.62662
-6.64663
-6.66144
-6.67617
-6.67992
-6.68074
-6.67498
-6.6662
-6.65035
-6.6333
-6.61824
-6.60633
-6.60315
-6.60374
-6.60933
-6.61772
-6.6294
-6.64218
-6.65233
-6.66443
-6.6716
-6.67038
-6.66352
-6.65132
-6.63254
-6.61308
-6.59353
-6.57613
-6.56243
-6.55432
-6.54997
-6.55122
-6.55607
-6.56458
-6.5799
-6.59885
-6.6138
-6.62969
-6.64109
-6.64336
-6.63924
-6.63349
-6.62707
-6.6199
-6.6178
-6.61537
-6.61545
-6.61331
-6.61408
-6.6126
-6.61578
-6.62329
-6.63438
-6.64516
-6.65977
-6.67365
-6.68971
-6.70627
-6.72109
-6.73367
-6.74261
-6.74773
-6.74782
-6.74483
-6.7346
-6.71933
-6.70039
-6.67329
-6.64602
-6.61475
-6.58165
-6.55015
-6.52443
-6.50747
-6.50811
-6.52042
-6.54021
-6.56537
-6.58581
-6.59915
-6.60718
-6.60526
-6.59527
-6.5821
-6.56846
-6.55477
-6.54087
-6.53034
-6.52969
-6.53584
-6.5495
-6.56952
-6.59608
-6.62079
-6.64522
-6.66256
-6.67649
-6.68636
-6.69395
-6.69958
-6.70179
-6.70112
-6.69923
-6.69332
-6.68787
-6.68171
-6.67811
-6.67114
-6.66329
-6.65531
-6.64931
-6.64391
-6.64585
-6.65296
-6.66589
-6.68318
-6.69802
-6.71078
-6.71249
-6.70694
-6.68969
-6.67021
-6.65351
-6.64207
-6.63981
-6.64806
-6.66884
-6.6962
-6.72361
-6.74986
-6.77132
-6.78202
-6.77982
-6.76149
-6.73218
-6.68908
-6.63299
-6.575
-6.51692
-6.46389
-6.42036
-6.39135
-6.37794
-6.38532
-6.40593
-6.43911
-6.47746
-6.52142
-6.56771
-6.61041
-6.64538
-6.6742
-6.69704
-6.70878
-6.71028
-6.70303
-6.68972
-6.67439
-6.65728
-6.64413
-6.63301
-6.62297
-6.61451
-6.6115
-6.61067
-6.61339
-6.62066
-6.63154
-6.64752
-6.66468
-6.67723
-6.68578
-6.69197
-6.69616
-6.69984
-6.69852
-6.69731
-6.69277
-6.69392
-6.69832
-6.7058
-6.71758
-6.73441
-6.74873
-6.76161
-6.76948
-6.77071
-6.76657
-6.7528
-6.72898
-6.69887
-6.66009
-6.61551
-6.57045
-6.52804
-6.49694
-6.48163
-6.48143
-6.49477
-6.51695
-6.53766
-6.54899
-6.55537
-6.55347
-6.54671
-6.53655
-6.52879
-6.52602
-6.52601
-6.53504
-6.55107
-6.57494
-6.6045
-6.63331
-6.6594
-6.6795
-6.69237
-6.69684
-6.69448
-6.68027
-6.65392
-6.62494
-6.5914
-6.56279
-6.54239
-6.52999
-6.52878
-6.53429
-6.54769
-6.56793
-6.58991
-6.61057
-6.62857
-6.64504
-6.65807
-6.66511
-6.66932
-6.66712
-6.6593
-6.64619
-6.62887
-6.6122
-6.59916
-6.59485
-6.59689
-6.60819
-6.63182
-6.66178
-6.69739
-6.73367
-6.7649
-6.78678
-6.80037
-6.80153
-6.79417
-6.77887
-6.76029
-6.73664
-6.70982
-6.67742
-6.64555
-6.61639
-6.59576
-6.58493
-6.58527
-6.59802
-6.62002
-6.64905
-6.67845
-6.70281
-6.71989
-6.72742
-6.7212
-6.70328
-6.67934
-6.64967
-6.61853
-6.58948
-6.55448
-6.52544
-6.49831
-6.4773
-6.46312
-6.46219
-6.47314
-6.49342
-6.52027
-6.54959
-6.57449
-6.59542
-6.6049
-6.6096
-6.60682
-6.6007
-6.5941
-6.58801
-6.58659
-6.58914
-6.59869
-6.6149
-6.63983
-6.66898
-6.70313
-6.73633
-6.76514
-6.7858
-6.79668
-6.79887
-6.78836
-6.76774
-6.74099
-6.70233
-6.66201
-6.62344
-6.5878
-6.56128
-6.54938
-6.54968
-6.55893
-6.5803
-6.60652
-6.63297
-6.6587
-6.6789
-6.6973
-6.7075
-6.71168
-6.71232
-6.71001
-6.70599
-6.6977
-6.68461
-6.66872
-6.64937
-6.63313
-6.61724
-6.60029
-6.58829
-6.58261
-6.58027
-6.58309
-6.58958
-6.60143
-6.61612
-6.63268
-6.64489
-6.65021
-6.65091
-6.64361
-6.63037
-6.61496
-6.6051
-6.60069
-6.60158
-6.6087
-6.61817
-6.62531
-6.63046
-6.62896
-6.62245
-6.60659
-6.58863
-6.56568
-6.54794
-6.53387
-6.52516
-6.52417
-6.5287
-6.54019
-6.56109
-6.58744
-6.61502
-6.64676
-6.67805
-6.70644
-6.72619
-6.73578
-6.73431
-6.72188
-6.69914
-6.66616
-6.63437
-6.60041
-6.57485
-6.55536
-6.54987
-6.55213
-6.56415
-6.5857
-6.61091
-6.63525
-6.65506
-6.67251
-6.68162
-6.68676
-6.68822
-6.68711
-6.68819
-6.68757
-6.69001
-6.69388
-6.6932
-6.69375
-6.69392
-6.69237
-6.69135
-6.68987
-6.68334
-6.67242
-6.65803
-6.64224
-6.6251
-6.61407
-6.60767
-6.60816
-6.61477
-6.62924
-6.64629
-6.65994
-6.6725
-6.67671
-6.67373
-6.66688
-6.65217
-6.63597
-6.62105
-6.60577
-6.59447
-6.58898
-6.59049
-6.59905
-6.6124
-6.63005
-6.6479
-6.66254
-6.6783
-6.6954
-6.70656
-6.71171
-6.7157
-6.71426
-6.70711
-6.69152
-6.66816
-6.63625
-6.60149
-6.56911
-6.53988
-6.51722
-6.50101
-6.48807
-6.48331
-6.48089
-6.48899
-6.50049
-6.51568
-6.53447
-6.56014
-6.58361
-6.61014
-6.63639
-6.66573
-6.69522
-6.72546
-6.75199
-6.77533
-6.79002
-6.79972
-6.79941
-6.79496
-6.78391
-6.77156
-6.75597
-6.73742
-6.71749
-6.69496
-6.67592
-6.6591
-6.64393
-6.63215
-6.62239
-6.6201
-6.61917
-6.61771
-6.61491
-6.61
-6.60032
-6.59132
-6.58149
-6.57493
-6.57626
-6.58157
-6.59278
-6.60873
-6.62618
-6.63948
-6.65036
-6.65512
-6.65863
-6.65916
-6.66057
-6.65681
-6.65135
-6.64058
-6.62475
-6.60619
-6.58943
-6.57831
-6.5675
-6.56281
-6.56031
-6.5629
-6.56686
-6.56932
-6.57285
-6.57788
-6.57989
-6.57828
-6.57591
-6.57313
-6.57243
-6.57426
-6.58105
-6.59108
-6.60334
-6.62031
-6.64146
-6.66485
-6.68964
-6.71696
-6.74188
-6.76552
-6.78103
-6.79242
-6.79475
-6.78765
-6.77384
-6.75119
-6.72052
-6.69113
-6.66004
-6.6317
-6.60597
-6.58533
-6.5669
-6.55222
-6.54053
-6.53694
-6.53909
-6.54873
-6.56535
-6.58887
-6.61273
-6.63114
-6.63992
-6.63802
-6.62576
-6.60684
-6.58291
-6.56128
-6.54686
-6.5369
-6.53982
-6.55244
-6.57219
-6.59993
-6.63377
-6.66864
-6.7042
-6.73371
-6.7557
-6.76587
-6.76623
-6.7553
-6.73617
-6.7103
-6.68202
-6.65397
-6.62815
-6.60957
-6.59777
-6.5953
-6.60103
-6.61061
-6.62116
-6.63056
-6.63835
-6.6431
-6.64278
-6.63936
-6.63773
-6.63229
-6.62795
-6.62355
-6.62509
-6.62381
-6.62465
-6.62587
-6.62698
-6.63248
-6.64139
-6.6523
-6.66516
-6.67393
-6.68397
-6.69055
-6.69164
-6.68858
-6.68156
-6.6714
-6.66399
-6.65881
-6.6543
-6.64875
-6.64577
-6.64302
-6.63815
-6.6317
-6.62269
-6.61109
-6.59484
-6.5744
-6.54978
-6.52576
-6.50392
-6.48655
-6.48435
-6.49604
-6.52164
-6.55964
-6.60237
-6.64619
-6.68282
-6.71162
-6.7296
-6.73637
-6.73294
-6.72202
-6.70755
-6.68902
-6.6698
-6.65032
-6.63734
-6.632
-6.63332
-6.64088
-6.65243
-6.65936
-6.65774
-6.64609
-6.62538
-6.60781
-6.59977
-6.60067
-6.61499
-6.63518
-6.66066
-6.68529
-6.70606
-6.71457
-6.71347
-6.70124
-6.68004
-6.6536
-6.63054
-6.61226
-6.6037
-6.60423
-6.607
-6.61302
-6.61903
-6.62835
-6.63951
-6.65182
-6.66776
-6.68602
-6.70478
-6.71943
-6.73231
-6.73673
-6.73303
-6.72314
-6.70748
-6.68826
-6.6727
-6.66039
-6.65765
-6.66139
-6.67115
-6.68577
-6.70053
-6.7103
-6.71694
-6.71333
-6.70121
-6.68261
-6.65561
-6.62249
-6.58256
-6.54214
-6.49822
-6.45709
-6.42441
-6.40391
-6.39572
-6.40109
-6.41914
-6.44998
-6.48704
-6.52747
-6.56943
-6.60774
-6.64287
-6.67115
-6.69578
-6.71544
-6.72386
-6.72529
-6.71633
-6.69591
-6.67237
-6.64711
-6.61934
-6.59668
-6.5813
-6.56932
-6.56275
-6.55802
-6.55946
-6.56549
-6.57605
-6.58975
-6.61673
-6.64439
-6.6729
-6.69934
-6.72505
-6.74583
-6.75685
-6.75621
-6.74928
-6.73198
-6.70637
-6.68062
-6.66005
-6.64477
-6.64105
-6.64461
-6.65325
-6.66436
-6.67702
-6.68686
-6.6931
-6.69623
-6.69291
-6.68918
-6.67794
-6.65918
-6.63737
-6.60941
-6.58176
-6.55932
-6.54427
-6.53387
-6.53334
-6.54049
-6.55063
-6.56468
-6.58122
-6.59735
-6.61232
-6.62557
-6.633
-6.63706
-6.63534
-6.6283
-6.624
-6.62198
-6.62204
-6.62127
-6.62319
-6.62356
-6.62399
-6.62182
-6.62324
-6.62737
-6.63628
-6.64506
-6.65539
-6.66806
-6.67543
-6.68087
-6.68172
-6.67568
-6.66371
-6.6473
-6.62667
-6.61027
-6.59349
-6.58082
-6.57281
-6.57257
-6.58177
-6.60221
-6.6332
-6.66914
-6.70334
-6.7385
-6.76689
-6.78931
-6.79842
-6.79736
-6.78513
-6.76266
-6.72677
-6.68447
-6.64389
-6.60566
-6.57282
-6.54927
-6.53196
-6.52734
-6.5277
-6.53703
-6.55268
-6.56877
-6.59075
-6.61038
-6.62365
-6.63222
-6.6347
-6.6299
-6.62257
-6.61462
-6.61338
-6.61585
-6.62518
-6.63788
-6.65136
-6.66059
-6.66662
-6.67136
-6.67196
-6.67381
-6.67708
-6.68051
-6.68176
-6.68075
-6.67608
-6.66876
-6.66469
-6.65942
-6.65814
-6.65684
-6.65489
-6.6517
-6.64907
-6.64831
-6.65215
-6.66109
-6.67532
-6.69458
-6.71094
-6.72541
-6.73427
-6.73171
-6.72368
-6.70315
-6.66944
-6.62892
-6.58283
-6.53658
-6.49703
-6.46535
-6.45184
-6.45908
-6.48851
-6.53311
-6.58597
-6.63547
-6.67863
-6.70679
-6.71999
-6.71742
-6.70099
-6.67763
-6.65248
-6.62815
-6.61232
-6.60413
-6.6055
-6.6153
-6.628
-6.64351
-6.65796
-6.66956
-6.67692
-6.67399
-6.66108
-6.64272
-6.62293
-6.60174
-6.58515
-6.57371
-6.56776
-6.56924
-6.57448
-6.58604
-6.59954
-6.6153
-6.63277
-6.6523
-6.6747
-6.69775
-6.71998
-6.74053
-6.75779
-6.77125
-6.7766
-6.77908
-6.77488
-6.76522
-6.75101
-6.73302
-6.7079
-6.67767
-6.64298
-6.61182
-6.58104
-6.55365
-6.52889
-6.50554
-6.48996
-6.47883
-6.4719
-6.46808
-6.46762
-6.47209
-6.48152
-6.49763
-6.51523
-6.53589
-6.55604
-6.57854
-6.60046
-6.62067
-6.64011
-6.65527
-6.67013
-6.68329
-6.69059
-6.6972
-6.70018
-6.6987
-6.69523
-6.69399
-6.69635
-6.70299
-6.71153
-6.72331
-6.73337
-6.73803
-6.73714
-6.73059
-6.71607
-6.70205
-6.68668
-6.67456
-6.66215
-6.65468
-6.65053
-6.65314
-6.65744
-6.66202
-6.6661
-6.66952
-6.66817
-6.66539
-6.65189
-6.63482
-6.61824
-6.59775
-6.57984
-6.56308
-6.54814
-6.53458
-6.52403
-6.51458
-6.50642
-6.49991
-6.49826
-6.50263
-6.51275
-6.52924
-6.55168
-6.57789
-6.60566
-6.63436
-6.66049
-6.68189
-6.69701
-6.70545
-6.70979
-6.7084
-6.7038
-6.69652
-6.68141
-6.65922
-6.63516
-6.60886
-6.58197
-6.55358
-6.53245
-6.52023
-6.52056
-6.53338
-6.55898
-6.5883
-6.62433
-6.65858
-6.68932
-6.71666
-6.7366
-6.7507
-6.75356
-6.74898
-6.73839
-6.72281
-6.7083
-6.6936
-6.68065
-6.66734
-6.6542
-6.63987
-6.62456
-6.61018
-6.60087
-6.59904
-6.59978
-6.60085
-6.60186
-6.60337
-6.60301
-6.59765
-6.58991
-6.58001
-6.56645
-6.55474
-6.54378
-6.53728
-6.53632
-6.53968
-6.54971
-6.56167
-6.56946
-6.57749
-6.58488
-6.59381
-6.60525
-6.62073
-6.63368
-6.64602
-6.65406
-6.66131
-6.66449
-6.66675
-6.66553
-6.66446
-6.66683
-6.67053
-6.67162
-6.6778
-6.68293
-6.68458
-6.68361
-6.68148
-6.67468
-6.66953
-6.66546
-6.65887
-6.654
-6.64996
-6.64699
-6.64543
-6.64765
-6.65136
-6.65549
-6.66385
-6.67476
-6.67935
-6.68012
-6.67549
-6.66429
-6.64785
-6.62816
-6.6067
-6.58678
-6.56958
-6.55811
-6.55705
-6.56541
-6.58137
-6.60311
-6.62842
-6.65113
-6.67066
-6.68822
-6.70138
-6.71202
-6.71927
-6.72169
-6.71679
-6.70346
-6.68794
-6.66996
-6.65015
-6.63289
-6.62
-6.61025
-6.60404
-6.59995
-6.59277
-6.58454
-6.57199
-6.55722
-6.53924
-6.52219
-6.5049
-6.4918
-6.47846
-6.47235
-6.47062
-6.47665
-6.48777
-6.5071
-6.53615
-6.5722
-6.60926
-6.64753
-6.68403
-6.71359
-6.7292
-6.73562
-6.73082
-6.71816
-6.69919
-6.67809
-6.6528
-6.6299
-6.60936
-6.59511
-6.58855
-6.58995
-6.59684
-6.60746
-6.62041
-6.63483
-6.64517
-6.65276
-6.6571
-6.66231
-6.67246
-6.68269
-6.69507
-6.71095
-6.72736
-6.73895
-6.74597
-6.74661
-6.73693
-6.72022
-6.69662
-6.6721
-6.64825
-6.6344
-6.6286
-6.63024
-6.63716
-6.64282
-6.64921
-6.64753
-6.64009
-6.62607
-6.60947
-6.59194
-6.57683
-6.56458
-6.55775
-6.55336
-6.5594
-6.56782
-6.58636
-6.61012
-6.63924
-6.67154
-6.69932
-6.72273
-6.73704
-6.7397
-6.73126
-6.70872
-6.67795
-6.64041
-6.59995
-6.55912
-6.52103
-6.48883
-6.46662
-6.4559
-6.45645
-6.47065
-6.49708
-6.53219
-6.56694
-6.60089
-6.63047
-6.65356
-6.6729
-6.6852
-6.69389
-6.69709
-6.69965
-6.70232
-6.70219
-6.69998
-6.69717
-6.68962
-6.67746
-6.66511
-6.64841
-6.63211
-6.61505
-6.6002
-6.59162
-6.58841
-6.59225
-6.60208
-6.61909
-6.63325
-6.64572
-6.65378
-6.65888
-6.66067
-6.66172
-6.66275
-6.66354
-6.66524
-6.65981
-6.65269
-6.64243
-6.63346
-6.62609
-6.62038
-6.62064
-6.62287
-6.62979
-6.63966
-6.65375
-6.67033
-6.68419
-6.69524
-6.7004
-6.69857
-6.691
-6.67574
-6.65403
-6.6274
-6.60038
-6.57387
-6.54975
-6.53015
-6.52067
-6.52389
-6.54136
-6.5664
-6.59057
-6.61494
-6.63038
-6.63991
-6.64557
-6.6468
-6.64201
-6.63294
-6.62398
-6.60922
-6.59616
-6.57831
-6.55985
-6.53851
-6.51914
-6.50539
-6.50182
-6.50625
-6.52347
-6.54802
-6.57942
-6.61622
-6.65417
-6.6939
-6.72967
-6.75395
-6.77467
-6.78377
-6.78278
-6.77597
-6.76521
-6.75359
-6.74357
-6.73597
-6.73766
-6.74002
-6.74679
-6.75256
-6.75783
-6.75396
-6.74043
-6.71523
-6.68565
-6.65065
-6.61384
-6.57532
-6.54244
-6.51464
-6.49986
-6.49721
-6.50617
-6.52787
-6.55729
-6.59025
-6.62121
-6.64609
-6.66507
-6.67009
-6.66273
-6.64825
-6.62616
-6.5989
-6.57069
-6.54726
-6.52991
-6.52131
-6.52242
-6.53128
-6.55265
-6.58195
-6.61326
-6.64312
-6.6691
-6.68627
-6.69156
-6.68767
-6.67563
-6.65243
-6.62324
-6.59418
-6.56554
-6.54005
-6.52105
-6.51166
-6.51492
-6.52686
-6.5486
-6.57605
-6.6078
-6.63769
-6.66276
-6.68068
-6.6907
-6.69475
-6.69721
-6.69884
-6.69794
-6.70132
-6.712
-6.72239
-6.738
-6.75524
-6.76919
-6.7803
-6.78298
-6.77076
-6.75077
-6.72305
-6.68823
-6.65238
-6.61996
-6.59682
-6.58228
-6.58296
-6.59151
-6.60774
-6.62878
-6.65034
-6.67023
-6.68828
-6.69918
-6.70374
-6.70073
-6.69101
-6.6788
-6.66625
-6.65638
-6.64854
-6.64564
-6.64214
-6.64009
-6.64053
-6.63954
-6.63697
-6.6335
-6.62737
-6.62275
-6.61539
-6.61145
-6.60826
-6.60874
-6.61437
-6.62002
-6.62579
-6.62986
-6.63043
-6.62808
-6.62706
-6.6288
-6.63144
-6.63925
-6.6485
-6.65609
-6.66046
-6.66151
-6.65831
-6.65187
-6.6448
-6.63933
-6.64204
-6.64682
-6.64999
-6.65428
-6.65015
-6.64222
-6.63067
-6.61465
-6.60177
-6.59272
-6.59314
-6.59925
-6.60888
-6.62497
-6.63852
-6.64781
-6.65257
-6.6489
-6.64258
-6.63753
-6.63847
-6.6424
-6.65221
-6.66559
-6.68428
-6.70499
-6.72115
-6.73352
-6.73445
-6.72395
-6.70406
-6.67943
-6.65193
-6.62649
-6.61352
-6.60686
-6.60798
-6.61674
-6.62847
-6.63485
-6.63959
-6.63833
-6.6316
-6.6227
-6.61153
-6.6013
-6.5916
-6.5833
-6.57995
-6.57793
-6.57825
-6.58484
-6.59357
-6.60489
-6.61618
-6.62825
-6.63825
-6.64701
-6.65467
-6.6595
-6.66564
-6.67252
-6.67222
-6.66929
-6.66158
-6.64469
-6.62413
-6.59702
-6.57011
-6.54006
-6.50954
-6.48074
-6.45777
-6.44521
-6.44417
-6.46021
-6.49624
-6.54621
-6.60718
-6.66972
-6.73035
-6.77826
-6.81305
-6.83098
-6.8314
-6.81726
-6.78569
-6.75018
-6.70751
-6.66636
-6.63236
-6.60987
-6.59816
-6.5995
-6.6067
-6.62099
-6.63633
-6.65218
-6.66466
-6.67519
-6.68209
-6.68387
-6.68208
-6.67677
-6.66804
-6.65696
-6.64838
-6.64216
-6.63615
-6.63269
-6.62975
-6.62943
-6.62782
-6.62635
-6.62501
-6.62161
-6.62029
-6.6188
-6.61834
-6.61964
-6.61912
-6.61712
-6.61126
-6.60276
-6.59381
-6.5821
-6.57531
-6.56849
-6.56619
-6.56363
-6.55877
-6.55601
-6.55238
-6.54588
-6.5436
-6.54334
-6.55296
-6.56769
-6.58782
-6.60866
-6.62873
-6.65178
-6.66936
-6.68553
-6.69908
-6.71478
-6.72558
-6.73322
-6.73318
-6.72874
-6.72102
-6.70715
-6.69323
-6.67896
-6.66551
-6.65443
-6.64947
-6.6479
-6.64387
-6.63987
-6.63355
-6.62716
-6.61257
-6.59706
-6.5763
-6.5581
-6.53793
-6.52619
-6.52159
-6.52483
-6.53367
-6.55171
-6.57338
-6.59714
-6.62371
-6.65186
-6.67417
-6.69514
-6.71455
-6.73299
-6.74279
-6.74918
-6.74705
-6.73961
-6.72318
-6.69808
-6.66434
-6.63295
-6.60667
-6.58443
-6.57264
-6.57613
-6.58675
-6.60315
-6.62114
-6.63946
-6.65337
-6.66109
-6.66919
-6.67325
-6.67742
-6.68418
-6.69245
-6.702
-6.71263
-6.72261
-6.72721
-6.73045
-6.72478
-6.71344
-6.69826
-6.67802
-6.65807
-6.64431
-6.63331
-6.63228
-6.63327
-6.63626
-6.6369
-6.63938
-6.63899
-6.63736
-6.63424
-6.62654
-6.616
-6.5981
-6.57947
-6.55993
-6.53952
-6.51607
-6.503
-6.49729
-6.50227
-6.51936
-6.54711
-6.58546
-6.62792
-6.66886
-6.70622
-6.7355
-6.75632
-6.76443
-6.76197
-6.74972
-6.72895
-6.70259
-6.67572
-6.65177
-6.63121
-6.61468
-6.60076
-6.59164
-6.59412
-6.59662
-6.60092
-6.6065
-6.61361
-6.62096
-6.63318
-6.64367
-6.6512
-6.66124
-6.66944
-6.67582
-6.677
-6.68119
-6.68205
-6.67914
-6.67681
-6.67395
-6.67051
-6.6634
-6.65238
-6.64296
-6.62875
-6.61919
-6.6123
-6.60912
-6.61194
-6.62111
-6.63876
-6.65772
-6.67383
-6.68555
-6.68881
-6.68637
-6.67657
-6.66409
-6.64987
-6.63368
-6.61847
-6.60329
-6.58763
-6.57907
-6.57131
-6.57191
-6.57533
-6.58415
-6.59728
-6.60764
-6.61778
-6.62564
-6.63296
-6.63658
-6.63631
-6.63178
-6.62866
-6.62902
-6.63338
-6.64232
-6.65453
-6.66783
-6.68169
-6.69239
-6.69304
-6.69017
-6.68141
-6.66761
-6.65367
-6.6391
-6.62681
-6.61881
-6.6169
-6.62062
-6.62633
-6.63595
-6.6476
-6.65989
-6.66717
-6.67146
-6.67129
-6.66532
-6.65112
-6.63406
-6.61641
-6.59994
-6.58231
-6.56687
-6.55668
-6.55071
-6.54352
-6.53981
-6.53874
-6.54277
-6.55514
-6.57606
-6.60803
-6.64628
-6.68938
-6.72821
-6.76048
-6.78448
-6.80063
-6.80494
-6.79926
-6.78733
-6.76624
-6.74287
-6.71936
-6.69798
-6.67418
-6.65084
-6.63195
-6.61198
-6.5966
-6.58357
-6.57807
-6.5781
-6.58093
-6.5863
-6.58835
-6.58992
-6.58895
-6.58366
-6.57709
-6.56804
-6.56117
-6.55322
-6.5462
-6.54029
-6.53331
-6.52563
-6.51689
-6.50915
-6.50294
-6.49629
-6.49486
-6.49839
-6.50608
-6.51821
-6.53555
-6.55794
-6.58895
-6.62784
-6.67383
-6.71762
-6.75846
-6.78883
-6.80813
-6.81382
-6.80507
-6.78882
-6.76413
-6.73857
-6.71325
-6.69355
-6.68241
-6.67415
-6.66986
-6.67148
-6.67254
-6.6724
-6.67099
-6.66394
-6.65221
-6.63783
-6.61737
-6.59788
-6.58014
-6.5706
-6.56686
-6.57031
-6.57651
-6.58684
-6.59886
-6.60774
-6.61141
-6.61128
-6.60749
-6.60259
-6.59548
-6.58864
-6.58611
-6.58634
-6.58948
-6.59821
-6.61203
-6.62948
-6.6417
-6.64577
-6.64527
-6.63862
-6.62976
-6.61765
-6.60931
-6.60609
-6.60463
-6.60416
-6.60135
-6.599
-6.59803
-6.59814
-6.60372
-6.61088
-6.62071
-6.63345
-6.6481
-6.66282
-6.67512
-6.68434
-6.69056
-6.69207
-6.68802
-6.68103
-6.67436
-6.66485
-6.65935
-6.64903
-6.63923
-6.63356
-6.62787
-6.62357
-6.62046
-6.61895
-6.61866
-6.62195
-6.62622
-6.63512
-6.64326
-6.65398
-6.66702
-6.67891
-6.69075
-6.7017
-6.70829
-6.71163
-6.71409
-6.71795
-6.72218
-6.72747
-6.73707
-6.74676
-6.756
-6.75873
-6.75265
-6.73779
-6.70927
-6.66963
-6.62621
-6.58223
-6.538
-6.50029
-6.46986
-6.44994
-6.44544
-6.45844
-6.48692
-6.52252
-6.56357
-6.60512
-6.63875
-6.66353
-6.67723
-6.68185
-6.67876
-6.66554
-6.64647
-6.62191
-6.59985
-6.58103
-6.57221
-6.57469
-6.58807
-6.61304
-6.64755
-6.68517
-6.72347
-6.75888
-6.78761
-6.79962
-6.79843
-6.78448
-6.75643
-6.72447
-6.68678
-6.64777
-6.6147
-6.58689
-6.5712
-6.56622
-6.57172
-6.58238
-6.59545
-6.60536
-6.61338
-6.61283
-6.60741
-6.60207
-6.60054
-6.60741
-6.62011
-6.63852
-6.65875
-6.67744
-6.6905
-6.69794
-6.69971
-6.70062
-6.70216
-6.70417
-6.70554
-6.70716
-6.7025
-6.69441
-6.68165
-6.66172
-6.64078
-6.61897
-6.60167
-6.59236
-6.59177
-6.60172
-6.61442
-6.62341
-6.62946
-6.63063
-6.63149
-6.62501
-6.62135
-6.61458
-6.60867
-6.60302
-6.59802
-6.59278
-6.59037
-6.59053
-6.58838
-6.58527
-6.57763
-6.56487
-6.55221
-6.54455
-6.54644
-6.56175
-6.59015
-6.62613
-6.66202
-6.68873
-6.7075
-6.71478
-6.71183
-6.69723
-6.67691
-6.65383
-6.62929
-6.61158
-6.59919
-6.60454
-6.62203
-6.64827
-6.6771
-6.70084
-6.71787
-6.72287
-6.71852
-6.70418
-6.68513
-6.65954
-6.63071
-6.60396
-6.58034
-6.55953
-6.54277
-6.52911
-6.52066
-6.51727
-6.52035
-6.53207
-6.54937
-6.57057
-6.59447
-6.61491
-6.63423
-6.6508
-6.66664
-6.67853
-6.68862
-6.69832
-6.70629
-6.71844
-6.72908
-6.7386
-6.75189
-6.76189
-6.77097
-6.77534
-6.77353
-6.76177
-6.74498
-6.72368
-6.6945
-6.66994
-6.64811
-6.62894
-6.61278
-6.60261
-6.59798
-6.59607
-6.59439
-6.595
-6.59474
-6.59841
-6.60145
-6.60216
-6.59704
-6.59236
-6.5883
-6.58379
-6.5856
-6.59203
-6.60106
-6.61049
-6.61753
-6.62089
-6.62342
-6.62688
-6.63146
-6.63623
-6.64355
-6.64897
-6.65366
-6.6565
-6.65705
-6.6516
-6.64376
-6.63447
-6.62271
-6.60903
-6.59092
-6.57531
-6.55782
-6.54156
-6.52343
-6.51079
-6.50456
-6.50062
-6.50931
-6.52603
-6.55092
-6.58429
-6.62096
-6.65457
-6.68439
-6.70397
-6.71361
-6.71281
-6.70401
-6.6933
-6.68318
-6.6788
-6.68038
-6.68838
-6.69888
-6.70933
-6.72301
-6.73619
-6.7432
-6.74214
-6.72882
-6.70731
-6.67439
-6.63761
-6.60315
-6.57485
-6.56125
-6.56581
-6.58665
-6.61469
-6.64145
-6.66454
-6.67441
-6.67394
-6.66215
-6.6426
-6.62039
-6.60212
-6.59217
-6.58812
-6.59471
-6.60858
-6.62365
-6.64056
-6.65163
-6.66012
-6.6646
-6.66328
-6.65759
-6.64912
-6.63952
-6.62765
-6.61601
-6.6029
-6.58824
-6.57208
-6.55721
-6.54327
-6.53697
-6.53752
-6.54952
-6.56605
-6.58618
-6.6117
-6.63548
-6.65628
-6.67302
-6.68193
-6.6864
-6.69014
-6.69029
-6.68673
-6.68165
-6.67578
-6.67056
-6.66449
-6.65693
-6.64944
-6.64153
-6.62914
-6.61132
-6.59383
-6.57456
-6.55736
-6.54651
-6.54112
-6.54861
-6.56185
-6.57852
-6.59773
-6.61351
-6.62498
-6.63001
-6.63417
-6.63534
-6.63903
-6.6412
-6.64637
-6.65096
-6.65452
-6.65635
-6.65366
-6.6487
-6.64466
-6.63828
-6.63065
-6.62606
-6.62461
-6.62243
-6.61947
-6.61673
-6.61541
-6.61157
-6.60589
-6.60123
-6.59484
-6.59041
-6.58091
-6.57375
-6.56576
-6.55742
-6.55651
-6.5597
-6.56847
-6.58095
-6.59886
-6.61834
-6.6417
-6.66683
-6.68757
-6.70642
-6.71885
-6.72386
-6.72041
-6.71403
-6.70124
-6.67884
-6.65942
-6.63998
-6.62409
-6.61284
-6.60977
-6.61697
-6.62787
-6.64072
-6.65592
-6.66529
-6.67531
-6.68233
-6.68656
-6.68893
-6.68688
-6.68095
-6.66818
-6.65243
-6.63387
-6.61872
-6.6054
-6.5981
-6.5986
-6.61078
-6.63072
-6.65802
-6.68485
-6.71133
-6.72761
-6.73237
-6.72522
-6.70878
-6.68852
-6.67019
-6.65686
-6.64693
-6.64567
-6.64996
-6.65331
-6.65631
-6.65833
-6.65489
-6.64849
-6.63706
-6.62251
-6.60911
-6.59642
-6.59145
-6.5896
-6.59465
-6.60481
-6.61209
-6.61479
-6.61031
-6.59703
-6.58359
-6.56797
-6.55349
-6.54454
-6.54173
-6.54324
-6.54952
-6.55925
-6.56966
-6.58109
-6.59442
-6.60602
-6.61943
-6.63269
-6.64431
-6.65684
-6.67129
-6.6824
-6.69398
-6.70245
-6.70904
-6.71095
-6.70862
-6.70756
-6.70064
-6.69498
-6.69226
-6.69014
-6.68681
-6.67884
-6.66856
-6.65209
-6.63132
-6.60984
-6.59588
-6.59404
-6.60739
-6.63334
-6.66875
-6.70625
-6.73817
-6.76169
-6.77294
-6.7724
-6.75781
-6.73212
-6.70023
-6.6627
-6.62418
-6.59168
-6.56467
-6.54516
-6.53103
-6.52351
-6.52185
-6.52838
-6.53974
-6.55398
-6.57137
-6.59076
-6.61334
-6.63183
-6.64811
-6.66109
-6.66493
-6.66143
-6.65022
-6.63293
-6.61726
-6.60444
-6.60068
-6.60157
-6.60759
-6.61579
-6.62248
-6.62406
-6.62319
-6.62126
-6.61861
-6.61813
-6.61972
-6.62327
-6.62375
-6.62466
-6.62493
-6.6248
-6.62829
-6.63204
-6.6361
-6.64347
-6.65174
-6.6561
-6.65877
-6.65908
-6.65769
-6.65731
-6.65765
-6.66134
-6.66432
-6.66809
-6.67009
-6.66899
-6.66518
-6.6536
-6.64074
-6.62602
-6.61059
-6.60045
-6.60101
-6.6085
-6.62381
-6.64098
-6.65722
-6.66537
-6.6668
-6.66599
-6.65937
-6.65093
-6.64202
-6.63488
-6.63133
-6.62723
-6.62284
-6.62371
-6.62613
-6.63382
-6.64585
-6.65856
-6.67177
-6.67866
-6.68302
-6.68403
-6.67817
-6.66816
-6.65379
-6.63539
-6.61371
-6.59281
-6.57193
-6.55457
-6.54034
-6.52768
-6.52076
-6.51871
-6.52184
-6.5301
-6.54083
-6.55759
-6.58203
-6.60697
-6.6339
-6.661
-6.68972
-6.71287
-6.73196
-6.74446
-6.75151
-6.74829
-6.74595
-6.74496
-6.7411
-6.74087
-6.73698
-6.73421
-6.73346
-6.72914
-6.71895
-6.70609
-6.68638
-6.66376
-6.64009
-6.61372
-6.58704
-6.56262
-6.54282
-6.53178
-6.52341
-6.52159
-6.52276
-6.53007
-6.54066
-6.5554
-6.57559
-6.59962
-6.62461
-6.6497
-6.67219
-6.69148
-6.70241
-6.7081
-6.70799
-6.70812
-6.70421
-6.70171
-6.69612
-6.69607
-6.69823
-6.70032
-6.70422
-6.71133
-6.71419
-6.7162
-6.71216
-6.70592
-6.69818
-6.68564
-6.66954
-6.65129
-6.63003
-6.61322
-6.59523
-6.58035
-6.57143
-6.57075
-6.57729
-6.58867
-6.59902
-6.60978
-6.62098
-6.62748
-6.63086
-6.63218
-6.63478
-6.63755
-6.64113
-6.64767
-6.65617
-6.66625
-6.67882
-6.69369
-6.7062
-6.71258
-6.7206
-6.71867
-6.70912
-6.69318
-6.66942
-6.64116
-6.61458
-6.59101
-6.57551
-6.56314
-6.55901
-6.55722
-6.5588
-6.56194
-6.56366
-6.56339
-6.55914
-6.55098
-6.54373
-6.53573
-6.53459
-6.54431
-6.55954
-6.58722
-6.62349
-6.65811
-6.69123
-6.71752
-6.73421
-6.74127
-6.73839
-6.72906
-6.71602
-6.69838
-6.67956
-6.66109
-6.64555
-6.6317
-6.62506
-6.62478
-6.62376
-6.62687
-6.62798
-6.62784
-6.63257
-6.63977
-6.64764
-6.65918
-6.67075
-6.68163
-6.68887
-6.69202
-6.69291
-6.68715
-6.6793
-6.66538
-6.64826
-6.63322
-6.62021
-6.61383
-6.6163
-6.62875
-6.64228
-6.65669
-6.67454
-6.68835
-6.69784
-6.70256
-6.70256
-6.70332
-6.70414
-6.70456
-6.70273
-6.69938
-6.6897
-6.6743
-6.64841
-6.62286
-6.59696
-6.57324
-6.54789
-6.53002
-6.52134
-6.51702
-6.51692
-6.52428
-6.5357
-6.55208
-6.57138
-6.58956
-6.60497
-6.61858
-6.62594
-6.62534
-6.62114
-6.61373
-6.59935
-6.58533
-6.57229
-6.55953
-6.55308
-6.55022
-6.55693
-6.56695
-6.58475
-6.60941
-6.63841
-6.66977
-6.70301
-6.73113
-6.75094
-6.76074
-6.76184
-6.75992
-6.75701
-6.7533
-6.75016
-6.75275
-6.75456
-6.75437
-6.75573
-6.75665
-6.75496
-6.7522
-6.7435
-6.73001
-6.7113
-6.68404
-6.65247
-6.61836
-6.58894
-6.56668
-6.55324
-6.549
-6.54868
-6.55246
-6.5544
-6.55443
-6.5558
-6.55351
-6.55281
-6.55017
-6.54909
-6.54702
-6.54702
-6.5469
-6.55044
-6.55968
-6.57038
-6.5845
-6.59828
-6.61288
-6.62098
-6.62464
-6.62014
-6.61493
-6.61257
-6.61482
-6.62613
-6.64489
-6.66944
-6.69463
-6.723
-6.74853
-6.77408
-6.7918
-6.80203
-6.80464
-6.79596
-6.77421
-6.74526
-6.71024
-6.67021
-6.63449
-6.59978
-6.56645
-6.54508
-6.53313
-6.53319
-6.5459
-6.56485
-6.58904
-6.61494
-6.63776
-6.65765
-6.66963
-6.67412
-6.6733
-6.66425
-6.65191
-6.63635
-6.62103
-6.61204
-6.61366
-6.62113
-6.6336
-6.64614
-6.65377
-6.65591
-6.65576
-6.65285
-6.65405
-6.65756
-6.66193
-6.66869
-6.67584
-6.67729
-6.68151
-6.68091
-6.67998
-6.67211
-6.65603
-6.6308
-6.60391
-6.57839
-6.55997
-6.55152
-6.55136
-6.56109
-6.57862
-6.5946
-6.60886
-6.6208
-6.63621
-6.64974
-6.6589
-6.66929
-6.67485
-6.67405
-6.67428
-6.67128
-6.66822
-6.66377
-6.66004
-6.66043
-6.66071
-6.66334
-6.66598
-6.66467
-6.66149
-6.65458
-6.6463
-6.63629
-6.62696
-6.62036
-6.61699
-6.62095
-6.62908
-6.64152
-6.65078
-6.6626
-6.67259
-6.6781
-6.68284
-6.68308
-6.67632
-6.66409
-6.64874
-6.6333
-6.61874
-6.60734
-6.59978
-6.59773
-6.59737
-6.6007
-6.60952
-6.6234
-6.64166
-6.65944
-6.67802
-6.69089
-6.69672
-6.69103
-6.67365
-6.64406
-6.60937
-6.57094
-6.53309
-6.50281
-6.48712
-6.48639
-6.49778
-6.52386
-6.55636
-6.58881
-6.61745
-6.64072
-6.65569
-6.66209
-6.66678
-6.66717
-6.66643
-6.66201
-6.6556
-6.64981
-6.646
-6.64203
-6.64207
-6.64382
-6.64624
-6.65038
-6.64968
-6.64413
-6.63461
-6.625
-6.61905
-6.61974
-6.62988
-6.65001
-6.67599
-6.70449
-6.73677
-6.76889
-6.79388
-6.81229
-6.82033
-6.82154
-6.81671
-6.806
-6.78817
-6.76679
-6.74305
-6.71308
-6.68353
-6.64959
-6.61448
-6.58012
-6.54654
-6.52182
-6.5018
-6.49012
-6.48732
-6.4918
-6.50169
-6.5183
-6.53527
-6.55159
-6.56627
-6.58173
-6.5946
-6.60815
-6.61814
-6.62455
-6.63009
-6.63201
-6.63085
-6.62591
-6.62093
-6.61307
-6.60675
-6.60026
-6.59875
-6.60216
-6.60831
-6.61806
-6.62938
-6.63636
-6.63919
-6.63985
-6.63955
-6.64266
-6.64883
-6.65935
-6.6701
-6.68331
-6.69507
-6.70251
-6.7064
-6.70455
-6.69672
-6.68383
-6.67017
-6.6553
-6.64896
-6.64986
-6.65599
-6.6691
-6.68783
-6.70994
-6.73242
-6.74982
-6.76138
-6.76125
-6.75072
-6.72687
-6.69348
-6.65166
-6.60745
-6.56543
-6.53328
-6.50913
-6.49516
-6.4921
-6.49767
-6.51064
-6.53017
-6.54651
-6.56176
-6.57621
-6.5862
-6.59036
-6.59193
-6.58491
-6.57711
-6.569
-6.56353
-6.56189
-6.56658
-6.57518
-6.58977
-6.60508
-6.6217
-6.63288
-6.64341
-6.64972
-6.65315
-6.65527
-6.65568
-6.65743
-6.65976
-6.6638
-6.67113
-6.68057
-6.69121
-6.70184
-6.70742
-6.71102
-6.7132
-6.70809
-6.70365
-6.70148
-6.69755
-6.6987
-6.69886
-6.70022
-6.70071
-6.70038
-6.6989
-6.69505
-6.68827
-6.67584
-6.66059
-6.6453
-6.62888
-6.61503
-6.60023
-6.58943
-6.57727
-6.56719
-6.55671
-6.54492
-6.53135
-6.51904
-6.50935
-6.5071
-6.51578
-6.53439
-6.56082
-6.59644
-6.63229
-6.66887
-6.7036
-6.73337
-6.75621
-6.76944
-6.77471
-6.77046
-6.75957
-6.74196
-6.72153
-6.7045
-6.68824
-6.67646
-6.66597
-6.6616
-6.65793
-6.65531
-6.6525
-6.64868
-6.64583
-6.6428
-6.64146
-6.63758
-6.6286
-6.61573
-6.59583
-6.57218
-6.54301
-6.51515
-6.49537
-6.48679
-6.48778
-6.49638
-6.51518
-6.54068
-6.57169
-6.60384
-6.63365
-6.662
-6.68146
-6.69007
-6.6948
-6.69101
-6.67863
-6.66185
-6.64198
-6.6265
-6.61759
-6.61404
-6.61942
-6.63104
-6.6502
-6.67127
-6.69354
-6.714
-6.72978
-6.73479
-6.73045
-6.71466
-6.69151
-6.66332
-6.63585
-6.61697
-6.60688
-6.60557
-6.61202
-6.62385
-6.63749
-6.64972
-6.66172
-6.67246
-6.68577
-6.69856
-6.71496
-6.73414
-6.75044
-6.76043
-6.76322
-6.76027
-6.74561
-6.72456
-6.70121
-6.67305
-6.64571
-6.62117
-6.59284
-6.56763
-6.54359
-6.52462
-6.50939
-6.50084
-6.50261
-6.51376
-6.5333
-6.55854
-6.58419
-6.60561
-6.6159
-6.61776
-6.60842
-6.59212
-6.56895
-6.54105
-6.51245
-6.48633
-6.46839
-6.45673
-6.46188
-6.4789
-6.50555
-6.53944
-6.57932
-6.61857
-6.65467
-6.68319
-6.7036
-6.71096
-6.71107
-6.70223
-6.69305
-6.68563
-6.68134
-6.68382
-6.68713
-6.69052
-6.69747
-6.70611
-6.71591
-6.72725
-6.74002
-6.7511
-6.75559
-6.75479
-6.74354
-6.72614
-6.7009
-6.67159
-6.63852
-6.60923
-6.58618
-6.5722
-6.56938
-6.57166
-6.58157
-6.59481
-6.608
-6.62191
-6.62834
-6.63271
-6.64026
-6.6432
-6.64337
-6.64714
-6.6462
-6.6437
-6.64406
-6.64629
-6.64842
-6.64981
-6.65437
-6.65734
-6.65747
-6.65745
-6.65837
-6.66388
-6.67168
-6.68478
-6.69848
-6.70876
-6.70473
-6.69151
-6.66661
-6.63596
-6.59904
-6.56276
-6.53225
-6.51349
-6.50952
-6.51822
-6.53486
-6.55896
-6.58647
-6.61569
-6.64357
-6.66609
-6.68396
-6.69757
-6.70113
-6.69926
-6.68971
-6.67685
-6.6598
-6.63992
-6.62133
-6.60613
-6.59399
-6.58321
-6.58121
-6.58579
-6.59635
-6.61488
-6.63663
-6.66856
-6.6971
-6.72571
-6.74843
-6.76179
-6.76738
-6.76034
-6.74392
-6.71966
-6.68694
-6.65565
-6.63016
-6.61147
-6.60523
-6.6112
-6.62982
-6.65193
-6.67728
-6.69847
-6.71355
-6.72021
-6.72031
-6.71113
-6.69452
-6.67678
-6.65608
-6.6321
-6.61058
-6.58983
-6.56927
-6.55118
-6.53588
-6.52494
-6.51867
-6.5189
-6.52653
-6.54063
-6.5586
-6.58205
-6.60667
-6.63123
-6.65362
-6.67024
-6.67516
-6.66986
-6.65397
-6.63135
-6.60574
-6.58416
-6.56866
-6.56098
-6.5614
-6.57098
-6.58411
-6.60675
-6.6344
-6.66578
-6.69609
-6.72567
-6.7467
-6.76202
-6.77149
-6.77537
-6.76898
-6.75774
-6.73923
-6.71612
-6.69311
-6.67163
-6.65669
-6.65137
-6.65614
-6.6653
-6.67688
-6.69036
-6.69691
-6.69868
-6.69154
-6.68111
-6.66393
-6.64284
-6.62032
-6.59453
-6.56658
-6.53994
-6.51757
-6.49704
-6.48474
-6.47976
-6.48605
-6.49773
-6.51739
-6.54187
-6.56606
-6.59195
-6.61406
-6.63338
-6.64781
-6.66052
-6.66761
-6.6722
-6.67231
-6.67173
-6.66948
-6.6642
-6.65811
-6.65519
-6.65064
-6.64758
-6.64941
-6.65228
-6.6599
-6.66388
-6.66777
-6.67052
-6.67495
-6.67698
-6.68072
-6.67972
-6.67638
-6.66626
-6.65364
-6.63606
-6.61381
-6.58841
-6.56853
-6.55288
-6.54914
-6.55407
-6.5646
-6.5807
-6.59741
-6.61221
-6.62755
-6.6383
-6.65211
-6.66495
-6.67804
-6.69051
-6.7008
-6.70939
-6.71455
-6.71445
-6.70702
-6.69208
-6.67165
-6.65157
-6.63439
-6.62201
-6.61828
-6.61589
-6.61447
-6.61173
-6.60477
-6.59289
-6.57952
-6.56579
-6.55398
-6.54731
-6.54783
-6.55884
-6.58056
-6.60603
-6.63702
-6.66815
-6.6981
-6.72325
-6.74474
-6.75747
-6.76556
-6.76171
-6.75029
-6.73127
-6.70444
-6.67253
-6.64023
-6.60931
-6.57716
-6.55232
-6.53362
-6.52504
-6.52732
-6.54401
-6.57077
-6.60515
-6.64451
-6.67946
-6.71026
-6.73472
-6.74819
-6.74836
-6.7396
-6.72301
-6.697
-6.66775
-6.63644
-6.60871
-6.58746
-6.57512
-6.56903
-6.57074
-6.57525
-6.58123
-6.58955
-6.60162
-6.6132
-6.62379
-6.63648
-6.64765
-6.65565
-6.66365
-6.67175
-6.674
-6.6749
-6.67784
-6.67713
-6.67798
-6.68035
-6.67982
-6.67891
-6.67474
-6.67077
-6.66486
-6.66125
-6.65805
-6.65205
-6.6437
-6.63216
-6.62118
-6.61041
-6.60128
-6.59461
-6.59151
-6.59237
-6.59623
-6.59801
-6.59905
-6.59631
-6.59008
-6.58325
-6.56926
-6.55958
-6.55197
-6.54629
-6.54675
-6.54493
-6.54999
-6.55679
-6.56416
-6.57707
-6.59161
-6.61352
-6.6387
-6.66386
-6.69291
-6.71987
-6.74771
-6.76764
-6.77495
-6.77708
-6.76927
-6.75548
-6.73399
-6.70754
-6.67881
-6.65267
-6.63365
-6.62038
-6.61867
-6.62369
-6.63064
-6.63649
-6.64188
-6.64693
-6.64667
-6.65203
-6.66008
-6.66555
-6.66947
-6.67273
-6.67839
-6.68011
-6.68038
-6.67928
-6.67205
-6.66094
-6.64408
-6.62529
-6.60314
-6.58311
-6.56606
-6.55261
-6.54472
-6.54089
-6.53908
-6.53894
-6.54321
-6.54604
-6.55247
-6.56148
-6.57617
-6.59688
-6.62454
-6.65423
-6.68531
-6.70914
-6.72827
-6.74217
-6.75007
-6.75744
-6.75906
-6.75929
-6.75597
-6.74788
-6.7378
-6.72381
-6.70473
-6.69023
-6.67489
-6.66253
-6.65533
-6.64898
-6.64803
-6.64647
-6.64265
-6.6342
-6.62375
-6.6101
-6.59801
-6.58575
-6.57311
-6.55864
-6.54794
-6.5366
-6.52922
-6.52322
-6.52562
-6.53434
-6.54666
-6.56102
-6.57614
-6.59102
-6.60175
-6.60997
-6.61969
-6.63246
-6.65081
-6.67058
-6.68788
-6.69959
-6.7096
-6.71036
-6.70841
-6.70288
-6.69322
-6.68383
-6.67755
-6.67188
-6.67108
-6.67623
-6.68445
-6.69688
-6.70586
-6.70832
-6.69943
-6.68657
-6.66503
-6.647
-6.63171
-6.62475
-6.61988
-6.61536
-6.61284
-6.60943
-6.60419
-6.60014
-6.59404
-6.58921
-6.58335
-6.58425
-6.58807
-6.59408
-6.60232
-6.61228
-6.61728
-6.62319
-6.62913
-6.63801
-6.64534
-6.65892
-6.67408
-6.69471
-6.72344
-6.75147
-6.77595
-6.78825
-6.79108
-6.78379
-6.76732
-6.74206
-6.71299
-6.68309
-6.65079
-6.62171
-6.59264
-6.56448
-6.54175
-6.51993
-6.50275
-6.48984
-6.48195
-6.47885
-6.47912
-6.48103
-6.48937
-6.50791
-6.53642
-6.57714
-6.62623
-6.67558
-6.72048
-6.75663
-6.77675
-6.78663
-6.78291
-6.76712
-6.74275
-6.71561
-6.69226
-6.67453
-6.66537
-6.67282
-6.69534
-6.72492
-6.75324
-6.77434
-6.78006
-6.77081
-6.74709
-6.71505
-6.6791
-6.64356
-6.60949
-6.5864
-6.57407
-6.57227
-6.57842
-6.59148
-6.60545
-6.61584
-6.62209
-6.61993
-6.61378
-6.59643
-6.57857
-6.55991
-6.54256
-6.53191
-6.52769
-6.53442
-6.54939
-6.56773
-6.58959
-6.61251
-6.63538
-6.65439
-6.66956
-6.68195
-6.69184
-6.69391
-6.6926
-6.68961
-6.68265
-6.67523
-6.66547
-6.65381
-6.64119
-6.62634
-6.61589
-6.60383
-6.60407
-6.60878
-6.61748
-6.63296
-6.65274
-6.67044
-6.68208
-6.68621
-6.68136
-6.66952
-6.64905
-6.62411
-6.59708
-6.57659
-6.57034
-6.5746
-6.59777
-6.62864
-6.66045
-6.68812
-6.7044
-6.71115
-6.70589
-6.69198
-6.67684
-6.66095
-6.64779
-6.63913
-6.63787
-6.64131
-6.64895
-6.65891
-6.66966
-6.67538
-6.67335
-6.66232
-6.64785
-6.62971
-6.60946
-6.59411
-6.58124
-6.57561
-6.57603
-6.57742
-6.58472
-6.59605
-6.60951
-6.62294
-6.63216
-6.63759
-6.63366
-6.62213
-6.60698
-6.58252
-6.55714
-6.53181
-6.5142
-6.50455
-6.50312
-6.51277
-6.53364
-6.56182
-6.59691
-6.63758
-6.67882
-6.7179
-6.75619
-6.78909
-6.81129
-6.82001
-6.81919
-6.80679
-6.78397
-6.75419
-6.71534
-6.6725
-6.63012
-6.59166
-6.5621
-6.53844
-6.52767
-6.52479
-6.53181
-6.54415
-6.56201
-6.58094
-6.60009
-6.61537
-6.62636
-6.63333
-6.63321
-6.63036
-6.62597
-6.62118
-6.61777
-6.61742
-6.62001
-6.62362
-6.62784
-6.6342
-6.64043
-6.64311
-6.65285
-6.66416
-6.67896
-6.69497
-6.71409
-6.72893
-6.74321
-6.75069
-6.74765
-6.73696
-6.71709
-6.6927
-6.66106
-6.62892
-6.59762
-6.57357
-6.55438
-6.54159
-6.53718
-6.53653
-6.5413
-6.54819
-6.55477
-6.55688
-6.55645
-6.55011
-6.54126
-6.53273
-6.52631
-6.52574
-6.53347
-6.54798
-6.57023
-6.5935
-6.6161
-6.63372
-6.64485
-6.65192
-6.65739
-6.66062
-6.65917
-6.65936
-6.65771
-6.65879
-6.66655
-6.67853
-6.69079
-6.70338
-6.71058
-6.71364
-6.7085
-6.69734
-6.6851
-6.6743
-6.66626
-6.66038
-6.66007
-6.65803
-6.65194
-6.64574
-6.63999
-6.63546
-6.63099
-6.62785
-6.63
-6.63325
-6.64158
-6.65218
-6.66233
-6.66644
-6.66341
-6.65641
-6.64388
-6.6215
-6.59627
-6.56974
-6.5492
-6.5367
-6.53639
-6.54511
-6.56015
-6.58071
-6.59917
-6.61641
-6.63315
-6.64567
-6.65664
-6.66622
-6.67459
-6.68523
-6.69247
-6.69804
-6.69887
-6.69876
-6.69497
-6.68718
-6.67241
-6.65404
-6.63731
-6.6179
-6.60183
-6.58546
-6.57242
-6.56028
-6.55314
-6.55373
-6.56201
-6.5742
-6.58888
-6.60301
-6.6147
-6.62361
-6.62759
-6.63415
-6.64072
-6.65144
-6.66412
-6.68516
-6.70493
-6.71662
-6.7232
-6.72644
-6.72151
-6.71128
-6.69744
-6.68333
-6.67016
-6.65673
-6.64267
-6.63103
-6.62078
-6.61276
-6.60874
-6.6067
-6.60529
-6.60082
-6.59787
-6.59032
-6.5812
-6.56799
-6.55203
-6.53801
-6.52575
-6.52062
-6.52454
-6.53786
-6.56395
-6.59562
-6.63209
-6.66813
-6.69699
-6.72178
-6.73781
-6.74796
-6.75323
-6.75247
-6.74691
-6.74092
-6.73417
-6.72498
-6.71605
-6.70501
-6.69491
-6.68329
-6.67128
-6.66279
-6.65842
-6.65985
-6.66542
-6.67557
-6.6891
-6.70252
-6.71312
-6.7208
-6.72216
-6.71267
-6.69335
-6.66535
-6.62846
-6.58197
-6.53102
-6.48265
-6.43874
-6.40635
-6.39014
-6.38516
-6.39807
-6.42333
-6.46243
-6.50804
-6.55629
-6.60526
-6.64843
-6.68363
-6.71013
-6.72423
-6.72481
-6.71962
-6.70622
-6.68724
-6.66787
-6.65222
-6.64151
-6.63264
-6.62385
-6.62134
-6.61693
-6.61074
-6.60092
-6.58748
-6.56708
-6.54658
-6.52965
-6.52111
-6.52054
-6.53255
-6.55058
-6.57302
-6.59601
-6.62368
-6.65024
-6.66996
-6.6821
-6.68588
-6.68634
-6.68421
-6.68212
-6.68337
-6.68736
-6.69479
-6.70864
-6.72409
-6.73894
-6.75027
-6.75616
-6.75551
-6.75219
-6.74476
-6.73269
-6.72271
-6.71698
-6.71227
-6.70929
-6.70619
-6.69945
-6.69085
-6.68113
-6.66801
-6.65129
-6.62824
-6.60704
-6.58277
-6.55428
-6.53095
-6.50934
-6.49484
-6.4918
-6.49597
-6.50447
-6.51367
-6.52083
-6.52695
-6.53541
-6.54404
-6.55796
-6.57352
-6.58902
-6.60303
-6.61412
-6.61693
-6.61058
-6.606
-6.59945
-6.59708
-6.59966
-6.60858
-6.6221
-6.63876
-6.65754
-6.67188
-6.68509
-6.69648
-6.70486
-6.70743
-6.71051
-6.71423
-6.717
-6.7213
-6.72634
-6.72851
-6.72555
-6.71367
-6.69413
-6.6643
-6.62809
-6.58719
-6.55053
-6.51656
-6.48921
-6.47237
-6.46591
-6.4718
-6.49314
-6.52732
-6.56799
-6.60924
-6.64266
-6.67169
-6.68883
-6.69529
-6.69268
-6.67864
-6.65969
-6.64254
-6.62472
-6.61308
-6.61284
-6.62089
-6.63175
-6.64395
-6.65654
-6.66556
-6.67057
-6.67496
-6.67179
-6.6618
-6.64601
-6.62527
-6.60184
-6.58353
-6.57008
-6.56934
-6.58397
-6.60906
-6.64184
-6.67728
-6.71166
-6.7297
-6.73668
-6.73236
-6.71464
-6.69054
-6.66199
-6.63694
-6.61291
-6.59355
-6.58004
-6.5747
-6.57212
-6.57633
-6.58515
-6.60268
-6.61969
-6.63485
-6.65324
-6.66532
-6.67568
-6.68026
-6.67997
-6.67372
-6.66343
-6.6513
-6.64165
-6.63358
-6.63079
-6.63127
-6.63288
-6.63681
-6.64018
-6.63804
-6.63613
-6.62828
-6.61607
-6.60057
-6.58909
-6.57779
-6.56676
-6.56182
-6.55549
-6.55813
-6.56272
-6.57311
-6.58587
-6.6055
-6.63151
-6.65984
-6.69211
-6.7284
-6.76159
-6.78941
-6.80536
-6.80869
-6.79709
-6.77407
-6.73841
-6.69526
-6.65004
-6.6023
-6.55881
-6.51872
-6.49185
-6.47617
-6.47122
-6.4822
-6.50314
-6.53383
-6.56359
-6.59435
-6.62194
-6.64473
-6.66026
-6.67363
-6.68229
-6.68489
-6.67934
-6.67381
-6.67144
-6.66972
-6.67609
-6.68894
-6.70859
-6.72642
-6.73951
-6.7443
-6.73411
-6.71065
-6.6775
-6.6403
-6.60338
-6.57551
-6.55649
-6.55324
-6.56312
-6.58123
-6.60734
-6.63194
-6.65742
-6.68075
-6.69826
-6.7097
-6.71581
-6.71088
-6.69909
-6.67982
-6.65369
-6.62639
-6.59759
-6.573
-6.55615
-6.54786
-6.54723
-6.5456
-6.55093
-6.55815
-6.56523
-6.57608
-6.58536
-6.597
-6.60318
-6.60996
-6.61154
-6.61211
-6.61025
-6.60951
-6.61193
-6.61717
-6.62797
-6.64177
-6.65936
-6.67487
-6.68819
-6.70066
-6.70805
-6.717
-6.72654
-6.74041
-6.75288
-6.76204
-6.76538
-6.75688
-6.73565
-6.70911
-6.67439
-6.63428
-6.5933
-6.56267
-6.54135
-6.53705
-6.54554
-6.56253
-6.58388
-6.60686
-6.63105
-6.65448
-6.68159
-6.70258
-6.71735
-6.71613
-6.70261
-6.67622
-6.64051
-6.5992
-6.56203
-6.53053
-6.51051
-6.50367
-6.51049
-6.53032
-6.56511
-6.60412
-6.65088
-6.68988
-6.72339
-6.74397
-6.75177
-6.75015
-6.73346
-6.71133
-6.68529
-6.6597
-6.63264
-6.60769
-6.59063
-6.58498
-6.59176
-6.60424
-6.62034
-6.63318
-6.64526
-6.65107
-6.65295
-6.65012
-6.64994
-6.65001
-6.65115
-6.65316
-6.65366
-6.65581
-6.65806
-6.65635
-6.6596
-6.66248
-6.66591
-6.66696
-6.66688
-6.6649
-6.66221
-6.66009
-6.65602
-6.65517
-6.6547
-6.65415
-6.65603
-6.6558
-6.65632
-6.65398
-6.65061
-6.64474
-6.63597
-6.62993
-6.62757
-6.62819
-6.62998
-6.62909
-6.6268
-6.61654
-6.604
-6.58914
-6.57046
-6.56024
-6.55402
-6.55791
-6.5726
-6.59358
-6.61995
-6.64388
-6.66355
-6.67369
-6.67469
-6.66927
-6.66268
-6.65722
-6.66124
-6.66937
-6.68219
-6.69731
-6.70933
-6.71475
-6.71735
-6.71463
-6.70318
-6.69079
-6.66932
-6.64651
-6.62167
-6.59658
-6.57665
-6.5622
-6.55685
-6.55766
-6.5641
-6.57155
-6.57606
-6.57711
-6.56863
-6.55948
-6.54855
-6.54046
-6.53731
-6.53585
-6.54201
-6.55373
-6.56564
-6.57814
-6.59487
-6.6138
-6.6338
-6.65411
-6.67564
-6.69801
-6.72091
-6.7419
-6.7605
-6.77062
-6.77814
-6.77406
-6.76219
-6.7432
-6.71574
-6.68886
-6.66567
-6.64223
-6.62391
-6.61198
-6.60421
-6.59898
-6.59332
-6.58982
-6.58901
-6.58946
-6.59505
-6.60456
-6.61517
-6.62648
-6.63795
-6.64875
-6.65642
-6.66323
-6.66131
-6.65379
-6.64388
-6.63145
-6.61638
-6.60325
-6.59306
-6.58635
-6.58322
-6.5816
-6.5873
-6.59793
-6.61574
-6.63985
-6.66778
-6.69408
-6.71514
-6.72876
-6.73534
-6.72644
-6.70621
-6.67594
-6.63949
-6.60285
-6.57154
-6.55138
-6.5468
-6.56034
-6.58417
-6.62122
-6.6603
-6.70223
-6.7373
-6.76444
-6.77991
-6.78175
-6.77312
-6.75468
-6.72957
-6.69744
-6.66234
-6.62754
-6.59778
-6.57246
-6.54973
-6.53072
-6.51685
-6.50979
-6.51153
-6.5235
-6.54605
-6.57812
-6.61578
-6.65302
-6.68547
-6.71101
-6.73089
-6.74199
-6.74075
-6.73625
-6.72718
-6.71825
-6.70331
-6.68752
-6.6687
-6.65144
-6.63349
-6.62267
-6.61821
-6.62159
-6.62832
-6.63503
-6.63357
-6.63126
-6.62541
-6.61429
-6.59826
-6.58089
-6.57019
-6.56723
-6.57445
-6.58942
-6.60945
-6.63304
-6.65112
-6.66367
-6.66957
-6.66592
-6.65292
-6.631
-6.60692
-6.58096
-6.55968
-6.54338
-6.53824
-6.54544
-6.56292
-6.58848
-6.61784
-6.64549
-6.67052
-6.6877
-6.69417
-6.69064
-6.67697
-6.65416
-6.62654
-6.60026
-6.57364
-6.56093
-6.56054
-6.5637
-6.57287
-6.5818
-6.59158
-6.59741
-6.60145
-6.60735
-6.61534
-6.62399
-6.63794
-6.65802
-6.68169
-6.70956
-6.73406
-6.7572
-6.77066
-6.77925
-6.78453
-6.78699
-6.78703
-6.7872
-6.783
-6.77461
-6.7615
-6.74478
-6.72172
-6.69348
-6.66081
-6.6217
-6.58178
-6.53889
-6.50139
-6.47215
-6.45623
-6.45527
-6.46687
-6.48708
-6.51738
-6.55105
-6.58619
-6.62323
-6.65563
-6.68832
-6.71769
-6.74737
-6.77057
-6.79107
-6.80461
-6.81012
-6.80397
-6.79078
-6.76737
-6.73808
-6.70345
-6.66657
-6.63022
-6.60192
-6.5826
-6.57509
-6.57797
-6.58714
-6.59858
-6.61014
-6.61682
-6.62141
-6.62095
-6.62513
-6.62978
-6.63157
-6.63708
-6.63998
-6.642
-6.64084
-6.63751
-6.63162
-6.62298
-6.61637
-6.61176
-6.61229
-6.62074
-6.63181
-6.64573
-6.66399
-6.67869
-6.68835
-6.69126
-6.68755
-6.67533
-6.65613
-6.62847
-6.60068
-6.57702
-6.56019
-6.55391
-6.55735
-6.56646
-6.58164
-6.5983
-6.60659
-6.60736
-6.59741
-6.58336
-6.56666
-6.55263
-6.54421
-6.54547
-6.55724
-6.57726
-6.60355
-6.62791
-6.6548
-6.67711
-6.69336
-6.7014
-6.70193
-6.69663
-6.685
-6.67231
-6.65719
-6.6457
-6.63505
-6.63073
-6.63407
-6.64832
-6.66801
-6.69355
-6.72268
-6.75049
-6.77032
-6.78232
-6.78287
-6.77198
-6.75102
-6.7222
-6.68807
-6.65582
-6.62764
-6.60538
-6.59068
-6.58362
-6.58637
-6.59206
-6.60125
-6.60641
-6.60691
-6.60542
-6.59638
-6.58537
-6.57642
-6.56854
-6.56815
-6.57495
-6.58653
-6.59918
-6.61162
-6.62569
-6.64047
-6.65908
-6.68067
-6.70088
-6.71872
-6.7243
-6.7227
-6.7118
-6.6923
-6.66755
-6.64065
-6.61543
-6.59316
-6.57093
-6.54997
-6.52982
-6.51225
-6.49746
-6.49201
-6.50087
-6.5212
-6.5586
-6.60254
-6.65037
-6.69657
-6.73906
-6.77743
-6.80906
-6.83064
-6.84299
-6.84399
-6.83022
-6.79973
-6.7591
-6.71137
-6.66543
-6.62479
-6.59241
-6.57198
-6.55782
-6.54988
-6.55091
-6.55594
-6.56456
-6.57455
-6.5869
-6.60134
-6.61323
-6.6229
-6.62867
-6.62878
-6.62718
-6.62072
-6.6158
-6.61215
-6.60922
-6.60796
-6.60957
-6.61718
-6.6238
-6.62808
-6.62884
-6.62393
-6.61521
-6.60469
-6.59686
-6.59218
-6.59262
-6.59797
-6.60609
-6.62238
-6.63944
-6.65747
-6.67284
-6.68346
-6.68457
-6.67528
-6.65664
-6.63331
-6.60586
-6.58123
-6.56231
-6.55608
-6.56559
-6.58926
-6.62011
-6.65636
-6.69135
-6.72388
-6.7495
-6.76808
-6.77421
-6.77338
-6.76146
-6.74063
-6.71599
-6.68525
-6.65233
-6.6181
-6.58485
-6.5588
-6.5436
-6.54538
-6.56118
-6.58827
-6.62082
-6.65337
-6.68091
-6.70132
-6.7155
-6.72107
-6.71975
-6.71308
-6.70113
-6.68584
-6.6702
-6.65126
-6.63598
-6.62027
-6.60901
-6.60039
-6.59431
-6.58761
-6.58295
-6.57583
-6.56717
-6.55624
-6.54438
-6.53216
-6.51818
-6.50067
-6.48375
-6.47151
-6.4664
-6.46629
-6.47416
-6.48768
-6.50773
-6.53414
-6.56088
-6.58849
-6.61841
-6.64732
-6.67326
-6.69543
-6.71645
-6.73624
-6.7497
-6.76032
-6.76505
-6.76678
-6.76579
-6.75975
-6.74978
-6.73793
-6.72118
-6.70358
-6.67925
-6.65219
-6.62786
-6.60475
-6.58456
-6.56829
-6.56042
-6.55815
-6.56007
-6.56587
-6.57417
-6.5842
-6.59544
-6.6091
-6.61888
-6.62673
-6.63071
-6.6329
-6.63302
-6.63046
-6.62485
-6.61756
-6.61227
-6.6117
-6.61174
-6.61525
-6.62277
-6.62814
-6.63441
-6.63552
-6.63052
-6.62538
-6.61886
-6.60943
-6.60098
-6.5902
-6.58167
-6.56863
-6.55916
-6.54904
-6.5433
-6.54103
-6.54567
-6.55823
-6.57599
-6.59761
-6.61868
-6.63823
-6.65245
-6.66213
-6.66303
-6.65665
-6.64602
-6.63659
-6.62764
-6.62539
-6.6287
-6.64333
-6.66196
-6.68708
-6.71328
-6.73927
-6.7609
-6.77555
-6.78189
-6.77913
-6.76737
-6.7538
-6.73622
-6.72133
-6.70861
-6.703
-6.70414
-6.71337
-6.72426
-6.73644
-6.74059
-6.73603
-6.71982
-6.69229
-6.6554
-6.61557
-6.57529
-6.54534
-6.526
-6.5163
-6.51022
-6.50476
-6.49716
-6.48532
-6.4731
-6.46429
-6.46137
-6.46806
-6.48193
-6.505
-6.53335
-6.56437
-6.59336
-6.61996
-6.64339
-6.66424
-6.68207
-6.69714
-6.70595
-6.71418
-6.71794
-6.71914
-6.72028
-6.71942
-6.71793
-6.7218
-6.72884
-6.73734
-6.74322
-6.74941
-6.75057
-6.74389
-6.73184
-6.71756
-6.69816
-6.68229
-6.67294
-6.6687
-6.66837
-6.66819
-6.66171
-6.64764
-6.62341
-6.59486
-6.56408
-6.53186
-6.50757
-6.49114
-6.4861
-6.48937
-6.50027
-6.51549
-6.5303
-6.54491
-6.56374
-6.58066
-6.6032
-6.62748
-6.65302
-6.67912
-6.69808
-6.71138
-6.71369
-6.70592
-6.68955
-6.66751
-6.64406
-6.62133
-6.60763
-6.60777
-6.62077
-6.64211
-6.66578
-6.68526
-6.6995
-6.70391
-6.70208
-6.69435
-6.68358
-6.66716
-6.64918
-6.63302
-6.6218
-6.61698
-6.61789
-6.63021
-6.64879
-6.67182
-6.68957
-6.69971
-6.70249
-6.69588
-6.68164
-6.66739
-6.65259
-6.64539
-6.6451
-6.65336
-6.6679
-6.68327
-6.69829
-6.71221
-6.72002
-6.7258
-6.72818
-6.71934
-6.70299
-6.68171
-6.65573
-6.62952
-6.60522
-6.58304
-6.56935
-6.5649
-6.57022
-6.58101
-6.59625
-6.6089
-6.62041
-6.63001
-6.63067
-6.62599
-6.6143
-6.59897
-6.58331
-6.57104
-6.5676
-6.57281
-6.58317
-6.60134
-6.6202
-6.63788
-6.65622
-6.67251
-6.68669
-6.69702
-6.70536
-6.70776
-6.70892
-6.70765
-6.705
-6.70347
-6.6999
-6.6974
-6.69265
-6.68598
-6.67945
-6.67248
-6.66718
-6.6638
-6.66713
-6.67764
-6.69377
-6.71235
-6.73214
-6.74198
-6.73912
-6.73055
-6.71017
-6.67944
-6.64413
-6.60369
-6.56353
-6.5297
-6.50093
-6.48226
-6.47836
-6.48843
-6.50953
-6.53933
-6.57416
-6.61024
-6.64466
-6.67787
-6.70163
-6.72004
-6.73253
-6.73697
-6.73587
-6.72768
-6.70969
-6.68651
-6.65431
-6.61982
-6.58029
-6.54142
-6.50798
-6.48844
-6.48402
-6.49673
-6.52082
-6.55731
-6.59867
-6.63897
-6.67581
-6.70692
-6.73332
-6.75019
-6.75338
-6.74701
-6.73395
-6.71495
-6.69087
-6.66482
-6.63705
-6.61591
-6.60008
-6.5921
-6.59258
-6.6004
-6.61206
-6.62349
-6.63584
-6.64434
-6.6566
-6.66773
-6.67085
-6.67208
-6.66672
-6.65188
-6.62838
-6.60372
-6.57882
-6.55874
-6.54822
-6.54622
-6.55182
-6.56709
-6.59021
-6.61894
-6.65232
-6.68441
-6.71377
-6.73199
-6.74244
-6.73892
-6.72275
-6.69924
-6.66704
-6.63019
-6.59615
-6.56291
-6.54109
-6.53042
-6.53542
-6.54773
-6.5686
-6.59333
-6.61522
-6.63702
-6.65683
-6.67175
-6.68438
-6.68901
-6.69438
-6.69342
-6.68653
-6.67092
-6.647
-6.6184
-6.59138
-6.56956
-6.55703
-6.55428
-6.56547
-6.58656
-6.61558
-6.64638
-6.677
-6.7054
-6.73027
-6.7443
-6.75484
-6.75952
-6.75599
-6.74579
-6.73241
-6.71791
-6.7026
-6.68608
-6.66897
-6.65077
-6.62961
-6.60958
-6.5886
-6.57395
-6.56744
-6.56926
-6.57677
-6.58875
-6.60321
-6.61908
-6.63194
-6.64013
-6.63995
-6.63395
-6.61592
-6.59177
-6.56085
-6.52635
-6.49626
-6.47276
-6.45911
-6.45564
-6.46315
-6.48189
-6.51505
-6.55288
-6.59672
-6.64004
-6.68051
-6.71585
-6.7408
-6.75467
-6.75786
-6.75344
-6.73994
-6.72579
-6.71514
-6.70925
-6.71215
-6.72104
-6.73486
-6.74939
-6.76222
-6.76945
-6.77229
-6.76832
-6.75846
-6.7418
-6.72208
-6.69948
-6.67494
-6.65664
-6.645
-6.63443
-6.63074
-6.62894
-6.62861
-6.62861
-6.62644
-6.6139
-6.59951
-6.5818
-6.5595
-6.5358
-6.51184
-6.49298
-6.47904
-6.47482
-6.47954
-6.49475
-6.51462
-6.535
-6.55258
-6.56435
-6.56915
-6.56835
-6.55791
-6.54488
-6.53128
-6.52454
-6.52828
-6.54392
-6.57101
-6.60476
-6.64369
-6.68507
-6.72104
-6.75346
-6.77997
-6.79886
-6.80801
-6.80434
-6.79443
-6.77384
-6.74637
-6.71472
-6.68058
-6.64834
-6.62311
-6.60709
-6.60124
-6.60349
-6.61385
-6.62224
-6.62731
-6.62749
-6.62618
-6.6238
-6.62269
-6.62912
-6.64082
-6.65533
-6.67299
-6.68672
-6.69842
-6.70488
-6.70472
-6.69915
-6.68898
-6.67967
-6.66796
-6.64666
-6.62534
-6.59849
-6.56915
-6.54379
-6.53083
-6.5301
-6.54867
-6.57885
-6.61248
-6.64566
-6.67307
-6.69681
-6.71507
-6.73204
-6.74702
-6.75203
-6.7477
-6.73161
-6.7108
-6.6864
-6.66055
-6.63646
-6.61696
-6.59941
-6.58078
-6.56373
-6.54689
-6.53387
-6.52347
-6.51884
-6.52176
-6.53178
-6.55097
-6.57828
-6.60683
-6.63386
-6.65804
-6.67544
-6.68592
-6.69183
-6.69109
-6.69182
-6.69489
-6.69819
-6.69937
-6.7029
-6.70718
-6.70925
-6.71146
-6.70976
-6.70855
-6.70539
-6.7001
-6.69156
-6.67752
-6.65844
-6.6402
-6.61801
-6.59252
-6.56743
-6.54636
-6.53006
-6.52636
-6.53158
-6.54372
-6.56234
-6.58456
-6.60351
-6.61747
-6.62471
-6.62565
-6.62422
-6.61938
-6.61684
-6.61371
-6.61992
-6.63334
-6.64866
-6.66354
-6.67953
-6.68848
-6.68853
-6.67886
-6.66121
-6.63763
-6.61247
-6.58981
-6.57222
-6.56643
-6.57254
-6.59351
-6.62391
-6.66037
-6.69371
-6.72343
-6.74298
-6.75362
-6.75152
-6.73489
-6.71523
-6.69342
-6.66811
-6.64587
-6.62711
-6.60929
-6.59422
-6.58171
-6.56817
-6.55548
-6.54237
-6.52714
-6.5138
-6.5042
-6.4975
-6.49807
-6.50511
-6.52096
-6.54172
-6.56952
-6.59746
-6.62449
-6.64501
-6.66207
-6.67253
-6.6764
-6.6747
-6.67019
-6.66
-6.64588
-6.63582
-6.62531
-6.62492
-6.62911
-6.64122
-6.65425
-6.67093
-6.68868
-6.70368
-6.71781
-6.72874
-6.73057
-6.72393
-6.71294
-6.7022
-6.693
-6.68767
-6.68747
-6.68725
-6.68582
-6.67837
-6.66801
-6.65631
-6.64631
-6.63271
-6.61989
-6.60721
-6.59543
-6.5857
-6.58099
-6.57783
-6.57732
-6.58013
-6.58406
-6.59073
-6.59607
-6.601
-6.60342
-6.60161
-6.60019
-6.60122
-6.60376
-6.60784
-6.61215
-6.61365
-6.61354
-6.61382
-6.61516
-6.62402
-6.63792
-6.65812
-6.68481
-6.71233
-6.73152
-6.74521
-6.75011
-6.74521
-6.72455
-6.69638
-6.66286
-6.63952
-6.62434
-6.61422
-6.60963
-6.60654
-6.60748
-6.61261
-6.61784
-6.62566
-6.633
-6.64052
-6.64409
-6.64863
-6.64931
-6.64874
-6.64499
-6.64462
-6.64401
-6.64539
-6.65032
-6.65491
-6.65865
-6.65851
-6.65579
-6.64621
-6.63254
-6.61366
-6.59339
-6.57404
-6.55967
-6.55123
-6.54909
-6.55519
-6.56703
-6.58122
-6.59603
-6.6098
-6.62029
-6.62809
-6.63428
-6.63722
-6.64026
-6.63997
-6.64023
-6.63807
-6.63532
-6.63016
-6.61903
-6.60541
-6.5943
-6.58614
-6.58785
-6.59675
-6.61766
-6.64877
-6.68356
-6.71962
-6.74593
-6.76681
-6.77969
-6.78195
-6.77425
-6.75612
-6.73058
-6.7022
-6.66791
-6.63096
-6.59564
-6.56374
-6.53702
-6.52181
-6.51574
-6.51947
-6.53467
-6.55789
-6.58024
-6.59815
-6.61031
-6.6173
-6.61698
-6.61265
-6.60751
-6.60051
-6.5961
-6.59797
-6.60066
-6.60814
-6.61162
-6.61536
-6.61986
-6.62979
-6.64029
-6.65438
-6.67342
-6.69214
-6.70781
-6.72087
-6.73095
-6.73155
-6.72611
-6.71236
-6.69392
-6.67369
-6.65272
-6.63122
-6.61225
-6.59489
-6.57958
-6.57044
-6.56121
-6.55429
-6.54911
-6.54534
-6.54592
-6.54988
-6.55701
-6.56582
-6.57632
-6.58758
-6.59532
-6.60249
-6.6121
-6.61979
-6.63235
-6.64649
-6.66413
-6.68122
-6.70058
-6.72006
-6.73855
-6.75523
-6.76809
-6.77516
-6.77617
-6.76866
-6.75666
-6.73995
-6.7198
-6.70274
-6.68816
-6.67955
-6.67429
-6.67298
-6.66991
-6.66606
-6.66314
-6.65752
-6.64823
-6.63376
-6.61737
-6.59807
-6.57712
-6.55291
-6.52949
-6.51164
-6.49752
-6.48575
-6.48226
-6.48311
-6.4863
-6.49383
-6.50402
-6.51671
-6.52998
-6.54583
-6.56174
-6.57662
-6.5913
-6.60245
-6.61016
-6.62089
-6.62822
-6.63639
-6.6448
-6.65592
-6.67236
-6.69
-6.71031
-6.73112
-6.75102
-6.76898
-6.78316
-6.78688
-6.77943
-6.76366
-6.73699
-6.7055
-6.66837
-6.63365
-6.60053
-6.57418
-6.55508
-6.54259
-6.5395
-6.54499
-6.55591
-6.57308
-6.58981
-6.6071
-6.62197
-6.6328
-6.63662
-6.63636
-6.62913
-6.62282
-6.61541
-6.61258
-6.6159
-6.62314
-6.63624
-6.6543
-6.67326
-6.68632
-6.69727
-6.70178
-6.6992
-6.69147
-6.67883
-6.66534
-6.6495
-6.63273
-6.6181
-6.60333
-6.59158
-6.59042
-6.59059
-6.59652
-6.60307
-6.6102
-6.6184
-6.62415
-6.62997
-6.63225
-6.63498
-6.63386
-6.63162
-6.62532
-6.61886
-6.61211
-6.61198
-6.6214
-6.63385
-6.65392
-6.67358
-6.68589
-6.69024
-6.68162
-6.66355
-6.63633
-6.60525
-6.57921
-6.56004
-6.54638
-6.5417
-6.54642
-6.56289
-6.58647
-6.61516
-6.64467
-6.66493
-6.67843
-6.68127
-6.67899
-6.67058
-6.66254
-6.65667
-6.65321
-6.65835
-6.66864
-6.68661
-6.70906
-6.72955
-6.74618
-6.75688
-6.75603
-6.74394
-6.72452
-6.69919
-6.67083
-6.63965
-6.61188
-6.59053
-6.57647
-6.57058
-6.57192
-6.57666
-6.58321
-6.58515
-6.58032
-6.56479
-6.53895
-6.50904
-6.47782
-6.45757
-6.45243
-6.46246
-6.49314
-6.53485
-6.58747
-6.64144
-6.69276
-6.73623
-6.76677
-6.78696
-6.79361
-6.78391
-6.76163
-6.73545
-6.70024
-6.66609
-6.6369
-6.61214
-6.58895
-6.57325
-6.56903
-6.57768
-6.59503
-6.62606
-6.66172
-6.69819
-6.7323
-6.7556
-6.76844
-6.77136
-6.76267
-6.75327
-6.73795
-6.71973
-6.69573
-6.67567
-6.65327
-6.62974
-6.60565
-6.58506
-6.56924
-6.5534
-6.54336
-6.53997
-6.54206
-6.54721
-6.55504
-6.56634
-6.58117
-6.59631
-6.61946
-6.63927
-6.65811
-6.6708
-6.67447
-6.67292
-6.6656
-6.65697
-6.64403
-6.63424
-6.62611
-6.6221
-6.61612
-6.60732
-6.59803
-6.58592
-6.57122
-6.55824
-6.54695
-6.54087
-6.54022
-6.54378
-6.55422
-6.56844
-6.58523
-6.60823
-6.62734
-6.6464
-6.66455
-6.67953
-6.69231
-6.70157
-6.70672
-6.71217
-6.71187
-6.70937
-6.7016
-6.69378
-6.68
-6.66402
-6.65219
-6.64974
-6.65475
-6.66497
-6.68026
-6.69831
-6.71393
-6.72788
-6.73947
-6.74369
-6.74148
-6.73316
-6.71463
-6.68861
-6.66008
-6.6274
-6.59223
-6.55729
-6.52073
-6.48943
-6.46429
-6.44772
-6.44382
-6.45116
-6.47261
-6.50862
-6.55107
-6.60048
-6.65025
-6.69469
-6.72892
-6.75412
-6.76653
-6.76358
-6.74974
-6.72842
-6.70425
-6.67866
-6.6602
-6.64566
-6.64244
-6.64261
-6.64762
-6.65166
-6.65079
-6.65069
-6.64771
-6.64686
-6.64408
-6.64471
-6.64742
-6.6505
-6.65837
-6.66556
-6.67279
-6.67945
-6.68199
-6.67791
-6.66477
-6.64048
-6.61222
-6.58066
-6.55284
-6.53291
-6.52522
-6.52828
-6.54291
-6.56492
-6.59591
-6.62744
-6.65774
-6.68256
-6.7049
-6.71508
-6.71727
-6.70733
-6.68924
-6.6677
-6.64393
-6.61885
-6.5968
-6.5807
-6.56938
-6.56328
-6.56548
-6.57876
-6.5971
-6.62286
-6.64992
-6.67888
-6.70749
-6.72993
-6.74599
-6.75336
-6.75053
-6.74066
-6.72272
-6.70163
-6.68073
-6.66115
-6.64511
-6.63098
-6.61571
-6.60193
-6.58944
-6.57787
-6.57068
-6.56684
-6.56647
-6.57287
-6.58401
-6.60063
-6.61941
-6.63836
-6.65521
-6.66702
-6.67633
-6.67948
-6.67925
-6.67467
-6.66602
-6.65546
-6.64084
-6.62826
-6.61353
-6.6003
-6.5916
-6.58845
-6.59075
-6.59664
-6.60351
-6.61233
-6.61994
-6.62374
-6.6239
-6.62162
-6.62009
-6.61923
-6.61679
-6.61665
-6.61117
-6.60462
-6.59463
-6.58704
-6.58096
-6.57621
-6.57327
-6.57502
-6.58228
-6.59182
-6.60401
-6.61893
-6.63679
-6.65669
-6.67828
-6.70736
-6.73262
-6.75445
-6.76991
-6.77281
-6.76548
-6.74548
-6.7146
-6.67558
-6.63495
-6.59277
-6.55445
-6.52275
-6.50147
-6.4907
-6.49338
-6.50837
-6.52608
-6.55315
-6.58435
-6.61571
-6.64573
-6.66962
-6.68897
-6.70061
-6.7081
-6.70952
-6.70966
-6.7073
-6.70919
-6.71444
-6.72284
-6.7373
-6.75215
-6.76293
-6.76769
-6.76267
-6.74557
-6.71954
-6.68247
-6.64429
-6.5995
-6.55973
-6.52377
-6.50211
-6.48873
-6.48961
-6.50181
-6.52697
-6.56012
-6.59701
-6.63177
-6.66098
-6.68745
-6.70696
-6.71797
-6.72239
-6.72482
-6.72053
-6.71523
-6.70792
-6.69692
-6.68504
-6.67125
-6.65394
-6.6386
-6.62457
-6.6143
-6.60457
-6.60282
-6.60238
-6.60606
-6.6108
-6.61911
-6.62505
-6.62787
-6.62547
-6.62311
-6.617
-6.60568
-6.59428
-6.58339
-6.57776
-6.57703
-6.57706
-6.5796
-6.58422
-6.59115
-6.60219
-6.61789
-6.63874
-6.66032
-6.6794
-6.69829
-6.71091
-6.71723
-6.71215
-6.69672
-6.67444
-6.64844
-6.621
-6.59879
-6.58513
-6.58313
-6.58374
-6.57972
-6.57299
-6.56016
-6.54511
-6.53219
-6.52588
-6.52923
-6.54151
-6.56825
-6.61044
-6.66196
-6.7206
-6.77618
-6.82279
-6.85346
-6.87175
-6.87176
-6.8524
-6.81612
-6.7648
-6.70592
-6.64551
-6.58969
-6.55056
-6.52768
-6.52255
-6.53078
-6.54433
-6.55915
-6.57458
-6.58668
-6.59908
-6.61266
-6.62577
-6.63852
-6.65258
-6.65958
-6.66235
-6.65486
-6.64502
-6.63052
-6.61359
-6.59838
-6.58846
-6.58318
-6.58542
-6.59629
-6.60984
-6.62596
-6.64066
-6.6542
-6.66685
-6.67482
-6.67681
-6.67167
-6.66293
-6.6549
-6.64667
-6.64046
-6.63645
-6.63354
-6.63014
-6.62319
-6.61155
-6.59676
-6.58204
-6.57152
-6.56701
-6.5765
-6.59884
-6.62864
-6.66076
-6.6963
-6.72569
-6.74599
-6.75639
-6.75771
-6.74683
-6.72559
-6.6985
-6.66717
-6.6358
-6.60676
-6.58017
-6.56347
-6.55182
-6.54839
-6.54946
-6.55417
-6.56025
-6.56584
-6.57244
-6.58148
-6.59462
-6.60827
-6.62989
-6.65284
-6.67773
-6.70235
-6.72507
-6.74545
-6.7608
-6.77101
-6.76839
-6.7539
-6.7276
-6.68695
-6.63485
-6.57696
-6.52161
-6.47315
-6.44074
-6.42495
-6.43106
-6.4589
-6.49949
-6.54549
-6.59399
-6.63584
-6.66802
-6.69023
-6.70091
-6.70276
-6.70072
-6.69265
-6.68603
-6.68243
-6.68201
-6.68541
-6.68868
-6.69369
-6.69485
-6.69466
-6.68957
-6.68031
-6.67141
-6.66053
-6.64582
-6.62686
-6.60918
-6.59176
-6.57813
-6.57584
-6.5845
-6.59733
-6.62214
-6.64793
-6.67325
-6.69841
-6.71935
-6.73429
-6.7392
-6.73661
-6.72473
-6.70687
-6.68195
-6.65392
-6.62823
-6.60451
-6.58626
-6.57738
-6.57597
-6.57795
-6.58595
-6.59475
-6.60827
-6.61834
-6.6288
-6.64005
-6.64645
-6.64779
-6.64547
-6.63628
-6.62519
-6.61092
-6.59545
-6.57713
-6.55696
-6.54118
-6.5281
-6.52135
-6.52399
-6.53338
-6.55035
-6.57324
-6.59813
-6.62354
-6.65084
-6.67582
-6.69531
-6.70902
-6.71716
-6.7145
-6.70385
-6.68574
-6.6632
-6.63725
-6.60972
-6.58229
-6.55462
-6.53192
-6.51842
-6.51374
-6.51547
-6.52129
-6.53546
-6.5573
-6.58145
-6.60624
-6.63317
-6.66073
-6.68529
-6.70162
-6.70904
-6.71273
-6.71219
-6.70946
-6.70323
-6.69706
-6.69433
-6.69222
-6.6985
-6.70581
-6.71807
-6.73067
-6.74934
-6.7646
-6.77791
-6.7861
-6.78478
-6.77855
-6.76656
-6.7464
-6.72195
-6.69595
-6.66964
-6.64108
-6.61533
-6.59264
-6.5747
-6.55957
-6.55106
-6.54329
-6.53848
-6.53285
-6.52805
-6.5214
-6.51746
-6.51646
-6.51802
-6.52398
-6.53435
-6.5433
-6.553
-6.55587
-6.55628
-6.55346
-6.5541
-6.55768
-6.56577
-6.57939
-6.59928
-6.62191
-6.64359
-6.66184
-6.67801
-6.69161
-6.70014
-6.70522
-6.7115
-6.71481
-6.7212
-6.72964
-6.74088
-6.74833
-6.74885
-6.74782
-6.73819
-6.72422
-6.70776
-6.68933
-6.67317
-6.65561
-6.64175
-6.6303
-6.62138
-6.61253
-6.60666
-6.60482
-6.60845
-6.61795
-6.62941
-6.64521
-6.65986
-6.6727
-6.67806
-6.67678
-6.66822
-6.65261
-6.63336
-6.61299
-6.59714
-6.58513
-6.57941
-6.57906
-6.58173
-6.58577
-6.586
-6.58328
-6.57864
-6.57034
-6.55783
-6.54206
-6.52279
-6.50394
-6.48813
-6.47709
-6.47735
-6.48344
-6.49871
-6.52224
-6.55165
-6.58426
-6.61018
-6.63441
-6.65187
-6.66215
-6.67167
-6.67927
-6.68467
-6.68481
-6.67738
-6.66413
-6.65305
-6.64335
-6.64191
-6.65013
-6.66518
-6.68531
-6.70666
-6.72669
-6.73875
-6.74434
-6.7438
-6.73512
-6.72459
-6.71143
-6.69189
-6.67099
-6.65257
-6.63523
-6.62158
-6.60759
-6.5979
-6.58795
-6.57948
-6.5754
-6.57706
-6.5844
-6.5941
-6.60569
-6.62005
-6.63285
-6.64719
-6.66142
-6.68051
-6.69672
-6.70998
-6.71939
-6.72018
-6.71534
-6.70398
-6.69083
-6.67734
-6.66539
-6.6533
-6.64381
-6.63231
-6.61683
-6.60194
-6.58627
-6.56985
-6.5531
-6.54494
-6.54188
-6.54523
-6.56136
-6.58396
-6.61251
-6.64237
-6.67266
-6.6975
-6.71352
-6.71848
-6.71059
-6.691
-6.66009
-6.62174
-6.5852
-6.55227
-6.52619
-6.51109
-6.50968
-6.51711
-6.5336
-6.55515
-6.57861
-6.60202
-6.62363
-6.64461
-6.66192
-6.67744
-6.68695
-6.69067
-6.68975
-6.68796
-6.68173
-6.67365
-6.66477
-6.65377
-6.64292
-6.63147
-6.62883
-6.6271
-6.62904
-6.63348
-6.63831
-6.64211
-6.64832
-6.65307
-6.65927
-6.66702
-6.67915
-6.68952
-6.69933
-6.70848
-6.70974
-6.70437
-6.69549
-6.68039
-6.66172
-6.63889
-6.61384
-6.58916
-6.57027
-6.55661
-6.55264
-6.56001
-6.57664
-6.59701
-6.61693
-6.639
-6.6544
-6.66415
-6.66975
-6.67363
-6.67744
-6.6802
-6.6848
-6.68981
-6.69114
-6.69228
-6.68363
-6.67011
-6.64746
-6.62277
-6.60107
-6.57772
-6.55785
-6.54863
-6.54265
-6.54216
-6.54759
-6.55594
-6.5675
-6.57587
-6.58167
-6.5845
-6.58357
-6.57718
-6.56932
-6.56038
-6.55193
-6.54921
-6.5557
-6.56973
-6.58879
-6.61495
-6.63931
-6.66378
-6.68325
-6.70087
-6.71275
-6.7206
-6.72646
-6.72687
-6.72619
-6.7219
-6.71419
-6.7075
-6.7006
-6.69233
-6.6827
-6.67279
-6.65572
-6.63844
-6.62034
-6.60128
-6.5884
-6.581
-6.58179
-6.5859
-6.59409
-6.60304
-6.60746
-6.60639
-6.60182
-6.5961
-6.58521
-6.57316
-6.56498
-6.56359
-6.56726
-6.58205
-6.60437
-6.62679
-6.64899
-6.66783
-6.67704
-6.68197
-6.68043
-6.68023
-6.68536
-6.69264
-6.70242
-6.71819
-6.73586
-6.75203
-6.76682
-6.77881
-6.78035
-6.77503
-6.75978
-6.73604
-6.70406
-6.66707
-6.63216
-6.59695
-6.56813
-6.54259
-6.52593
-6.51779
-6.51929
-6.5297
-6.54991
-6.57876
-6.61527
-6.65068
-6.68365
-6.71111
-6.72758
-6.73158
-6.7268
-6.71411
-6.69582
-6.67849
-6.66418
-6.65255
-6.64659
-6.64028
-6.63707
-6.62999
-6.62298
-6.61379
-6.6083
-6.60514
-6.60591
-6.61402
-6.62646
-6.6463
-6.66123
-6.67273
-6.67466
-6.66923
-6.65411
-6.63211
-6.6058
-6.57964
-6.55494
-6.53524
-6.52306
-6.52248
-6.53465
-6.56201
-6.59925
-6.63989
-6.67915
-6.70983
-6.73335
-6.74559
-6.74925
-6.74454
-6.73963
-6.7274
-6.71531
-6.70101
-6.68625
-6.6667
-6.64775
-6.62977
-6.61678
-6.6066
-6.60094
-6.60313
-6.60975
-6.61828
-6.62983
-6.63947
-6.64418
-6.64591
-6.64495
-6.64394
-6.6469
-6.65365
-6.66143
-6.66298
-6.66524
-6.66157
-6.65744
-6.64487
-6.62645
-6.60619
-6.58044
-6.55806
-6.54017
-6.53224
-6.5317
-6.54182
-6.55382
-6.57095
-6.59253
-6.61359
-6.636
-6.65708
-6.6799
-6.70339
-6.72762
-6.75195
-6.77425
-6.79162
-6.80411
-6.80982
-6.80592
-6.79759
-6.77944
-6.75592
-6.7236
-6.688
-6.65146
-6.6191
-6.59489
-6.58166
-6.57551
-6.57401
-6.57451
-6.5741
-6.57589
-6.58131
-6.58998
-6.60109
-6.61305
-6.62745
-6.64406
-6.65776
-6.67168
-6.67996
-6.68283
-6.68068
-6.67361
-6.66134
-6.64504
-6.62602
-6.61027
-6.59398
-6.58
-6.56916
-6.56162
-6.55758
-6.55608
-6.55451
-6.54998
-6.5394
-6.52921
-6.51856
-6.5071
-6.50481
-6.51266
-6.53063
-6.55346
-6.58603
-6.6167
-6.64879
-6.67585
-6.69632
-6.7104
-6.71861
-6.71634
-6.7113
-6.70333
-6.69414
-6.68676
-6.68081
-6.67077
-6.66415
-6.66149
-6.65902
-6.65747
-6.661
-6.66142
-6.66118
-6.65903
-6.6554
-6.64714
-6.63956
-6.62951
-6.62309
-6.6201
-6.62063
-6.63017
-6.64357
-6.66561
-6.68629
-6.70374
-6.7193
-6.72995
-6.73146
-6.72636
-6.71501
-6.6974
-6.67825
-6.65629
-6.63952
-6.62494
-6.61558
-6.60883
-6.60291
-6.59655
-6.5824
-6.56501
-6.54203
-6.51969
-6.50402
-6.49283
-6.49485
-6.50699
-6.52432
-6.5467
-6.56956
-6.59065
-6.60463
-6.61162
-6.613
-6.60804
-6.59734
-6.58862
-6.57918
-6.57419
-6.57132
-6.57462
-6.58254
-6.5959
-6.60794
-6.62262
-6.63464
-6.64648
-6.66333
-6.67832
-6.69277
-6.70554
-6.71483
-6.72011
-6.7188
-6.71686
-6.70936
-6.69969
-6.69049
-6.68497
-6.68287
-6.68253
-6.68624
-6.69069
-6.69504
-6.70008
-6.70221
-6.70221
-6.6977
-6.69013
-6.67537
-6.65712
-6.63648
-6.61547
-6.59884
-6.59073
-6.58689
-6.58878
-6.58917
-6.58767
-6.58333
-6.57768
-6.57271
-6.56705
-6.56465
-6.56474
-6.57356
-6.58935
-6.60892
-6.63469
-6.66175
-6.68371
-6.69785
-6.7061
-6.70581
-6.69894
-6.68837
-6.67904
-6.67178
-6.67307
-6.67779
-6.68416
-6.69166
-6.69459
-6.69049
-6.67718
-6.65758
-6.62574
-6.5866
-6.54584
-6.51034
-6.48328
-6.47072
-6.47114
-6.48351
-6.50725
-6.53735
-6.56583
-6.59414
-6.61768
-6.63756
-6.65396
-6.66603
-6.67885
-6.6884
-6.69814
-6.70692
-6.7143
-6.71603
-6.71429
-6.70941
-6.69803
-6.67928
-6.66005
-6.64143
-6.63275
-6.63029
-6.63897
-6.65659
-6.67502
-6.69678
-6.715
-6.7235
-6.72774
-6.72434
-6.72023
-6.70935
-6.69697
-6.68065
-6.66502
-6.64805
-6.62574
-6.6075
-6.59
-6.56989
-6.54689
-6.52561
-6.51248
-6.50714
-6.51031
-6.52124
-6.53863
-6.55696
-6.57762
-6.59769
-6.61455
-6.62567
-6.6344
-6.63812
-6.6373
-6.63289
-6.62884
-6.62475
-6.62252
-6.6214
-6.62589
-6.62705
-6.62978
-6.62849
-6.6258
-6.62737
-6.63155
-6.63623
-6.64234
-6.64769
-6.65045
-6.64935
-6.64539
-6.63969
-6.63119
-6.62296
-6.61773
-6.61483
-6.61183
-6.61074
-6.61161
-6.61678
-6.62116
-6.62985
-6.64422
-6.65952
-6.67599
-6.68909
-6.69731
-6.70233
-6.70112
-6.69316
-6.68369
-6.67263
-6.66393
-6.66346
-6.6636
-6.67067
-6.68109
-6.68985
-6.69456
-6.69484
-6.69306
-6.68685
-6.6794
-6.67258
-6.66161
-6.64907
-6.63637
-6.6199
-6.6028
-6.58783
-6.57379
-6.56497
-6.56177
-6.56559
-6.57289
-6.58323
-6.59505
-6.6046
-6.61373
-6.62208
-6.62598
-6.62058
-6.61219
-6.59444
-6.57126
-6.54586
-6.52091
-6.50289
-6.49105
-6.48683
-6.49356
-6.51239
-6.53924
-6.57432
-6.61464
-6.65471
-6.69256
-6.72412
-6.74726
-6.76003
-6.76121
-6.75262
-6.73386
-6.71157
-6.68959
-6.67199
-6.65943
-6.65193
-6.65139
-6.6531
-6.65657
-6.66357
-6.67274
-6.67819
-6.68577
-6.69244
-6.70001
-6.70716
-6.71382
-6.7167
-6.71218
-6.70561
-6.6935
-6.67194
-6.64466
-6.61706
-6.59002
-6.56721
-6.54909
-6.53949
-6.52878
-6.51977
-6.51384
-6.51188
-6.51094
-6.51717
-6.52574
-6.54049
-6.5559
-6.57407
-6.5906
-6.60421
-6.61672
-6.62722
-6.63495
-6.64694
-6.6582
-6.67346
-6.68694
-6.70054
-6.71723
-6.72891
-6.73771
-6.74071
-6.73958
-6.73259
-6.71996
-6.70707
-6.6866
-6.66506
-6.6433
-6.62169
-6.5975
-6.57267
-6.54741
-6.52454
-6.50839
-6.49625
-6.48934
-6.49048
-6.50244
-6.51932
-6.54465
-6.5734
-6.60163
-6.62996
-6.6537
-6.6737
-6.68476
-6.6899
-6.69036
-6.68293
-6.67467
-6.66495
-6.65067
-6.63544
-6.62334
-6.6173
-6.61
-6.60694
-6.6045
-6.60067
-6.60259
-6.60492
-6.60694
-6.61298
-6.62443
-6.641
-6.66215
-6.68609
-6.71677
-6.74702
-6.77305
-6.7928
-6.80386
-6.80381
-6.79214
-6.77233
-6.7461
-6.71968
-6.69279
-6.66617
-6.63907
-6.61329
-6.59027
-6.57121
-6.55554
-6.54563
-6.53817
-6.53349
-6.53122
-6.53166
-6.53407
-6.54042
-6.54919
-6.56258
-6.57765
-6.5957
-6.61674
-6.64357
-6.67326
-6.70212
-6.7315
-6.75218
-6.77035
-6.77569
-6.77153
-6.75386
-6.72521
-6.68903
-6.65198
-6.61736
-6.58863
-6.56779
-6.5609
-6.56957
-6.58654
-6.611
-6.63527
-6.65526
-6.67026
-6.67723
-6.67579
-6.66896
-6.65679
-6.63924
-6.62224
-6.60244
-6.58092
-6.56154
-6.54352
-6.52865
-6.52359
-6.52315
-6.52669
-6.53595
-6.54945
-6.5649
-6.57972
-6.59945
-6.61899
-6.64151
-6.66594
-6.68487
-6.70006
-6.70964
-6.71231
-6.70592
-6.69427
-6.67849
-6.66089
-6.6425
-6.62848
-6.61632
-6.61002
-6.61159
-6.61672
-6.62926
-6.64804
-6.66955
-6.69515
-6.71961
-6.74231
-6.76278
-6.77653
-6.77829
-6.77301
-6.75738
-6.73301
-6.70328
-6.66987
-6.63113
-6.59192
-6.55312
-6.52107
-6.49756
-6.4787
-6.47012
-6.47089
-6.47766
-6.48922
-6.50633
-6.52733
-6.55379
-6.58376
-6.61585
-6.64577
-6.67447
-6.70017
-6.72331
-6.73358
-6.73482
-6.72383
-6.70118
-6.66904
-6.62868
-6.5851
-6.54762
-6.51457
-6.49148
-6.48409
-6.49281
-6.52083
-6.56351
-6.61717
-6.67001
-6.7133
-6.74179
-6.75838
-6.7612
-6.75741
-6.74646
-6.7338
-6.72465
-6.71599
-6.71114
-6.70699
-6.70313
-6.69667
-6.69234
-6.68692
-6.68325
-6.68381
-6.68389
-6.6878
-6.69007
-6.68995
-6.6848
-6.67042
-6.65216
-6.63389
-6.61605
-6.60409
-6.59717
-6.59201
-6.5903
-6.58685
-6.58496
-6.58558
-6.59363
-6.60449
-6.61942
-6.63592
-6.64874
-6.65579
-6.65325
-6.64262
-6.62425
-6.60209
-6.57579
-6.54844
-6.51942
-6.4978
-6.48205
-6.4737
-6.4754
-6.49088
-6.5228
-6.56536
-6.6136
-6.6623
-6.70718
-6.741
-6.7643
-6.77402
-6.77269
-6.76721
-6.76196
-6.75581
-6.7463
-6.73084
-6.70811
-6.67882
-6.64079
-6.60265
-6.56921
-6.54788
-6.54186
-6.55722
-6.58205
-6.61573
-6.64937
-6.67984
-6.69962
-6.70816
-6.70728
-6.69534
-6.68243
-6.67115
-6.66591
-6.6631
-6.66349
-6.66633
-6.66846
-6.66991
-6.66867
-6.67219
-6.67539
-6.68009
-6.68719
-6.69454
-6.70046
-6.70286
-6.69809
-6.69285
-6.68556
-6.67247
-6.6603
-6.65083
-6.64154
-6.63331
-6.62004
-6.60417
-6.58894
-6.57069
-6.55542
-6.54125
-6.53109
-6.51954
-6.50914
-6.50047
-6.48979
-6.48062
-6.47771
-6.48136
-6.49183
-6.51134
-6.53658
-6.56584
-6.5997
-6.63627
-6.6719
-6.70103
-6.72343
-6.73869
-6.74209
-6.734
-6.71278
-6.68716
-6.65619
-6.6267
-6.59867
-6.57901
-6.56983
-6.5714
-6.57932
-6.59977
-6.6223
-6.64576
-6.66504
-6.67555
-6.68043
-6.6798
-6.67498
-6.67487
-6.68127
-6.69169
-6.70501
-6.71283
-6.71346
-6.70375
-6.68686
-6.65995
-6.62553
-6.58796
-6.55926
-6.54256
-6.54054
-6.55275
-6.57193
-6.58875
-6.6032
-6.61226
-6.61443
-6.61257
-6.60758
-6.6047
-6.60395
-6.60725
-6.616
-6.62892
-6.64567
-6.66126
-6.67627
-6.68456
-6.68629
-6.68435
-6.68024
-6.67287
-6.6688
-6.66584
-6.66144
-6.65719
-6.64662
-6.63485
-6.62034
-6.60491
-6.59231
-6.59021
-6.59614
-6.6116
-6.63421
-6.65996
-6.68663
-6.70622
-6.72319
-6.73036
-6.73526
-6.73512
-6.73224
-6.72421
-6.70963
-6.6965
-6.68262
-6.66807
-6.65719
-6.64744
-6.64009
-6.6308
-6.61955
-6.60765
-6.59703
-6.58761
-6.57887
-6.5752
-6.5753
-6.57707
-6.58532
-6.59551
-6.60879
-6.62444
-6.64049
-6.65687
-6.67361
-6.68655
-6.69629
-6.70055
-6.69938
-6.69442
-6.68771
-6.67958
-6.67595
-6.67545
-6.68136
-6.68513
-6.68734
-6.68179
-6.66605
-6.64007
-6.60634
-6.5704
-6.54101
-6.51707
-6.50538
-6.50473
-6.5125
-6.52973
-6.54796
-6.56747
-6.58497
-6.60213
-6.61511
-6.62428
-6.6356
-6.64952
-6.66677
-6.68219
-6.69522
-6.70303
-6.70655
-6.7078
-6.70745
-6.70395
-6.70142
-6.70335
-6.70652
-6.70974
-6.713
-6.71469
-6.71491
-6.71218
-6.70921
-6.70641
-6.70798
-6.70714
-6.71419
-6.71892
-6.71805
-6.71367
-6.70472
-6.69072
-6.67594
-6.66029
-6.64479
-6.62857
-6.61323
-6.59696
-6.57906
-6.55972
-6.53816
-6.51774
-6.49817
-6.48277
-6.47252
-6.46584
-6.46554
-6.46758
-6.47348
-6.48177
-6.49529
-6.50915
-6.52231
-6.53565
-6.55012
-6.56373
-6.57636
-6.58748
-6.6039
-6.62288
-6.64374
-6.66503
-6.68729
-6.70239
-6.71641
-6.72392
-6.72571
-6.72012
-6.70994
-6.69481
-6.67893
-6.66477
-6.64934
-6.64077
-6.63657
-6.63752
-6.64489
-6.65511
-6.66725
-6.67898
-6.68883
-6.69478
-6.69837
-6.69822
-6.68971
-6.6783
-6.66147
-6.64698
-6.63389
-6.62768
-6.62999
-6.63895
-6.65159
-6.66671
-6.68275
-6.69144
-6.69013
-6.67823
-6.65565
-6.62956
-6.5958
-6.56677
-6.54329
-6.52916
-6.52839
-6.53677
-6.55572
-6.58105
-6.60622
-6.63059
-6.65261
-6.66899
-6.67871
-6.68262
-6.6781
-6.67097
-6.66211
-6.65649
-6.65517
-6.65414
-6.65922
-6.66977
-6.68191
-6.69166
-6.70027
-6.70416
-6.70151
-6.69578
-6.68318
-6.66721
-6.64692
-6.62684
-6.60479
-6.58122
-6.55628
-6.53544
-6.51501
-6.49958
-6.49439
-6.49824
-6.51293
-6.54165
-6.57728
-6.61975
-6.6637
-6.70329
-6.73352
-6.75045
-6.75675
-6.74928
-6.7376
-6.7202
-6.70178
-6.67858
-6.65121
-6.62879
-6.60861
-6.59712
-6.59541
-6.60132
-6.61548
-6.63086
-6.64556
-6.65821
-6.66602
-6.67348
-6.68174
-6.68897
-6.6948
-6.69586
-6.69135
-6.68135
-6.66649
-6.65213
-6.63408
-6.6141
-6.59169
-6.5669
-6.54331
-6.52239
-6.51119
-6.50953
-6.52205
-6.54874
-6.59011
-6.63818
-6.68914
-6.72911
-6.76084
-6.77877
-6.78233
-6.77443
-6.75505
-6.73266
-6.70158
-6.66936
-6.63864
-6.61588
-6.59889
-6.59156
-6.5899
-6.59024
-6.58772
-6.58407
-6.57871
-6.56765
-6.55586
-6.54423
-6.53616
-6.535
-6.54221
-6.55544
-6.57816
-6.61145
-6.65325
-6.69463
-6.72984
-6.75762
-6.77469
-6.77709
-6.77826
-6.77057
-6.76131
-6.75242
-6.74416
-6.73799
-6.73305
-6.73029
-6.72577
-6.71726
-6.70591
-6.69073
-6.67322
-6.65699
-6.63988
-6.62487
-6.6127
-6.60463
-6.60177
-6.59904
-6.59357
-6.59074
-6.58383
-6.57786
-6.57304
-6.57007
-6.56733
-6.56511
-6.56752
-6.56767
-6.56635
-6.56042
-6.55399
-6.54377
-6.53497
-6.53244
-6.5329
-6.53789
-6.54364
-6.5555
-6.57154
-6.58752
-6.60513
-6.62174
-6.63693
-6.64881
-6.66138
-6.67178
-6.68424
-6.69912
-6.71383
-6.72418
-6.72977
-6.72892
-6.72299
-6.71456
-6.70451
-6.69298
-6.67711
-6.66103
-6.64167
-6.62751
-6.61839
-6.60999
-6.60753
-6.60512
-6.60335
-6.59987
-6.59428
-6.58753
-6.58014
-6.57561
-6.5724
-6.57457
-6.58408
-6.59874
-6.61584
-6.63373
-6.64972
-6.66052
-6.66458
-6.66352
-6.66262
-6.66681
-6.67082
-6.67713
-6.68537
-6.69441
-6.70148
-6.70686
