-5.40885
-5.40885
-5.4095
-5.4095
-5.40982
-5.41177
-5.4108
-5.40918
-5.41015
-5.41177
-5.41339
-5.41307
-5.41339
-5.41468
-5.41824
-5.41371
-5.41306
-5.41371
-5.41144
-5.40853
-5.40853
-5.40821
-5.4108
-5.41015
-5.41048
-5.41048
-5.41242
-5.41404
-5.41242
-5.41209
-5.41436
-5.41403
-5.41403
-5.41144
-5.41047
-5.41209
-5.41501
-5.41631
-5.41598
-5.41696
-5.41339
-5.41145
-5.41307
-5.41307
-5.41242
-5.41144
-5.41144
-5.41242
-5.4108
-5.40756
-5.40854
-5.41048
-5.41113
-5.41016
-5.40789
-5.40692
-5.40691
-5.40594
-5.40594
-5.40561
-5.40367
-5.40334
-5.40464
-5.40594
-5.40464
-5.40529
-5.40821
-5.40918
-5.40886
-5.40886
-5.40918
-5.40918
-5.40853
-5.40853
-5.40918
-5.41242
-5.41307
-5.41209
-5.41242
-5.41339
-5.41242
-5.41209
-5.40982
-5.41048
-5.41112
-5.41112
-5.41177
-5.41177
-5.41306
-5.41404
-5.41307
-5.41339
-5.41307
-5.41404
-5.41307
-5.41372
-5.41242
-5.41113
-5.41113
-5.40919
-5.40983
-5.41081
-5.41048
-5.40983
-5.4121
-5.41113
-5.40918
-5.40886
-5.40789
-5.40659
-5.4053
-5.40692
-5.40789
-5.41016
-5.40822
-5.40984
-5.40886
-5.40886
-5.41016
-5.41016
-5.40919
-5.40919
-5.41145
-5.41242
-5.41404
-5.41501
-5.41339
-5.41404
-5.41404
-5.41307
-5.41274
-5.4108
-5.4108
-5.41048
-5.41145
-5.4121
-5.41113
-5.4121
-5.41242
-5.41112
-5.41371
-5.41436
-5.41371
-5.41112
-5.41274
-5.4095
-5.41015
-5.41015
-5.41015
-5.40918
-5.40854
-5.40886
-5.40854
-5.40659
-5.40853
-5.40918
-5.40918
-5.40853
-5.40691
-5.40853
-5.40982
-5.40691
-5.40659
-5.40756
-5.40659
-5.40724
-5.40789
-5.40757
-5.40822
-5.40822
-5.40886
-5.40886
-5.40821
-5.40918
-5.4082
-5.40853
-5.40561
-5.40432
-5.40529
-5.404
-5.40497
-5.40433
-5.40562
-5.40627
-5.4053
-5.40368
-5.40432
-5.404
-5.40594
-5.40658
-5.40852
-5.4095
-5.40949
-5.40982
-5.40853
-5.4082
-5.41047
-5.41209
-5.41468
-5.41501
-5.41371
-5.41306
-5.41241
-5.41144
-5.41273
-5.41079
-5.41079
-5.41209
-5.41111
-5.40982
-5.41014
-5.41014
-5.41143
-5.40917
-5.41046
-5.41014
-5.40982
-5.40982
-5.41046
-5.41014
-5.41046
-5.41111
-5.41078
-5.41046
-5.40917
-5.41078
-5.41305
-5.41111
-5.4111
-5.41207
-5.41175
-5.4111
-5.40981
-5.40851
-5.40948
-5.41046
-5.40916
-5.40625
-5.4069
-5.40722
-5.40787
-5.40787
-5.41046
-5.40916
-5.40949
-5.41046
-5.41207
-5.41304
-5.41207
-5.41013
-5.40916
-5.40981
-5.40851
-5.40819
-5.40528
-5.40463
-5.40301
-5.40462
-5.40656
-5.40721
-5.40883
-5.40657
-5.40527
-5.40528
-5.40528
-5.40625
-5.40463
-5.40819
-5.40884
-5.40851
-5.40721
-5.40721
-5.41012
-5.4098
-5.41077
-5.41175
-5.4124
-5.41272
-5.41078
-5.41013
-5.41143
-5.41078
-5.4124
-5.41402
-5.41499
-5.41725
-5.41693
-5.4166
-5.41433
-5.41531
-5.41466
-5.41337
-5.41175
-5.41207
-5.41175
-5.41143
-5.41305
-5.41013
-5.40948
-5.40818
-5.40818
-5.40657
-5.40657
-5.40786
-5.40689
-5.40657
-5.40657
-5.40689
-5.40657
-5.40689
-5.40721
-5.40948
-5.41045
-5.40916
-5.40787
-5.40592
-5.40689
-5.40689
-5.40786
-5.40787
-5.40819
-5.40884
-5.41176
-5.41079
-5.40981
-5.40723
-5.4069
-5.40755
-5.40787
-5.40755
-5.40722
-5.40755
-5.40884
-5.40625
-5.40658
-5.4082
-5.40723
-5.40658
-5.40788
-5.40658
-5.4069
-5.40755
-5.40755
-5.40658
-5.4069
-5.40884
-5.41046
-5.41208
-5.41078
-5.41014
-5.40755
-5.40756
-5.40626
-5.40723
-5.40918
-5.41079
-5.41144
-5.41371
-5.41241
-5.41144
-5.40982
-5.41144
-5.41047
-5.41144
-5.40852
-5.41046
-5.41176
-5.4124
-5.41305
-5.415
-5.41435
-5.41338
-5.41467
-5.41499
-5.4137
-5.41338
-5.41144
-5.41209
-5.41306
-5.41241
-5.41111
-5.41143
-5.41337
-5.41207
-5.41045
-5.40948
-5.40722
-5.40787
-5.40819
-5.40593
-5.40787
-5.40949
-5.40949
-5.40917
-5.40949
-5.41208
-5.41078
-5.41337
-5.41207
-5.41078
-5.41046
-5.41175
-5.4124
-5.41305
-5.40981
-5.41013
-5.40884
-5.40819
-5.40851
-5.40625
-5.40495
-5.4056
-5.40592
-5.40625
-5.40722
-5.40916
-5.40851
-5.40754
-5.40689
-5.40721
-5.40786
-5.40721
-5.40624
-5.40527
-5.40559
-5.40786
-5.40786
-5.40722
-5.40851
-5.41111
-5.41175
-5.41014
-5.41143
-5.4124
-5.4124
-5.41402
-5.41467
-5.41337
-5.41402
-5.41402
-5.41207
-5.41239
-5.4111
-5.41078
-5.41143
-5.41079
-5.41014
-5.40917
-5.40884
-5.40755
-5.40755
-5.40852
-5.40722
-5.40917
-5.40884
-5.40851
-5.40884
-5.40851
-5.40787
-5.40593
-5.40399
-5.40593
-5.40626
-5.40691
-5.40691
-5.4082
-5.4082
-5.40658
-5.40593
-5.40528
-5.40593
-5.40593
-5.40625
-5.40496
-5.40691
-5.40853
-5.4095
-5.41047
-5.41079
-5.4082
-5.40819
-5.40948
-5.40916
-5.40916
-5.40948
-5.40852
-5.41111
-5.41208
-5.4137
-5.41532
-5.41435
-5.41435
-5.415
-5.4137
-5.41435
-5.41273
-5.40852
-5.40722
-5.40625
-5.40658
-5.40754
-5.40722
-5.40754
-5.40916
-5.40851
-5.40754
-5.40689
-5.40624
-5.40527
-5.4043
-5.40366
-5.40463
-5.40593
-5.40658
-5.4069
-5.40754
-5.40787
-5.40689
-5.40592
-5.40722
-5.4069
-5.40949
-5.40819
-5.40851
-5.40819
-5.4069
-5.40722
-5.40884
-5.40981
-5.41013
-5.40818
-5.40819
-5.40916
-5.40948
-5.40851
-5.40786
-5.40786
-5.40559
-5.40657
-5.4056
-5.4069
-5.40884
-5.40852
-5.40754
-5.40722
-5.40786
-5.40948
-5.40721
-5.40624
-5.40559
-5.40818
-5.40656
-5.40624
-5.40527
-5.40851
-5.40916
-5.41078
-5.40981
-5.40884
-5.41111
-5.41175
-5.41207
-5.41208
-5.4124
-5.41337
-5.41175
-5.41142
-5.41078
-5.41175
-5.4111
-5.41013
-5.40915
-5.40786
-5.40818
-5.40656
-5.40753
-5.40688
-5.40721
-5.40721
-5.40689
-5.40819
-5.40981
-5.40755
-5.40852
-5.40884
-5.40981
-5.40981
-5.40819
-5.40625
-5.40754
-5.40787
-5.40981
-5.40948
-5.40884
-5.4111
-5.41045
-5.40818
-5.40948
-5.41077
-5.4098
-5.40948
-5.41078
-5.40949
-5.40819
-5.40852
-5.40722
-5.40852
-5.40788
-5.40723
-5.40658
-5.40658
-5.40561
-5.40819
-5.41046
-5.41046
-5.41013
-5.41111
-5.41305
-5.4124
-5.41046
-5.41176
-5.41111
-5.41078
-5.41014
-5.41046
-5.40787
-5.40917
-5.40917
-5.40787
-5.4069
-5.4069
-5.4069
-5.4069
-5.40755
-5.4069
-5.40851
-5.40981
-5.41013
-5.40851
-5.40819
-5.40755
-5.40658
-5.40593
-5.40464
-5.40495
-5.40495
-5.40689
-5.4069
-5.40819
-5.40819
-5.40916
-5.41046
-5.41175
-5.41207
-5.41143
-5.41111
-5.4124
-5.41338
-5.41208
-5.4124
-5.41175
-5.41111
-5.41046
-5.41046
-5.41013
-5.41046
-5.40884
-5.41014
-5.41111
-5.40788
-5.40982
-5.40788
-5.4095
-5.41047
-5.41079
-5.41241
-5.41079
-5.41144
-5.41145
-5.41048
-5.41145
-5.41047
-5.40853
-5.40561
-5.40755
-5.41046
-5.41208
-5.41209
-5.41079
-5.41015
-5.41015
-5.4095
-5.41047
-5.40885
-5.4082
-5.4095
-5.41047
-5.41079
-5.41079
-5.41079
-5.41014
-5.41079
-5.41112
-5.41047
-5.40918
-5.40885
-5.40724
-5.40788
-5.40756
-5.4082
-5.41112
-5.41079
-5.41209
-5.41015
-5.40886
-5.41015
-5.41177
-5.41178
-5.41275
-5.4121
-5.41209
-5.41144
-5.41241
-5.41079
-5.41241
-5.41177
-5.41047
-5.41112
-5.41048
-5.41015
-5.41144
-5.41015
-5.40723
-5.40626
-5.40692
-5.40724
-5.40724
-5.40886
-5.40886
-5.40951
-5.40983
-5.41047
-5.41209
-5.41209
-5.41403
-5.41404
-5.41242
-5.4108
-5.40951
-5.40918
-5.40788
-5.40821
-5.40918
-5.40983
-5.4108
-5.41177
-5.41015
-5.40983
-5.40983
-5.40756
-5.40788
-5.40885
-5.40821
-5.40691
-5.40497
-5.40691
-5.40756
-5.4053
-5.40562
-5.40724
-5.40627
-5.40757
-5.40886
-5.40886
-5.40692
-5.40853
-5.40886
-5.40853
-5.40853
-5.40659
-5.40659
-5.40723
-5.40756
-5.40691
-5.40723
-5.40788
-5.40821
-5.40756
-5.40724
-5.40659
-5.40529
-5.40724
-5.40983
-5.41015
-5.41015
-5.4108
-5.41242
-5.41339
-5.41371
-5.41695
-5.41825
-5.41857
-5.41533
-5.41566
-5.41436
-5.41274
-5.41403
-5.41436
-5.41403
-5.41468
-5.41338
-5.41143
-5.41144
-5.40982
-5.40982
-5.41015
-5.40983
-5.41015
-5.41145
-5.40918
-5.4108
-5.41209
-5.41047
-5.40885
-5.40755
-5.40884
-5.40884
-5.4082
-5.4082
-5.4069
-5.40755
-5.40723
-5.40626
-5.40723
-5.4069
-5.4069
-5.4069
-5.40787
-5.41046
-5.41014
-5.40852
-5.4069
-5.40852
-5.41014
-5.40949
-5.41014
-5.41014
-5.41144
-5.415
-5.41565
-5.41468
-5.41727
-5.4137
-5.41176
-5.41143
-5.41143
-5.40884
-5.40916
-5.40787
-5.40916
-5.40916
-5.40884
-5.41143
-5.41014
-5.41079
-5.41079
-5.40949
-5.40884
-5.40755
-5.40949
-5.41176
-5.40884
-5.40819
-5.40657
-5.40722
-5.40917
-5.40917
-5.40852
-5.40625
-5.40657
-5.40787
-5.41013
-5.41046
-5.40949
-5.40723
-5.4082
-5.4095
-5.40788
-5.4082
-5.40885
-5.41014
-5.41014
-5.41079
-5.41176
-5.41208
-5.41306
-5.41241
-5.41306
-5.41209
-5.40949
-5.40949
-5.41014
-5.40981
-5.40852
-5.40916
-5.41046
-5.41014
-5.40917
-5.40852
-5.40917
-5.40852
-5.40723
-5.40853
-5.40788
-5.4095
-5.41015
-5.41015
-5.41112
-5.41144
-5.41209
-5.40917
-5.40787
-5.4069
-5.40722
-5.40819
-5.40722
-5.40787
-5.40657
-5.40819
-5.41046
-5.41306
-5.41079
-5.41144
-5.40982
-5.40918
-5.40918
-5.40853
-5.40593
-5.40496
-5.40852
-5.40755
-5.40884
-5.40981
-5.41078
-5.41143
-5.41014
-5.40852
-5.41046
-5.41014
-5.40884
-5.40787
-5.40949
-5.40852
-5.4082
-5.40723
-5.40723
-5.40691
-5.4082
-5.40917
-5.41079
-5.40949
-5.41013
-5.40981
-5.41143
-5.40948
-5.40981
-5.41013
-5.40884
-5.40852
-5.40755
-5.40982
-5.41014
-5.40885
-5.4095
-5.41144
-5.41112
-5.41144
-5.41209
-5.41241
-5.41144
-5.41306
-5.41079
-5.40885
-5.41079
-5.40982
-5.40982
-5.4095
-5.4108
-5.41209
-5.41145
-5.41178
-5.4121
-5.41178
-5.41275
-5.41274
-5.41145
-5.41112
-5.41177
-5.41047
-5.41047
-5.41047
-5.4095
-5.40885
-5.40853
-5.41015
-5.40983
-5.41242
-5.41145
-5.41145
-5.41113
-5.41113
-5.4134
-5.4134
-5.41404
-5.41242
-5.4108
-5.40918
-5.4108
-5.4108
-5.41015
-5.40918
-5.40885
-5.40821
-5.40627
-5.40756
-5.40853
-5.40853
-5.40853
-5.40821
-5.40918
-5.4108
-5.41113
-5.41242
-5.41469
-5.41339
-5.41339
-5.4121
-5.41113
-5.4108
-5.40951
-5.40918
-5.40886
-5.40854
-5.40757
-5.40822
-5.40919
-5.40789
-5.40627
-5.40723
-5.40788
-5.40821
-5.40983
-5.40821
-5.40854
-5.40918
-5.4095
-5.40918
-5.41015
-5.40789
-5.40756
-5.40659
-5.40627
-5.40756
-5.40756
-5.4053
-5.40627
-5.40821
-5.40821
-5.40788
-5.40853
-5.40854
-5.4066
-5.40498
-5.40595
-5.40757
-5.40756
-5.40853
-5.40853
-5.40723
-5.40496
-5.40432
-5.40497
-5.40497
-5.40464
-5.40529
-5.40724
-5.40594
-5.40594
-5.40627
-5.40821
-5.40724
-5.4095
-5.40918
-5.40885
-5.4082
-5.40691
-5.40724
-5.40821
-5.40854
-5.40886
-5.40822
-5.40595
-5.40757
-5.4108
-5.41016
-5.40886
-5.40886
-5.40691
-5.40821
-5.40788
-5.40918
-5.41113
-5.41372
-5.41534
-5.41469
-5.41372
-5.41178
-5.41178
-5.41145
-5.40983
-5.40886
-5.40886
-5.40724
-5.40757
-5.40854
-5.4079
-5.40822
-5.41114
-5.41178
-5.41276
-5.41243
-5.41049
-5.41016
-5.41081
-5.40692
-5.40854
-5.40822
-5.40887
-5.40952
-5.40855
-5.4066
-5.40628
-5.40628
-5.40758
-5.40725
-5.40628
-5.40596
-5.40758
-5.40823
-5.41017
-5.41049
-5.40887
-5.40985
-5.40985
-5.41082
-5.4092
-5.40726
-5.4079
-5.40823
-5.41049
-5.41146
-5.41113
-5.40951
-5.40822
-5.40984
-5.41275
-5.41146
-5.41147
-5.40985
-5.4092
-5.4105
-5.41179
-5.41309
-5.41276
-5.41211
-5.41082
-5.40888
-5.40887
-5.4092
-5.41017
-5.40952
-5.40855
-5.41017
-5.41049
-5.41082
-5.4105
-5.41018
-5.41018
-5.40953
-5.40888
-5.40791
-5.40856
-5.40823
-5.40791
-5.40791
-5.40758
-5.40823
-5.40661
-5.40758
-5.40661
-5.40596
-5.40823
-5.40823
-5.40758
-5.40596
-5.40434
-5.40467
-5.40273
-5.40273
-5.40532
-5.40467
-5.40596
-5.40499
-5.40532
-5.40628
-5.4079
-5.40726
-5.40661
-5.40499
-5.40531
-5.40466
-5.40466
-5.40531
-5.40531
-5.40467
-5.40629
-5.40791
-5.41082
-5.40985
-5.40791
-5.4105
-5.41115
-5.41115
-5.41179
-5.41115
-5.41017
-5.41114
-5.41147
-5.41276
-5.41309
-5.41212
-5.41406
-5.41276
-5.41178
-5.40952
-5.41016
-5.40757
-5.40693
-5.40822
-5.4092
-5.4092
-5.41017
-5.40888
-5.40984
-5.40984
-5.41146
-5.41049
-5.41243
-5.41308
-5.41503
-5.41406
-5.41244
-5.41211
-5.41082
-5.41114
-5.40952
-5.40855
-5.40984
-5.41017
-5.41017
-5.40758
-5.40823
-5.40856
-5.40629
-5.40661
-5.40596
-5.40693
-5.4079
-5.40596
-5.40596
-5.40466
-5.40499
-5.40628
-5.40693
-5.40725
-5.40855
-5.40888
-5.40759
-5.41115
-5.4105
-5.40921
-5.41018
-5.41309
-5.41309
-5.41373
-5.4147
-5.41276
-5.41438
-5.41309
-5.41212
-5.41342
-5.41245
-5.41277
-5.41018
-5.41115
-5.41374
-5.41147
-5.41341
-5.41212
-5.41018
-5.41213
-5.41148
-5.41018
-5.40954
-5.41018
-5.41115
-5.40824
-5.40726
-5.40759
-5.4092
-5.40985
-5.40953
-5.40985
-5.41115
-5.40985
-5.40953
-5.40921
-5.4118
-5.40889
-5.4076
-5.40857
-5.41019
-5.40922
-5.40987
-5.40889
-5.40921
-5.40888
-5.4105
-5.41115
-5.41244
-5.41309
-5.41374
-5.41147
-5.41115
-5.4105
-5.41083
-5.40921
-5.40824
-5.40889
-5.40597
-5.40694
-5.40694
-5.405
-5.40468
-5.405
-5.40792
-5.40791
-5.40597
-5.40889
-5.40759
-5.40856
-5.41051
-5.41212
-5.41536
-5.41536
-5.41536
-5.41763
-5.41666
-5.41698
-5.41504
-5.41504
-5.41277
-5.40986
-5.41083
-5.41083
-5.40986
-5.41018
-5.41116
-5.41083
-5.40889
-5.40695
-5.40792
-5.40856
-5.40726
-5.40758
-5.40824
-5.41018
-5.40727
-5.4076
-5.40922
-5.41019
-5.41051
-5.41019
-5.40986
-5.41116
-5.41116
-5.41278
-5.41213
-5.40986
-5.40954
-5.40727
-5.4063
-5.40694
-5.40727
-5.40759
-5.41018
-5.41148
-5.41277
-5.41018
-5.40792
-5.40922
-5.40987
-5.4089
-5.40696
-5.40534
-5.40598
-5.40662
-5.40663
-5.40436
-5.40371
-5.4063
-5.40727
-5.40792
-5.40792
-5.40856
-5.41051
-5.41116
-5.41278
-5.41084
-5.41084
-5.41052
-5.41213
-5.41083
-5.40889
-5.40889
-5.40792
-5.40662
-5.40824
-5.40792
-5.40857
-5.40954
-5.40727
-5.4063
-5.40566
-5.40533
-5.40566
-5.40598
-5.40501
-5.40728
-5.40728
-5.40728
-5.40922
-5.40922
-5.40955
-5.40793
-5.40858
-5.4089
-5.40857
-5.41019
-5.41084
-5.41019
-5.41051
-5.41051
-5.40922
-5.41213
-5.41278
-5.41213
-5.41375
-5.41505
-5.41537
-5.41699
-5.41634
-5.41537
-5.41861
-5.41569
-5.41731
-5.41472
-5.4131
-5.41245
-5.41051
-5.41149
-5.41084
-5.40857
-5.40889
-5.41181
-5.41213
-5.41019
-5.40759
-5.4076
-5.40825
-5.41019
-5.40825
-5.40857
-5.4089
-5.40825
-5.40825
-5.40695
-5.4076
-5.4076
-5.40663
-5.40598
-5.4076
-5.40695
-5.40825
-5.40987
-5.40987
-5.40922
-5.41181
-5.41149
-5.41084
-5.4102
-5.41084
-5.41246
-5.41311
-5.41181
-5.40987
-5.41148
-5.4131
-5.41116
-5.40857
-5.41051
-5.41051
-5.40857
-5.40922
-5.40857
-5.40987
-5.41019
-5.41278
-5.41375
-5.4144
-5.41375
-5.41278
-5.41149
-5.4089
-5.41052
-5.41052
-5.41084
-5.41116
-5.41083
-5.41018
-5.40954
-5.41083
-5.40954
-5.41084
-5.41214
-5.41311
-5.41408
-5.41343
-5.41343
-5.41278
-5.41246
-5.41148
-5.41213
-5.41052
-5.40858
-5.40728
-5.40825
-5.40566
-5.40631
-5.40663
-5.40695
-5.40565
-5.405
-5.405
-5.40598
-5.40695
-5.40922
-5.41019
-5.41084
-5.41052
-5.40955
-5.40858
-5.4076
-5.40631
-5.40631
-5.4076
-5.40792
-5.40922
-5.41084
-5.41116
-5.40922
-5.40954
-5.40825
-5.41052
-5.40922
-5.41084
-5.41149
-5.41376
-5.41376
-5.41181
-5.41181
-5.41181
-5.41246
-5.41182
-5.41311
-5.41182
-5.41182
-5.4102
-5.40955
-5.40793
-5.40631
-5.40696
-5.40761
-5.40858
-5.40761
-5.40696
-5.40631
-5.40534
-5.40566
-5.40857
-5.4076
-5.40825
-5.40695
-5.40631
-5.40696
-5.40663
-5.40793
-5.40728
-5.40857
-5.40987
-5.41181
-5.41083
-5.4131
-5.41213
-5.41245
-5.41213
-5.41408
-5.41505
-5.41441
-5.40955
-5.40987
-5.41019
-5.41181
-5.40986
-5.41083
-5.41083
-5.41245
-5.41116
-5.41019
-5.40954
-5.41019
-5.40954
-5.40987
-5.40857
-5.40922
-5.41019
-5.41149
-5.41084
-5.41019
-5.40921
-5.41148
-5.41148
-5.40986
-5.40825
-5.40792
-5.4089
-5.40954
-5.41149
-5.41149
-5.41181
-5.40987
-5.40954
-5.40954
-5.41084
-5.41213
-5.41148
-5.41051
-5.40889
-5.41019
-5.40921
-5.40954
-5.40954
-5.40953
-5.41115
-5.40791
-5.40824
-5.40792
-5.41018
-5.40889
-5.41116
-5.40987
-5.4089
-5.40955
-5.41019
-5.41084
-5.41148
-5.41019
-5.40986
-5.41116
-5.41148
-5.41116
-5.41181
-5.41084
-5.41116
-5.40986
-5.40889
-5.40987
-5.40954
-5.40825
-5.40631
-5.40793
-5.4076
-5.40825
-5.40857
-5.40986
-5.41116
-5.41019
-5.41051
-5.41019
-5.41181
-5.41084
-5.41116
-5.41052
-5.41019
-5.41148
-5.41084
-5.41051
-5.40954
-5.41084
-5.41051
-5.40954
-5.41148
-5.41278
-5.41148
-5.41148
-5.41245
-5.41083
-5.40662
-5.40662
-5.40759
-5.40824
-5.41083
-5.41083
-5.40921
-5.40565
-5.40597
-5.4063
-5.40726
-5.40726
-5.40694
-5.40596
-5.40791
-5.40888
-5.40921
-5.40662
-5.4063
-5.40695
-5.40792
-5.40986
-5.41277
-5.4131
-5.41439
-5.41342
-5.41439
-5.41471
-5.41374
-5.41277
-5.41407
-5.41342
-5.41245
-5.41148
-5.41084
-5.40857
-5.4076
-5.40857
-5.40987
-5.41116
-5.41311
-5.41343
-5.41246
-5.41182
-5.41343
-5.41408
-5.41408
-5.41311
-5.41441
-5.41408
-5.41279
-5.41279
-5.4115
-5.40988
-5.40891
-5.40923
-5.40955
-5.40891
-5.40923
-5.41118
-5.41053
-5.40891
-5.40891
-5.41053
-5.4115
-5.41085
-5.41247
-5.4102
-5.40729
-5.40794
-5.40891
-5.40859
-5.40795
-5.40859
-5.4073
-5.40795
-5.41054
-5.40989
-5.40859
-5.40826
-5.40664
-5.40858
-5.41085
-5.41085
-5.41086
-5.41183
-5.41183
-5.41313
-5.4141
-5.4141
-5.41216
-5.41345
-5.41475
-5.41507
-5.4128
-5.41215
-5.41247
-5.40988
-5.41021
-5.41086
-5.4115
-5.4115
-5.41183
-5.41118
-5.40891
-5.41053
-5.40989
-5.40989
-5.41054
-5.41151
-5.41118
-5.41086
-5.40989
-5.40957
-5.41119
-5.41248
-5.41119
-5.41021
-5.41021
-5.40956
-5.40924
-5.40988
-5.40697
-5.40665
-5.4073
-5.40665
-5.40535
-5.40697
-5.40599
-5.40502
-5.40599
-5.40664
-5.40696
-5.40664
-5.40761
-5.40632
-5.40599
-5.40794
-5.40858
-5.40794
-5.40826
-5.40956
-5.40762
-5.40956
-5.40988
-5.40956
-5.40858
-5.41085
-5.41052
-5.41085
-5.4102
-5.40826
-5.40794
-5.40859
-5.41118
-5.41085
-5.41021
-5.41021
-5.41021
-5.40988
-5.41021
-5.41021
-5.41118
-5.4102
-5.4102
-5.41053
-5.40923
-5.40988
-5.41052
-5.41182
-5.41312
-5.41409
-5.41442
-5.41377
-5.4115
-5.41118
-5.41021
-5.41377
-5.41345
-5.41215
-5.4115
-5.41215
-5.41247
-5.41247
-5.4115
-5.4115
-5.4115
-5.41182
-5.4102
-5.40891
-5.40891
-5.40923
-5.40825
-5.40696
-5.40825
-5.40858
-5.40631
-5.40599
-5.40535
-5.40535
-5.40502
-5.40599
-5.40793
-5.40987
-5.40858
-5.41019
-5.41149
-5.41149
-5.41473
-5.41214
-5.41149
-5.41441
-5.41506
-5.41117
-5.41214
-5.41246
-5.41214
-5.41084
-5.41181
-5.41181
-5.41311
-5.41278
-5.41052
-5.41019
-5.40825
-5.40857
-5.41019
-5.40954
-5.40922
-5.4089
-5.4102
-5.41052
-5.41052
-5.41182
-5.4115
-5.41182
-5.41182
-5.41084
-5.41245
-5.41213
-5.41375
-5.41472
-5.41408
-5.41182
-5.41247
-5.41117
-5.41117
-5.41052
-5.41181
-5.40954
-5.41019
-5.41083
-5.41116
-5.41213
-5.41181
-5.41213
-5.40987
-5.41116
-5.40954
-5.40825
-5.40728
-5.40857
-5.40825
-5.40825
-5.4089
-5.40792
-5.4076
-5.40695
-5.4076
-5.40825
-5.40987
-5.40987
-5.40987
-5.40858
-5.4089
-5.41085
-5.4102
-5.41117
-5.41247
-5.41085
-5.41085
-5.40988
-5.41117
-5.4089
-5.4076
-5.40695
-5.4076
-5.4089
-5.40922
-5.41149
-5.41052
-5.41019
-5.4089
-5.40858
-5.40922
-5.41052
-5.41214
-5.40955
-5.41085
-5.40728
-5.40793
-5.4089
-5.41246
-5.41246
-5.41214
-5.41181
-5.41019
-5.41149
-5.41084
-5.41052
-5.40955
-5.40955
-5.40955
-5.40728
-5.40922
-5.41052
-5.40955
-5.40987
-5.41117
-5.41019
-5.41019
-5.40922
-5.40792
-5.40695
-5.4076
-5.4076
-5.40825
-5.40728
-5.40501
-5.40566
-5.40793
-5.40663
-5.40922
-5.41214
-5.41149
-5.40955
-5.40955
-5.41019
-5.40922
-5.41116
-5.41084
-5.41213
-5.41116
-5.41278
-5.41051
-5.40986
-5.40986
-5.41019
-5.40792
-5.40825
-5.40727
-5.40824
-5.40986
-5.41051
-5.41051
-5.40954
-5.40857
-5.40728
-5.40825
-5.4076
-5.4076
-5.40922
-5.40727
-5.40889
-5.40921
-5.40889
-5.40889
-5.40953
-5.4092
-5.41309
-5.41471
-5.41341
-5.41342
-5.41116
-5.40889
-5.41018
-5.40986
-5.40792
-5.40694
-5.40759
-5.40856
-5.40791
-5.40694
-5.40953
-5.4105
-5.41018
-5.40921
-5.41115
-5.41115
-5.41342
-5.41245
-5.41212
-5.41148
-5.4118
-5.4131
-5.41374
-5.41406
-5.41536
-5.41406
-5.41374
-5.41245
-5.41342
-5.41148
-5.40986
-5.40921
-5.41018
-5.40888
-5.40953
-5.40856
-5.40726
-5.40694
-5.405
-5.4063
-5.40533
-5.40727
-5.4063
-5.40759
-5.41018
-5.41082
-5.41018
-5.4092
-5.41147
-5.41374
-5.4131
-5.41278
-5.41375
-5.41408
-5.4144
-5.41278
-5.41408
-5.41375
-5.40954
-5.40856
-5.40791
-5.40759
-5.40694
-5.40661
-5.40499
-5.40694
-5.40694
-5.40791
-5.40662
-5.40727
-5.40986
-5.41116
-5.40954
-5.40889
-5.41116
-5.41213
-5.41245
-5.41213
-5.41148
-5.41181
-5.41083
-5.41245
-5.41374
-5.41342
-5.4118
-5.41278
-5.41278
-5.41278
-5.41342
-5.41375
-5.41602
-5.41796
-5.41602
-5.41278
-5.41084
-5.41051
-5.41278
-5.41245
-5.41375
-5.4118
-5.41374
-5.41536
-5.41536
-5.41504
-5.41666
-5.41504
-5.41407
-5.41278
-5.41149
-5.41278
-5.41311
-5.41214
-5.41311
-5.41246
-5.41084
-5.40987
-5.4076
-5.40695
-5.40759
-5.40727
-5.40728
-5.40923
-5.40988
-5.40664
-5.40632
-5.40535
-5.40502
-5.40372
-5.40404
-5.40566
-5.40404
-5.40404
-5.40339
-5.40404
-5.40631
-5.40696
-5.40728
-5.40664
-5.40566
-5.40469
-5.40664
-5.40728
-5.40566
-5.40825
-5.40792
-5.40856
-5.40954
-5.40921
-5.41083
-5.41051
-5.41051
-5.4118
-5.41213
-5.41116
-5.40954
-5.40954
-5.40986
-5.40857
-5.40954
-5.40986
-5.41051
-5.41116
-5.41084
-5.41116
-5.41115
-5.41245
-5.41051
-5.40759
-5.40759
-5.40662
-5.40727
-5.40889
-5.41019
-5.41019
-5.41149
-5.40987
-5.40825
-5.40598
-5.40663
-5.4076
-5.40954
-5.40824
-5.40727
-5.40564
-5.40597
-5.40661
-5.40694
-5.40791
-5.40824
-5.40954
-5.41019
-5.40986
-5.41052
-5.41246
-5.41213
-5.41051
-5.41084
-5.41051
-5.41116
-5.41439
-5.41083
-5.41115
-5.40986
-5.40888
-5.40629
-5.40629
-5.40694
-5.40727
-5.40792
-5.40921
-5.40857
-5.40986
-5.4076
-5.40857
-5.40857
-5.40921
-5.41051
-5.41083
-5.41212
-5.4118
-5.41147
-5.41018
-5.4105
-5.40954
-5.41083
-5.4118
-5.41245
-5.41213
-5.41148
-5.41278
-5.41213
-5.41149
-5.41375
-5.41116
-5.41051
-5.41083
-5.40888
-5.40726
-5.40888
-5.41017
-5.40856
-5.40986
-5.4105
-5.40986
-5.41018
-5.40889
-5.41083
-5.40986
-5.40791
-5.40694
-5.40694
-5.40889
-5.41018
-5.41018
-5.4105
-5.40953
-5.41245
-5.41471
-5.41309
-5.41212
-5.41244
-5.41083
-5.40921
-5.40662
-5.40565
-5.40532
-5.40695
-5.40695
-5.40533
-5.40598
-5.40565
-5.40468
-5.40338
-5.40532
-5.40694
-5.40694
-5.40759
-5.40792
-5.40662
-5.40695
-5.4063
-5.40727
-5.40533
-5.4063
-5.40468
-5.40726
-5.40921
-5.40985
-5.4105
-5.40888
-5.40694
-5.40791
-5.40888
-5.40694
-5.40694
-5.40694
-5.40792
-5.40759
-5.40727
-5.40759
-5.40856
-5.40921
-5.40662
-5.40823
-5.40629
-5.40726
-5.40563
-5.40758
-5.40661
-5.40596
-5.40791
-5.40985
-5.41083
-5.41018
-5.41212
-5.41148
-5.41212
-5.41277
-5.41244
-5.41406
-5.41277
-5.41342
-5.41504
-5.41245
-5.4118
-5.41148
-5.41018
-5.41051
-5.41245
-5.41245
-5.4118
-5.41115
-5.41115
-5.40953
-5.41082
-5.41082
-5.41017
-5.40823
-5.40856
-5.40888
-5.40662
-5.40727
-5.40597
-5.405
-5.40727
-5.40694
-5.40791
-5.4105
-5.41082
-5.41114
-5.41146
-5.41179
-5.41211
-5.41147
-5.41179
-5.41147
-5.40888
-5.4092
-5.41276
-5.41244
-5.40888
-5.40823
-5.40791
-5.4092
-5.41018
-5.41115
-5.40953
-5.4079
-5.4079
-5.40725
-5.40758
-5.40823
-5.40629
-5.40693
-5.40434
-5.40661
-5.40693
-5.40629
-5.40564
-5.4092
-5.40855
-5.4092
-5.4079
-5.40823
-5.40791
-5.40888
-5.40855
-5.40953
-5.40823
-5.40952
-5.40855
-5.41017
-5.41016
-5.41211
-5.41275
-5.41178
-5.41049
-5.40725
-5.40725
-5.40822
-5.40855
-5.40887
-5.40693
-5.40822
-5.40823
-5.40758
-5.4079
-5.40952
-5.4092
-5.41049
-5.40952
-5.40823
-5.40952
-5.40855
-5.40758
-5.40758
-5.40855
-5.40791
-5.40888
-5.40758
-5.40791
-5.40726
-5.40953
-5.40953
-5.4118
-5.41309
-5.41277
-5.41115
-5.41017
-5.41147
-5.40855
-5.40726
-5.40467
-5.40499
-5.40564
-5.40467
-5.40532
-5.40855
-5.41017
-5.40953
-5.40888
-5.40758
-5.40694
-5.40629
-5.40726
-5.40758
-5.40629
-5.40629
-5.40758
-5.40855
-5.40887
-5.41082
-5.41114
-5.41309
-5.41179
-5.41308
-5.41341
-5.41309
-5.4147
-5.41502
-5.41276
-5.41437
-5.41405
-5.41405
-5.41308
-5.4134
-5.41243
-5.41179
-5.41017
-5.41146
-5.41179
-5.41178
-5.41114
-5.41211
-5.41276
-5.41277
-5.41244
-5.41277
-5.41309
-5.41373
-5.41179
-5.41017
-5.41049
-5.4079
-5.40952
-5.41146
-5.41114
-5.41049
-5.40984
-5.40758
-5.40758
-5.40726
-5.40823
-5.40791
-5.40856
-5.40791
-5.40758
-5.40693
-5.40758
-5.40887
-5.40919
-5.41016
-5.40919
-5.40855
-5.40887
-5.40888
-5.40888
-5.4092
-5.41082
-5.41276
-5.41276
-5.41212
-5.41471
-5.41373
-5.41308
-5.41114
-5.41406
-5.41341
-5.41438
-5.41503
-5.41406
-5.41503
-5.41632
-5.41665
-5.41697
-5.41309
-5.41244
-5.41212
-5.41115
-5.41082
-5.41018
-5.40823
-5.4092
-5.41147
-5.41309
-5.41244
-5.41342
-5.41406
-5.41277
-5.41115
-5.40953
-5.40921
-5.40888
-5.40888
-5.40791
-5.40823
-5.40791
-5.40499
-5.40596
-5.40661
-5.40661
-5.40758
-5.40759
-5.40921
-5.40921
-5.41018
-5.41051
-5.40986
-5.40824
-5.40694
-5.40824
-5.40953
-5.41147
-5.41114
-5.41179
-5.41211
-5.41082
-5.40985
-5.41148
-5.41245
-5.4131
-5.4131
-5.41018
-5.40985
-5.41147
-5.4105
-5.41179
-5.41082
-5.41115
-5.41115
-5.41245
-5.4105
-5.41018
-5.40986
-5.40921
-5.40758
-5.40823
-5.40758
-5.40791
-5.4092
-5.40758
-5.40726
-5.40661
-5.40888
-5.41147
-5.41244
-5.41374
-5.41471
-5.41536
-5.41374
-5.41504
-5.41471
-5.41407
-5.41439
-5.41406
-5.41212
-5.41212
-5.4105
-5.41147
-5.41147
-5.41114
-5.4118
-5.41212
-5.41051
-5.4118
-5.41083
-5.40986
-5.41051
-5.40986
-5.40921
-5.40694
-5.40791
-5.40661
-5.40564
-5.40628
-5.40822
-5.40887
-5.40855
-5.40725
-5.40758
-5.40661
-5.40564
-5.40661
-5.40694
-5.40823
-5.40726
-5.40791
-5.41018
-5.40953
-5.41147
-5.41244
-5.40985
-5.40952
-5.40984
-5.40693
-5.40596
-5.40757
-5.40758
-5.40855
-5.40758
-5.40919
-5.41113
-5.41211
-5.40984
-5.41469
-5.41567
-5.41534
-5.4134
-5.41373
-5.4147
-5.41405
-5.41179
-5.41373
-5.41437
-5.41243
-5.41145
-5.4121
-5.4108
-5.4121
-5.4121
-5.4108
-5.40886
-5.40854
-5.4079
-5.40757
-5.40854
-5.40757
-5.41081
-5.41146
-5.40984
-5.41016
-5.4079
-5.4066
-5.40725
-5.40854
-5.40627
-5.40628
-5.4079
-5.4079
-5.40822
-5.40854
-5.40757
-5.4066
-5.40725
-5.40693
-5.40855
-5.40887
-5.4066
-5.40757
-5.40951
-5.41146
-5.41081
-5.41211
-5.4121
-5.41275
-5.41081
-5.41113
-5.41145
-5.41307
-5.41146
-5.40952
-5.40984
-5.40693
-5.40628
-5.40693
-5.40725
-5.40758
-5.40757
-5.40531
-5.40725
-5.40725
-5.40822
-5.40854
-5.40886
-5.40886
-5.40984
-5.41243
-5.41405
-5.41178
-5.41211
-5.41082
-5.41179
-5.41017
-5.41082
-5.41308
-5.41664
-5.41567
-5.4134
-5.41372
-5.4134
-5.41243
-5.41275
-5.41048
-5.4121
-5.41048
-5.41048
-5.41081
-5.40757
-5.40887
-5.40952
-5.40823
-5.40855
-5.40984
-5.40984
-5.41049
-5.40984
-5.41178
-5.41146
-5.41243
-5.4134
-5.4147
-5.41373
-5.41276
-5.4134
-5.41146
-5.41081
-5.41114
-5.41178
-5.41179
-5.41211
-5.41146
-5.40984
-5.41146
-5.41049
-5.41178
-5.41211
-5.41211
-5.41178
-5.41211
-5.4121
-5.4121
-5.41146
-5.41113
-5.41307
-5.4121
-5.4121
-5.4121
-5.40887
-5.41049
-5.41113
-5.40984
-5.41081
-5.41145
-5.4121
-5.41371
-5.41144
-5.41015
-5.40885
-5.40918
-5.40886
-5.40919
-5.40757
-5.40855
-5.40823
-5.40855
-5.40822
-5.4066
-5.40627
-5.40692
-5.40562
-5.40594
-5.40529
-5.40594
-5.40821
-5.40853
-5.40918
-5.40918
-5.40983
-5.41242
-5.41242
-5.41016
-5.40854
-5.40886
-5.40788
-5.40853
-5.40918
-5.40918
-5.41048
-5.41015
-5.41177
-5.41209
-5.41242
-5.41274
-5.41339
-5.41501
-5.41565
-5.41501
-5.41404
-5.41307
-5.41307
-5.41048
-5.4108
-5.41015
-5.4095
-5.4095
-5.4108
-5.40982
-5.40788
-5.40431
-5.40529
-5.40561
-5.40658
-5.40626
-5.40302
-5.40334
-5.40431
-5.40593
-5.4069
-5.4069
-5.4069
-5.4069
-5.40917
-5.40949
-5.41047
-5.40949
-5.41047
-5.41144
-5.41209
-5.4137
-5.41273
-5.41306
-5.41371
-5.41144
-5.41209
-5.41274
-5.41177
-5.41015
-5.41015
-5.41112
-5.41241
-5.41177
-5.41242
-5.41242
-5.41113
-5.41048
-5.4108
-5.40853
-5.40982
-5.41014
-5.41176
-5.40949
-5.40788
-5.40529
-5.40594
-5.40594
-5.40529
-5.40464
-5.40529
-5.40464
-5.40724
-5.40432
-5.4027
-5.40496
-5.40464
-5.40626
-5.40723
-5.40788
-5.40788
-5.40917
-5.40982
-5.40949
-5.40755
-5.40626
-5.40593
-5.40593
-5.40691
-5.40885
-5.41047
-5.41112
-5.41241
-5.41339
-5.41403
-5.41403
-5.41306
-5.41306
-5.41177
-5.41144
-5.41306
-5.41209
-5.4095
-5.40983
-5.41112
-5.41274
-5.41079
-5.41047
-5.40982
-5.40982
-5.40982
-5.41176
-5.40982
-5.41079
-5.40983
-5.40821
-5.40853
-5.40853
-5.4108
-5.41015
-5.40983
-5.40983
-5.40886
-5.41015
-5.41015
-5.41015
-5.40918
-5.4095
-5.41015
-5.40983
-5.40788
-5.40627
-5.40692
-5.40627
-5.40433
-5.40271
-5.40336
-5.40466
-5.40401
-5.40433
-5.40563
-5.4053
-5.40692
-5.40692
-5.40692
-5.40692
-5.40595
-5.40789
-5.41016
-5.40855
-5.40822
-5.40757
-5.40725
-5.40725
-5.40951
-5.40919
-5.41016
-5.40984
-5.41178
-5.4121
-5.41308
-5.41113
-5.40886
-5.40886
-5.40886
-5.4053
-5.40692
-5.40887
-5.40984
-5.41113
-5.41372
-5.41275
-5.41307
-5.41339
-5.41048
-5.40919
-5.40886
-5.40919
-5.40951
-5.41113
-5.41113
-5.40854
-5.40822
-5.41048
-5.40886
-5.40789
-5.40724
-5.40595
-5.40465
-5.404
-5.40368
-5.40465
-5.4053
-5.40562
-5.40756
-5.40886
-5.40854
-5.40789
-5.40887
-5.40887
-5.40919
-5.41113
-5.41145
-5.41178
-5.4121
-5.41243
-5.41146
-5.40822
-5.40789
-5.40821
-5.40724
-5.40691
-5.40724
-5.40659
-5.40627
-5.40692
-5.40562
-5.40627
-5.40627
-5.40724
-5.40692
-5.40789
-5.40756
-5.40918
-5.40724
-5.40821
-5.40821
-5.40951
-5.40853
-5.40789
-5.40918
-5.4108
-5.40919
-5.40822
-5.40919
-5.41081
-5.40887
-5.40919
-5.40919
-5.41016
-5.41081
-5.41242
-5.41048
-5.40951
-5.40756
-5.40691
-5.40756
-5.40918
-5.40983
-5.40951
-5.40918
-5.41048
-5.40983
-5.40951
-5.40821
-5.40789
-5.41015
-5.40885
-5.40659
-5.40659
-5.40821
-5.40821
-5.40886
-5.41016
-5.40919
-5.40886
-5.40724
-5.40659
-5.40399
-5.40496
-5.40561
-5.40594
-5.40659
-5.40497
-5.40692
-5.40627
-5.40627
-5.4053
-5.4053
-5.40529
-5.40627
-5.40691
-5.40853
-5.40723
-5.41015
-5.40853
-5.40982
-5.40982
-5.41047
-5.41242
-5.41145
-5.41145
-5.41113
-5.41048
-5.41113
-5.40951
-5.40951
-5.40951
-5.40983
-5.4095
-5.40853
-5.40723
-5.40723
-5.40788
-5.40723
-5.40691
-5.40691
-5.40788
-5.40627
-5.40627
-5.40692
-5.40692
-5.40886
-5.40886
-5.40951
-5.40789
-5.40789
-5.40951
-5.40951
-5.40886
-5.40983
-5.40919
-5.40757
-5.40918
-5.40886
-5.40983
-5.40918
-5.40789
-5.40789
-5.40659
-5.4053
-5.40433
-5.40757
-5.40789
-5.40887
-5.40886
-5.40919
-5.40854
-5.40822
-5.40822
-5.40854
-5.41146
-5.41016
-5.41049
-5.40984
-5.41048
-5.41048
-5.40854
-5.40886
-5.40789
-5.40854
-5.40887
-5.41016
-5.41178
-5.41081
-5.41017
-5.40952
-5.40952
-5.41179
-5.4134
-5.41373
-5.41211
-5.41113
-5.41016
-5.40951
-5.40854
-5.40854
-5.40821
-5.40919
-5.40984
-5.40855
-5.41114
-5.41016
-5.40854
-5.4079
-5.40757
-5.40595
-5.40433
-5.40627
-5.40498
-5.40757
-5.40757
-5.40886
-5.40789
-5.40692
-5.40627
-5.40756
-5.40691
-5.40885
-5.40886
-5.40821
-5.40789
-5.40659
-5.40822
-5.41016
-5.40757
-5.41016
-5.41049
-5.40952
-5.40984
-5.41048
-5.41113
-5.41113
-5.40918
-5.41145
-5.40983
-5.40983
-5.40887
-5.41081
-5.41016
-5.40855
-5.40466
-5.40498
-5.40628
-5.40886
-5.40918
-5.4108
-5.4095
-5.41015
-5.40982
-5.40788
-5.40756
-5.40756
-5.40821
-5.40854
-5.40854
-5.41146
-5.41113
-5.40951
-5.41081
-5.4121
-5.41242
-5.4121
-5.41307
-5.41339
-5.41339
-5.41274
-5.40918
-5.40853
-5.40886
-5.40821
-5.40757
-5.40854
-5.40919
-5.40822
-5.40886
-5.41145
-5.41112
-5.41015
-5.41112
-5.4108
-5.40885
-5.40626
-5.40432
-5.40497
-5.40399
-5.40367
-5.4027
-5.40368
-5.40465
-5.40595
-5.40692
-5.40692
-5.40659
-5.40821
-5.41015
-5.40853
-5.40853
-5.41209
-5.41145
-5.41274
-5.41404
-5.41339
-5.41469
-5.41566
-5.4121
-5.41178
-5.4134
-5.41404
-5.41469
-5.41436
-5.41468
-5.41274
-5.41501
-5.41533
-5.41566
-5.41566
-5.41404
-5.41178
-5.41178
-5.41113
-5.41178
-5.41211
-5.41113
-5.41048
-5.40984
-5.41048
-5.41081
-5.4134
-5.41275
-5.41146
-5.41146
-5.41017
-5.40887
-5.4092
-5.4092
-5.41179
-5.41081
-5.41081
-5.40854
-5.40725
-5.40919
-5.41017
-5.41146
-5.41244
-5.41211
-5.41081
-5.41114
-5.41211
-5.41016
-5.40984
-5.40952
-5.40888
-5.40855
-5.40952
-5.41049
-5.41082
-5.41049
-5.40919
-5.41211
-5.41373
-5.41276
-5.41503
-5.41341
-5.41341
-5.41438
-5.41308
-5.41373
-5.41341
-5.41502
-5.41405
-5.41017
-5.41017
-5.40953
-5.40985
-5.41212
-5.41147
-5.41082
-5.4105
-5.41211
-5.41114
-5.4105
-5.40888
-5.40953
-5.41115
-5.41018
-5.41116
-5.40986
-5.40824
-5.4076
-5.40921
-5.40985
-5.40888
-5.41244
-5.41244
-5.41114
-5.41147
-5.41277
-5.4105
-5.41115
-5.41148
-5.41148
-5.41277
-5.41309
-5.41374
-5.41309
-5.41147
-5.41212
-5.41115
-5.4092
-5.41018
-5.41018
-5.4105
-5.40986
-5.41051
-5.41051
-5.41083
-5.41115
-5.40921
-5.40921
-5.41148
-5.40953
-5.40953
-5.41051
-5.40856
-5.40889
-5.40759
-5.40985
-5.4105
-5.41018
-5.40888
-5.40791
-5.40823
-5.40693
-5.40628
-5.40823
-5.40888
-5.4105
-5.4105
-5.41245
-5.41148
-5.41148
-5.41116
-5.41051
-5.41148
-5.40856
-5.41115
-5.41082
-5.41049
-5.41049
-5.41146
-5.41114
-5.41244
-5.41049
-5.40985
-5.40791
-5.40694
-5.405
-5.40467
-5.405
-5.405
-5.40629
-5.40823
-5.40953
-5.4092
-5.41017
-5.41114
-5.40985
-5.4092
-5.40791
-5.40856
-5.40758
-5.40694
-5.40694
-5.40532
-5.40564
-5.40499
-5.40434
-5.40499
-5.40467
-5.40532
-5.40564
-5.40661
-5.40888
-5.4079
-5.40952
-5.40823
-5.40953
-5.41018
-5.4092
-5.41114
-5.41244
-5.41017
-5.41017
-5.40822
-5.41017
-5.41049
-5.41081
-5.4092
-5.40693
-5.40952
-5.40888
-5.40855
-5.40693
-5.4092
-5.40952
-5.41114
-5.4105
-5.41082
-5.41244
-5.41114
-5.41146
-5.41146
-5.41081
-5.40984
-5.41178
-5.41438
-5.41308
-5.41211
-5.41082
-5.41276
-5.4105
-5.41114
-5.4092
-5.41049
-5.4079
-5.4092
-5.41082
-5.41211
-5.41082
-5.41179
-5.41147
-5.41049
-5.41147
-5.41438
-5.41276
-5.41179
-5.41179
-5.41406
-5.41179
-5.41147
-5.40953
-5.4105
-5.41115
-5.41082
-5.40694
-5.40661
-5.40823
-5.40661
-5.40531
-5.40822
-5.40887
-5.40952
-5.41017
-5.41276
-5.41405
-5.41244
-5.41373
-5.41244
-5.41146
-5.41211
-5.41243
-5.41211
-5.41179
-5.41146
-5.40855
-5.4092
-5.40758
-5.40758
-5.40985
-5.41017
-5.40984
-5.41114
-5.40887
-5.41082
-5.41114
-5.41212
-5.41082
-5.41212
-5.41147
-5.41082
-5.41083
-5.40953
-5.40953
-5.4063
-5.40565
-5.40597
-5.40565
-5.40046
-5.40143
-5.40273
-5.40467
-5.40661
-5.40726
-5.40921
-5.4105
-5.41051
-5.41148
-5.41213
-5.41407
-5.41407
-5.4144
-5.41472
-5.41407
-5.41245
-5.4118
-5.41277
-5.41374
-5.41374
-5.4105
-5.40629
-5.40889
-5.40824
-5.40759
-5.40727
-5.40759
-5.40694
-5.40985
-5.41018
-5.40759
-5.40856
-5.40953
-5.41083
-5.40889
-5.41148
-5.4118
-5.40921
-5.40824
-5.40824
-5.40954
-5.40921
-5.40694
-5.40792
-5.405
-5.40629
-5.40759
-5.40759
-5.40694
-5.40597
-5.40856
-5.41051
-5.41116
-5.41213
-5.41148
-5.41245
-5.41213
-5.41277
-5.4131
-5.4118
-5.4118
-5.41212
-5.41115
-5.41439
-5.41341
-5.41471
-5.41309
-5.41277
-5.41471
-5.41374
-5.41374
-5.41342
-5.41504
-5.41568
-5.41504
-5.41212
-5.41115
-5.41212
-5.41341
-5.41439
-5.41406
-5.41245
-5.41245
-5.41374
-5.41148
-5.41245
-5.4131
-5.41212
-5.41212
-5.4105
-5.40856
-5.40726
-5.40791
-5.40985
-5.40953
-5.40953
-5.40953
-5.4105
-5.40921
-5.40954
-5.41116
-5.41277
-5.41115
-5.41018
-5.41018
-5.41083
-5.40824
-5.405
-5.40435
-5.40597
-5.405
-5.40597
-5.40662
-5.40694
-5.40758
-5.40726
-5.40888
-5.41018
-5.41342
-5.41374
-5.41277
-5.4118
-5.4131
-5.4131
-5.41277
-5.41407
-5.4118
-5.4105
-5.4105
-5.41277
-5.41179
-5.40985
-5.4105
-5.40791
-5.40726
-5.40564
-5.40726
-5.40953
-5.41018
-5.41083
-5.40824
-5.40759
-5.40791
-5.40727
-5.40759
-5.40629
-5.40694
-5.40597
-5.40565
-5.40662
-5.40694
-5.40694
-5.40597
-5.40565
-5.40597
-5.40403
-5.40435
-5.40565
-5.40662
-5.40727
-5.40759
-5.40597
-5.40467
-5.40338
-5.40435
-5.40338
-5.405
-5.40597
-5.40824
-5.40986
-5.40889
-5.40985
-5.40856
-5.40888
-5.40823
-5.40887
-5.41179
-5.41082
-5.40823
-5.40823
-5.40694
-5.40597
-5.40694
-5.40662
-5.40662
-5.40888
-5.40856
-5.40985
-5.40985
-5.41179
-5.41179
-5.41179
-5.4092
-5.40791
-5.40824
-5.40791
-5.40662
-5.40629
-5.40629
-5.40759
-5.40726
-5.40629
-5.40759
-5.40856
-5.40823
-5.40856
-5.40985
-5.41342
-5.41407
-5.4118
-5.41148
-5.41083
-5.41147
-5.40921
-5.40856
-5.40985
-5.4105
-5.41115
-5.40953
-5.40856
-5.40823
-5.40694
-5.40791
-5.40694
-5.40564
-5.40532
-5.40629
-5.40791
-5.40888
-5.40953
-5.41082
-5.41147
-5.4105
-5.40985
-5.41179
-5.41212
-5.41665
-5.41568
-5.41373
-5.41406
-5.41276
-5.41179
-5.41114
-5.41082
-5.40985
-5.41017
-5.4092
-5.41082
-5.40985
-5.40985
-5.41114
-5.41114
-5.41211
-5.41406
-5.41406
-5.41308
-5.41276
-5.41406
-5.41438
-5.41308
-5.41308
-5.41147
-5.41082
-5.40921
-5.40824
-5.41018
-5.41018
-5.40856
-5.40888
-5.41017
-5.4092
-5.40985
-5.40984
-5.40887
-5.40854
-5.40952
-5.41146
-5.4105
-5.41082
-5.41309
-5.41309
-5.41244
-5.41018
-5.40888
-5.40985
-5.40985
-5.41115
-5.41082
-5.41244
-5.41211
-5.41275
-5.4134
-5.41308
-5.4134
-5.4147
-5.41405
-5.41341
-5.41406
-5.41665
-5.41471
-5.41341
-5.41276
-5.4092
-5.40985
-5.40952
-5.40887
-5.41081
-5.41016
-5.41049
-5.40984
-5.41017
-5.40985
-5.41017
-5.4092
-5.41082
-5.40953
-5.4079
-5.40725
-5.4066
-5.40758
-5.4079
-5.40985
-5.41244
-5.41503
-5.41568
-5.41535
-5.41341
-5.41308
-5.41405
-5.41503
-5.41503
-5.41632
-5.41438
-5.41373
-5.41406
-5.41244
-5.41308
-5.41276
-5.41275
-5.41308
-5.41308
-5.41599
-5.41761
-5.41567
-5.41405
-5.41211
-5.41405
-5.41146
-5.41308
-5.41211
-5.41211
-5.4121
-5.41178
-5.40951
-5.40822
-5.40855
-5.40758
-5.40887
-5.41017
-5.41017
-5.41081
-5.41145
-5.4108
-5.40951
-5.40887
-5.40919
-5.40985
-5.40758
-5.40726
-5.40693
-5.40758
-5.40629
-5.40661
-5.40823
-5.40822
-5.40984
-5.4066
-5.40789
-5.40854
-5.40919
-5.40984
-5.40888
-5.4092
-5.40791
-5.40823
-5.40855
-5.41179
-5.41308
-5.41243
-5.41243
-5.41243
-5.41146
-5.41081
-5.40952
-5.40919
-5.40854
-5.40757
-5.4079
-5.40757
-5.40758
-5.40952
-5.4092
-5.40984
-5.41017
-5.41211
-5.41211
-5.41179
-5.41211
-5.41114
-5.41406
-5.41438
-5.41212
-5.41276
-5.41082
-5.41082
-5.41115
-5.41212
-5.41082
-5.41179
-5.41373
-5.41049
-5.41146
-5.41211
-5.41082
-5.40758
-5.40596
-5.40661
-5.40758
-5.40693
-5.40693
-5.40466
-5.40564
-5.40661
-5.40725
-5.40499
-5.40564
-5.40725
-5.40595
-5.40628
-5.40628
-5.40596
-5.40628
-5.40693
-5.40725
-5.40887
-5.41146
-5.4134
-5.41307
-5.4134
-5.41146
-5.41017
-5.40984
-5.41081
-5.40952
-5.40919
-5.41016
-5.41081
-5.41113
-5.40822
-5.40854
-5.40725
-5.40692
-5.40369
-5.40368
-5.40595
-5.40401
-5.40595
-5.40595
-5.40466
-5.40498
-5.40596
-5.40596
-5.40855
-5.41017
-5.41211
-5.41276
-5.41179
-5.41146
-5.41049
-5.41113
-5.41211
-5.41373
-5.41308
-5.40952
-5.40887
-5.41049
-5.41179
-5.41341
-5.41276
-5.41405
-5.41243
-5.41178
-5.41242
-5.4108
-5.40918
-5.40886
-5.4108
-5.4121
-5.41113
-5.41178
-5.40919
-5.40855
-5.40822
-5.40822
-5.40821
-5.40918
-5.41112
-5.4095
-5.4095
-5.41015
-5.40886
-5.40983
-5.40821
-5.40886
-5.4108
-5.41177
-5.41209
-5.4121
-5.41242
-5.41145
-5.41177
-5.41209
-5.41242
-5.41209
-5.41209
-5.4095
-5.40853
-5.40691
-5.40918
-5.4095
-5.40886
-5.41145
-5.41275
-5.41372
-5.41469
-5.41242
-5.41015
-5.41113
-5.41177
-5.41112
-5.41048
-5.40983
-5.41015
-5.40983
-5.40853
-5.40853
-5.41015
-5.41015
-5.40789
-5.40853
-5.40821
-5.40788
-5.40853
-5.40659
-5.40853
-5.40853
-5.40757
-5.40886
-5.40983
-5.41145
-5.41145
-5.41372
-5.41371
-5.41501
-5.41274
-5.4121
-5.41113
-5.41113
-5.41242
-5.4121
-5.41145
-5.41242
-5.4108
-5.40724
-5.40594
-5.40724
-5.40756
-5.40724
-5.40756
-5.40983
-5.41015
-5.40918
-5.40983
-5.40951
-5.4121
-5.41048
-5.41145
-5.4108
-5.40757
-5.40821
-5.40853
-5.40951
-5.40918
-5.40951
-5.40757
-5.40724
-5.40854
-5.40757
-5.40887
-5.40951
-5.40951
-5.40822
-5.41081
-5.41275
-5.40919
-5.41048
-5.4108
-5.4108
-5.40918
-5.40821
-5.41015
-5.41015
-5.40918
-5.41048
-5.40789
-5.40886
-5.40951
-5.40951
-5.40983
-5.40886
-5.40854
-5.40659
-5.40627
-5.40562
-5.40788
-5.4082
-5.40788
-5.40659
-5.40756
-5.40788
-5.40983
-5.40951
-5.41178
-5.41146
-5.41049
-5.40952
-5.40919
-5.41016
-5.4121
-5.41339
-5.4108
-5.4108
-5.41275
-5.41243
-5.4121
-5.41275
-5.41146
-5.41178
-5.41178
-5.4121
-5.41437
-5.41469
-5.41695
-5.41501
-5.41372
-5.41469
-5.41437
-5.4147
-5.4147
-5.41211
-5.41307
-5.41242
-5.41048
-5.40951
-5.40918
-5.40789
-5.40724
-5.40757
-5.40757
-5.40854
-5.41146
-5.41243
-5.41469
-5.41631
-5.41598
-5.41631
-5.41825
-5.41663
-5.41599
-5.41404
-5.4134
-5.4121
-5.41049
-5.41307
-5.41113
-5.41016
-5.41081
-5.41081
-5.40984
-5.40693
-5.40693
-5.40725
-5.40854
-5.40983
-5.41209
-5.41306
-5.41307
-5.4121
-5.41275
-5.41372
-5.41275
-5.41178
-5.41049
-5.41114
-5.41114
-5.41113
-5.41243
-5.41146
-5.40886
-5.40854
-5.40822
-5.40919
-5.40919
-5.40919
-5.40822
-5.40886
-5.40886
-5.40789
-5.40757
-5.40757
-5.40984
-5.40854
-5.4079
-5.40952
-5.40952
-5.41017
-5.40984
-5.40725
-5.40627
-5.40465
-5.4066
-5.40757
-5.40951
-5.41178
-5.41308
-5.41146
-5.41016
-5.40984
-5.40919
-5.40951
-5.41016
-5.41178
-5.41049
-5.41049
-5.41049
-5.40984
-5.41146
-5.41114
-5.40887
-5.40855
-5.4092
-5.40758
-5.40693
-5.40661
-5.40628
-5.40725
-5.4079
-5.41016
-5.41017
-5.41049
-5.41017
-5.40952
-5.41017
-5.40758
-5.4079
-5.40887
-5.40822
-5.40757
-5.40886
-5.40789
-5.40854
-5.40919
-5.41114
-5.40984
-5.4079
-5.40952
-5.40952
-5.40952
-5.40887
-5.40887
-5.41113
-5.41146
-5.40952
-5.40984
-5.4079
-5.40725
-5.4079
-5.4079
-5.4092
-5.40693
-5.40628
-5.40725
-5.40661
-5.40693
-5.40757
-5.4079
-5.40725
-5.4079
-5.40725
-5.40757
-5.4079
-5.4066
-5.40757
-5.40919
-5.41081
-5.41178
-5.40952
-5.40822
-5.41049
-5.41017
-5.40984
-5.40887
-5.41017
-5.40855
-5.4079
-5.40758
-5.4092
-5.40661
-5.40822
-5.41179
-5.41146
-5.4134
-5.41081
-5.40952
-5.41179
-5.41341
-5.41308
-5.41438
-5.41276
-5.41146
-5.41146
-5.41017
-5.40855
-5.40725
-5.4066
-5.40919
-5.40854
-5.40919
-5.40855
-5.41017
-5.41081
-5.41081
-5.41146
-5.41211
-5.41179
-5.41211
-5.41276
-5.41503
-5.4147
-5.4147
-5.41341
-5.41535
-5.4147
-5.41567
-5.41276
-5.41373
-5.4147
-5.41341
-5.41244
-5.41438
-5.41309
-5.41309
-5.41018
-5.40888
-5.41017
-5.4105
-5.41049
-5.41082
-5.40952
-5.41243
-5.41178
-5.40984
-5.4079
-5.40757
-5.40822
-5.40887
-5.40596
-5.40369
-5.40434
-5.40369
-5.40305
-5.4024
-5.40402
-5.40563
-5.40693
-5.40919
-5.41081
-5.41114
-5.41146
-5.41276
-5.41211
-5.4079
-5.41017
-5.4092
-5.40855
-5.40952
-5.40919
-5.4079
-5.40789
-5.40692
-5.40789
-5.40563
-5.40628
-5.40563
-5.40628
-5.4079
-5.40887
-5.40984
-5.40952
-5.4079
-5.40855
-5.40725
-5.40822
-5.4121
-5.41145
-5.4134
-5.41664
-5.41535
-5.4147
-5.41373
-5.41244
-5.41179
-5.41082
-5.41114
-5.41308
-5.4134
-5.4134
-5.41275
-5.41243
-5.40984
-5.40984
-5.41178
-5.40984
-5.41049
-5.40887
-5.40596
-5.40725
-5.40919
-5.40919
-5.41049
-5.41081
-5.41146
-5.41146
-5.41146
-5.41373
-5.41373
-5.41567
-5.41503
-5.41341
-5.41373
-5.41276
-5.41211
-5.41243
-5.41535
-5.41406
-5.41114
-5.41212
-5.41179
-5.41114
-5.40985
-5.40726
-5.40758
-5.40887
-5.41017
-5.41049
-5.41244
-5.41308
-5.41406
-5.41017
-5.41049
-5.41179
-5.41373
-5.41016
-5.40854
-5.40984
-5.40919
-5.40693
-5.40693
-5.4066
-5.4079
-5.41016
-5.41114
-5.41114
-5.41276
-5.41276
-5.41017
-5.40952
-5.41081
-5.40919
-5.41017
-5.41211
-5.41178
-5.41308
-5.41178
-5.4134
-5.41178
-5.41178
-5.41276
-5.41276
-5.41146
-5.41179
-5.41114
-5.41017
-5.40888
-5.40758
-5.40887
-5.41114
-5.41178
-5.41081
-5.41341
-5.41405
-5.41244
-5.41276
-5.41341
-5.41276
-5.41341
-5.41212
-5.41179
-5.41309
-5.41244
-5.41212
-5.4105
-5.41049
-5.41082
-5.41114
-5.41211
-5.41082
-5.41082
-5.4092
-5.40758
-5.40952
-5.4092
-5.41082
-5.41017
-5.41082
-5.4105
-5.41211
-5.41244
-5.41341
-5.41535
-5.41373
-5.41212
-5.40953
-5.41018
-5.4092
-5.40985
-5.40791
-5.40823
-5.41017
-5.41114
-5.41276
-5.41341
-5.41373
-5.41179
-5.41277
-5.41244
-5.41503
-5.41439
-5.4131
-5.41342
-5.41342
-5.41148
-5.4118
-5.41245
-5.41083
-5.41309
-5.41342
-5.40985
-5.4105
-5.4105
-5.41115
-5.41341
-5.41277
-5.41147
-5.41018
-5.40824
-5.40889
-5.40857
-5.40792
-5.40889
-5.40824
-5.40986
-5.41115
-5.41115
-5.41115
-5.41277
-5.41245
-5.41342
-5.41504
-5.41504
-5.41342
-5.41245
-5.40986
-5.4105
-5.41115
-5.41018
-5.41018
-5.41083
-5.40727
-5.40857
-5.4076
-5.40986
-5.41051
-5.40987
-5.40695
-5.40662
-5.40694
-5.40791
-5.40824
-5.40565
-5.40468
-5.4076
-5.40857
-5.40889
-5.40792
-5.41084
-5.41213
-5.40987
-5.41084
-5.41019
-5.40695
-5.40824
-5.40857
-5.40954
-5.40856
-5.40695
-5.40792
-5.40759
-5.40921
-5.41148
-5.41148
-5.41213
-5.4118
-5.41245
-5.41245
-5.41245
-5.41245
-5.41116
-5.4118
-5.4118
-5.4131
-5.41051
-5.41148
-5.41246
-5.41116
-5.41213
-5.4131
-5.41278
-5.41246
-5.41245
-5.41277
-5.4118
-5.41051
-5.40954
-5.41083
-5.41051
-5.40986
-5.40986
-5.40986
-5.41018
-5.40824
-5.40857
-5.40825
-5.40922
-5.40922
-5.4089
-5.40695
-5.40792
-5.40889
-5.40856
-5.40791
-5.40888
-5.4092
-5.40662
-5.40727
-5.40824
-5.40857
-5.40889
-5.41019
-5.41019
-5.40792
-5.40889
-5.40921
-5.41115
-5.41148
-5.41115
-5.4118
-5.41342
-5.41244
-5.41212
-5.4105
-5.40856
-5.41018
-5.41115
-5.41212
-5.41245
-5.41277
-5.41309
-5.41309
-5.41373
-5.41535
-5.41536
-5.41309
-5.41309
-5.41471
-5.41407
-5.41407
-5.41212
-5.4118
-5.41277
-5.41374
-5.41212
-5.41083
-5.41083
-5.40824
-5.40953
-5.4092
-5.4092
-5.40952
-5.4079
-5.41017
-5.41017
-5.41017
-5.41017
-5.4092
-5.40726
-5.40823
-5.40823
-5.40791
-5.40694
-5.40791
-5.40759
-5.40953
-5.40985
-5.40888
-5.40953
-5.4092
-5.40856
-5.40694
-5.40791
-5.4079
-5.40985
-5.40984
-5.41081
-5.41146
-5.41017
-5.40985
-5.41114
-5.4105
-5.4092
-5.40855
-5.40758
-5.40823
-5.40855
-5.40985
-5.4092
-5.41049
-5.41147
-5.41082
-5.41082
-5.4105
-5.40985
-5.40855
-5.40823
-5.40499
-5.40563
-5.40725
-5.40725
-5.40758
-5.4079
-5.40823
-5.40887
-5.40823
-5.4092
-5.40888
-5.41017
-5.41017
-5.41082
-5.40984
-5.40887
-5.40757
-5.40919
-5.40887
-5.40757
-5.4066
-5.40563
-5.40596
-5.4092
-5.40791
-5.40629
-5.40661
-5.40694
-5.40694
-5.40985
-5.40856
-5.40888
-5.40888
-5.4092
-5.4092
-5.41017
-5.40952
-5.4105
-5.41018
-5.41179
-5.4105
-5.41179
-5.41179
-5.41114
-5.41082
-5.40985
-5.4105
-5.41082
-5.41082
-5.41147
-5.41179
-5.41212
-5.41309
-5.41147
-5.41147
-5.41374
-5.41147
-5.41115
-5.41309
-5.41244
-5.41568
-5.41665
-5.41762
-5.41697
-5.41568
-5.41471
-5.41406
-5.41406
-5.41212
-5.4105
-5.41082
-5.4105
-5.41179
-5.41018
-5.4105
-5.40824
-5.40824
-5.40921
-5.4105
-5.41082
-5.41115
-5.40985
-5.40855
-5.40855
-5.40855
-5.40791
-5.41049
-5.41017
-5.41017
-5.4105
-5.4105
-5.4105
-5.40953
-5.41017
-5.4105
-5.41179
-5.41146
-5.41049
-5.41243
-5.41276
-5.41405
-5.41275
-5.41405
-5.4134
-5.41243
-5.41114
-5.40952
-5.40952
-5.40952
-5.41114
-5.41114
-5.4092
-5.40887
-5.40822
-5.40952
-5.4079
-5.40595
-5.40627
-5.40886
-5.41048
-5.40919
-5.40887
-5.40822
-5.40887
-5.40952
-5.40952
-5.41211
-5.41179
-5.40823
-5.40953
-5.41115
-5.41179
-5.41276
-5.41146
-5.41146
-5.41211
-5.41081
-5.41113
-5.41113
-5.41308
-5.41276
-5.41179
-5.41049
-5.40985
-5.40726
-5.40629
-5.405
-5.40532
-5.40531
-5.40531
-5.4079
-5.40984
-5.41049
-5.41082
-5.41179
-5.41309
-5.41341
-5.41438
-5.41406
-5.41471
-5.41212
-5.4105
-5.41083
-5.4105
-5.40954
-5.40953
-5.41277
-5.41244
-5.4118
-5.41244
-5.40985
-5.40856
-5.41017
-5.40791
-5.40823
-5.40823
-5.41017
-5.41049
-5.40952
-5.40887
-5.40725
-5.40564
-5.40532
-5.40597
-5.40759
-5.40662
-5.40726
-5.40662
-5.40759
-5.40823
-5.40823
-5.40855
-5.40855
-5.40984
-5.40693
-5.40822
-5.40887
-5.40855
-5.40791
-5.40921
-5.40953
-5.41018
-5.41019
-5.41148
-5.41018
-5.41116
-5.40986
-5.41083
-5.41212
-5.41245
-5.41471
-5.41406
-5.41148
-5.41148
-5.41212
-5.41212
-5.41148
-5.41116
-5.41083
-5.40889
-5.40922
-5.40792
-5.40921
-5.41018
-5.41212
-5.4118
-5.41244
-5.41244
-5.41179
-5.41211
-5.4092
-5.40856
-5.40888
-5.40921
-5.4118
-5.40921
-5.40694
-5.40986
-5.40986
-5.40856
-5.41212
-5.4118
-5.41018
-5.41083
-5.41212
-5.4118
-5.40953
-5.41018
-5.41018
-5.40921
-5.40953
-5.41018
-5.4118
-5.41018
-5.40953
-5.40954
-5.41181
-5.40986
-5.41083
-5.41148
-5.41471
-5.41536
-5.41471
-5.41244
-5.4105
-5.4105
-5.41147
-5.41115
-5.4118
-5.4118
-5.4118
-5.41148
-5.40954
-5.40889
-5.41115
-5.41083
-5.41212
-5.4118
-5.41277
-5.41244
-5.4105
-5.40953
-5.41018
-5.41083
-5.40856
-5.40953
-5.4105
-5.41018
-5.4105
-5.40759
-5.41051
-5.40889
-5.40986
-5.41084
-5.41084
-5.41278
-5.41213
-5.41181
-5.41213
-5.40986
-5.41051
-5.41277
-5.41244
-5.41212
-5.41147
-5.41342
-5.41277
-5.41375
-5.4131
-5.41213
-5.41051
-5.41084
-5.40986
-5.40792
-5.40921
-5.40986
-5.40792
-5.40824
-5.40856
-5.40792
-5.40792
-5.40791
-5.40824
-5.40791
-5.40791
-5.40889
-5.41018
-5.40986
-5.41051
-5.40954
-5.40825
-5.40793
-5.40858
-5.40728
-5.40696
-5.40664
-5.40728
-5.40792
-5.41019
-5.4118
-5.41246
-5.41246
-5.41375
-5.41149
-5.41246
-5.41343
-5.41505
-5.41505
-5.41635
-5.41343
-5.41084
-5.40955
-5.41052
-5.40922
-5.41052
-5.41052
-5.40954
-5.40922
-5.4076
-5.40662
-5.40727
-5.40954
-5.40954
-5.40889
-5.41116
-5.41084
-5.41181
-5.41019
-5.41083
-5.40921
-5.40727
-5.40695
-5.40597
-5.40468
-5.405
-5.40759
-5.40727
-5.40791
-5.40694
-5.40791
-5.40597
-5.40565
-5.4063
-5.40533
-5.40695
-5.40727
-5.40825
-5.40824
-5.41051
-5.41083
-5.4118
-5.41083
-5.41115
-5.41148
-5.41018
-5.40921
-5.4118
-5.4118
-5.41083
-5.41148
-5.41051
-5.4131
-5.41213
-5.41148
-5.40986
-5.40986
-5.40792
-5.40921
-5.40856
-5.40954
-5.40857
-5.41019
-5.41148
-5.41148
-5.40921
-5.40985
-5.40823
-5.4092
-5.4092
-5.40759
-5.40823
-5.40953
-5.4105
-5.41341
-5.41212
-5.41341
-5.41309
-5.41277
-5.41244
-5.41147
-5.41147
-5.41212
-5.41309
-5.41342
-5.41277
-5.41115
-5.41082
-5.41049
-5.40952
-5.41147
-5.41082
-5.41018
-5.41018
-5.40985
-5.40888
-5.40953
-5.4105
-5.41082
-5.41049
-5.4092
-5.4092
-5.41114
-5.40985
-5.40985
-5.40888
-5.40856
-5.40759
-5.40888
-5.40856
-5.41147
-5.41082
-5.41115
-5.41179
-5.41115
-5.40985
-5.41017
-5.41147
-5.40888
-5.40855
-5.40693
-5.40563
-5.40369
-5.40434
-5.40466
-5.40531
-5.40791
-5.40758
-5.40856
-5.41147
-5.41342
-5.41277
-5.41341
-5.41503
-5.41374
-5.41276
-5.41017
-5.40855
-5.40822
-5.40984
-5.41017
-5.41146
-5.41049
-5.4079
-5.40629
-5.4079
-5.40855
-5.40758
-5.40823
-5.40758
-5.40499
-5.40467
-5.40726
-5.40661
-5.40628
-5.40855
-5.40693
-5.40661
-5.40823
-5.40823
-5.40952
-5.40887
-5.40887
-5.40661
-5.40629
-5.40693
-5.40661
-5.40661
-5.40596
-5.40726
-5.40855
-5.40952
-5.40952
-5.40887
-5.40823
-5.40823
-5.40629
-5.40629
-5.40661
-5.40758
-5.41082
-5.40791
-5.40855
-5.4092
-5.40888
-5.41147
-5.40856
-5.40953
-5.40953
-5.40759
-5.40856
-5.40791
-5.4105
-5.4118
-5.40921
-5.40889
-5.40792
-5.41213
-5.41472
-5.41213
-5.41245
-5.41115
-5.4118
-5.41148
-5.41083
-5.40953
-5.40888
-5.40985
-5.40856
-5.4105
-5.41277
-5.41374
-5.41342
-5.41407
-5.41569
-5.41212
-5.41309
-5.41536
-5.41439
-5.41212
-5.41018
-5.4118
-5.41083
-5.41018
-5.41083
-5.40921
-5.40856
-5.40727
-5.40824
-5.40791
-5.40888
-5.4092
-5.40791
-5.40694
-5.40597
-5.40467
-5.40403
-5.40726
-5.40791
-5.40953
-5.4092
-5.40855
-5.40758
-5.40856
-5.4092
-5.41212
-5.41148
-5.41148
-5.4118
-5.41083
-5.41277
-5.41147
-5.41115
-5.41018
-5.40824
-5.40856
-5.40888
-5.40661
-5.4092
-5.40888
-5.40791
-5.4079
-5.40532
-5.40629
-5.40694
-5.40758
-5.40693
-5.40758
-5.40725
-5.4092
-5.41049
-5.41049
-5.4079
-5.40855
-5.40758
-5.40822
-5.40596
-5.40628
-5.40693
-5.4066
-5.40628
-5.40725
-5.41017
-5.41114
-5.41049
-5.41016
-5.41016
-5.41275
-5.41502
-5.41534
-5.41308
-5.41405
-5.41146
-5.41146
-5.41178
-5.41016
-5.40919
-5.41016
-5.40919
-5.40919
-5.41016
-5.40951
-5.41113
-5.41211
-5.41373
-5.41276
-5.41502
-5.4121
-5.4121
-5.41113
-5.4134
-5.4134
-5.41146
-5.41113
-5.41049
-5.40854
-5.40822
-5.4066
-5.40692
-5.40563
-5.40854
-5.41048
-5.41081
-5.41113
-5.41275
-5.41016
-5.40951
-5.40951
-5.4121
-5.41113
-5.41242
-5.40983
-5.40724
-5.40919
-5.41048
-5.41243
-5.41016
-5.40887
-5.40854
-5.40919
-5.40886
-5.40951
-5.41113
-5.40983
-5.41015
-5.40886
-5.40724
-5.40983
-5.41112
-5.41306
-5.41371
-5.41371
-5.41404
-5.41436
-5.41242
-5.41047
-5.40918
-5.40659
-5.40594
-5.40724
-5.40789
-5.40887
-5.41049
-5.40855
-5.41017
-5.41146
-5.41178
-5.41113
-5.41081
-5.41242
-5.41307
-5.41145
-5.41242
-5.41436
-5.41437
-5.41308
-5.41341
-5.41244
-5.41179
-5.41017
-5.41016
-5.41146
-5.41308
-5.41113
-5.41113
-5.41081
-5.41016
-5.40887
-5.40951
-5.41016
-5.40984
-5.41049
-5.4092
-5.41082
-5.40758
-5.40855
-5.41049
-5.41145
-5.41275
-5.41145
-5.41178
-5.41275
-5.4121
-5.41243
-5.41308
-5.41437
-5.41372
-5.41243
-5.41243
-5.41437
-5.41275
-5.41146
-5.41146
-5.40984
-5.40984
-5.40951
-5.40919
-5.40951
-5.40822
-5.41016
-5.40692
-5.41016
-5.41081
-5.40854
-5.4079
-5.40919
-5.40952
-5.40855
-5.4079
-5.4079
-5.4105
-5.41211
-5.4134
-5.41211
-5.41146
-5.41372
-5.41145
-5.4134
-5.4134
-5.41243
-5.41276
-5.41179
-5.41276
-5.41211
-5.41049
-5.41178
-5.41275
-5.41339
-5.41275
-5.41242
-5.41016
-5.40757
-5.40595
-5.40725
-5.40854
-5.40887
-5.40725
-5.40789
-5.40822
-5.40692
-5.40822
-5.40757
-5.40854
-5.40983
-5.40724
-5.40692
-5.40822
-5.41049
-5.41308
-5.41372
-5.41502
-5.4134
-5.41178
-5.41405
-5.41275
-5.41308
-5.41178
-5.41242
-5.4121
-5.40951
-5.40757
-5.40757
-5.40725
-5.4079
-5.40984
-5.41016
-5.40887
-5.41049
-5.4134
-5.4147
-5.41308
-5.41308
-5.41244
-5.41146
-5.41211
-5.41016
-5.4079
-5.40628
-5.40498
-5.40562
-5.40303
-5.40336
-5.40206
-5.40239
-5.40174
-5.40272
-5.40337
-5.40499
-5.40531
-5.40531
-5.40628
-5.40531
-5.40596
-5.40757
-5.40886
-5.40951
-5.41016
-5.41081
-5.41049
-5.40984
-5.41113
-5.4121
-5.40854
-5.40983
-5.40951
-5.40951
-5.40854
-5.41016
-5.40887
-5.41049
-5.41114
-5.40919
-5.40887
-5.40854
-5.41113
-5.41081
-5.4108
-5.40919
-5.40983
-5.40886
-5.40757
-5.40854
-5.40821
-5.40951
-5.41081
-5.41178
-5.41048
-5.41048
-5.40886
-5.40789
-5.40789
-5.40724
-5.40659
-5.40659
-5.40594
-5.40756
-5.40789
-5.40854
-5.40789
-5.40595
-5.4053
-5.40757
-5.41081
-5.41113
-5.4134
-5.41242
-5.41113
-5.41242
-5.41404
-5.41372
-5.41437
-5.4134
-5.41437
-5.41372
-5.4121
-5.41146
-5.41113
-5.41048
-5.40887
-5.41113
-5.41178
-5.40952
-5.40822
-5.4079
-5.40854
-5.40822
-5.40725
-5.40854
-5.40725
-5.40757
-5.40822
-5.40919
-5.4079
-5.40563
-5.40693
-5.41017
-5.40984
-5.41049
-5.40984
-5.41048
-5.41016
-5.4108
-5.41016
-5.40887
-5.41017
-5.40952
-5.40952
-5.41146
-5.41145
-5.41146
-5.41081
-5.40919
-5.41016
-5.40887
-5.40822
-5.40628
-5.40758
-5.40952
-5.41146
-5.40984
-5.40725
-5.4079
-5.40628
-5.40724
-5.40627
-5.40627
-5.404
-5.40239
-5.40271
-5.40433
-5.40466
-5.40498
-5.40531
-5.40595
-5.40725
-5.40628
-5.40854
-5.40886
-5.40919
-5.40692
-5.41016
-5.41243
-5.41016
-5.40854
-5.41016
-5.40984
-5.40919
-5.40822
-5.40854
-5.41016
-5.41113
-5.4108
-5.41177
-5.4121
-5.41178
-5.41242
-5.41275
-5.41275
-5.41016
-5.41081
-5.40951
-5.40984
-5.40919
-5.40789
-5.40853
-5.40788
-5.40788
-5.40756
-5.40594
-5.40723
-5.40724
-5.40918
-5.41177
-5.41113
-5.4121
-5.4108
-5.41016
-5.41048
-5.40951
-5.40724
-5.40692
-5.40756
-5.40724
-5.40854
-5.40886
-5.4108
-5.41113
-5.40983
-5.40951
-5.4095
-5.41047
-5.41048
-5.41048
-5.4108
-5.41015
-5.40854
-5.40854
-5.40918
-5.40789
-5.40692
-5.40789
-5.40983
-5.40983
-5.40918
-5.40982
-5.40853
-5.4082
-5.41079
-5.40982
-5.41144
-5.4108
-5.41177
-5.41112
-5.40983
-5.4108
-5.41145
-5.41243
-5.4147
-5.41534
-5.41308
-5.41437
-5.41437
-5.41242
-5.41048
-5.41016
-5.41145
-5.41113
-5.40821
-5.41016
-5.41048
-5.41114
-5.41178
-5.41308
-5.41081
-5.40919
-5.40789
-5.40789
-5.4066
-5.40887
-5.41016
-5.41114
-5.40984
-5.41243
-5.41535
-5.41535
-5.41373
-5.41049
-5.40985
-5.41017
-5.41081
-5.41211
-5.41178
-5.41017
-5.41114
-5.41179
-5.41244
-5.41276
-5.41276
-5.41211
-5.41406
-5.41535
-5.41308
-5.41179
-5.41211
-5.41082
-5.40985
-5.4092
-5.40694
-5.40564
-5.40629
-5.40661
-5.40661
-5.4037
-5.40564
-5.40661
-5.40402
-5.40531
-5.40434
-5.40369
-5.40596
-5.40758
-5.40855
-5.40888
-5.40823
-5.4079
-5.40952
-5.40855
-5.40887
-5.4079
-5.40693
-5.4079
-5.41147
-5.41244
-5.40855
-5.40855
-5.40628
-5.40563
-5.40563
-5.40693
-5.40822
-5.40952
-5.41179
-5.41049
-5.41049
-5.41179
-5.41308
-5.41082
-5.41017
-5.41017
-5.40855
-5.40791
-5.40856
-5.40888
-5.40921
-5.40823
-5.40888
-5.40856
-5.4092
-5.40888
-5.41211
-5.41341
-5.41373
-5.4147
-5.41405
-5.41211
-5.41179
-5.41276
-5.41341
-5.41374
-5.41082
-5.41212
-5.41212
-5.41244
-5.41374
-5.41179
-5.41017
-5.41179
-5.40984
-5.40758
-5.40855
-5.4105
-5.4105
-5.40985
-5.40985
-5.40824
-5.40597
-5.40791
-5.40824
-5.40823
-5.40856
-5.40855
-5.40758
-5.4092
-5.40822
-5.40822
-5.40984
-5.40952
-5.40887
-5.40888
-5.41212
-5.40856
-5.40662
-5.40662
-5.40467
-5.40435
-5.40337
-5.40564
-5.40564
-5.40531
-5.40532
-5.40791
-5.40758
-5.40823
-5.4079
-5.41179
-5.41244
-5.4105
-5.41276
-5.41115
-5.41147
-5.41082
-5.41082
-5.41018
-5.40953
-5.40888
-5.40985
-5.4092
-5.40952
-5.4092
-5.40758
-5.40791
-5.4092
-5.40791
-5.4105
-5.41082
-5.40985
-5.40758
-5.40985
-5.41114
-5.41017
-5.41179
-5.40823
-5.40985
-5.40953
-5.41082
-5.40985
-5.41082
-5.41309
-5.41277
-5.41244
-5.41439
-5.41504
-5.41634
-5.41569
-5.41504
-5.4131
-5.41278
-5.41083
-5.40953
-5.41083
-5.4105
-5.41147
-5.4092
-5.41017
-5.40985
-5.40661
-5.40629
-5.40532
-5.40726
-5.40565
-5.40597
-5.40662
-5.40727
-5.40598
-5.40792
-5.41051
-5.41213
-5.40986
-5.41018
-5.41342
-5.41341
-5.41438
-5.41374
-5.41407
-5.4118
-5.41019
-5.41084
-5.40986
-5.40889
-5.40857
-5.40921
-5.40856
-5.4092
-5.40661
-5.40629
-5.40694
-5.40662
-5.40856
-5.40662
-5.4063
-5.40727
-5.40792
-5.40922
-5.41245
-5.41213
-5.41246
-5.41246
-5.41148
-5.41245
-5.41115
-5.40953
-5.40889
-5.40986
-5.41277
-5.41051
-5.41213
-5.4131
-5.4118
-5.41277
-5.41148
-5.41278
-5.40986
-5.40986
-5.40792
-5.40824
-5.40824
-5.40921
-5.4105
-5.40985
-5.40953
-5.40824
-5.40921
-5.40921
-5.40986
-5.41244
-5.41115
-5.4105
-5.40824
-5.40888
-5.40921
-5.4105
-5.4131
-5.41277
-5.40921
-5.40954
-5.40953
-5.40888
-5.40694
-5.40855
-5.40725
-5.40855
-5.40985
-5.41082
-5.41147
-5.41147
-5.41114
-5.40888
-5.4105
-5.40953
-5.4105
-5.40791
-5.40759
-5.40791
-5.40855
-5.40758
-5.40887
-5.40919
-5.41081
-5.41275
-5.41372
-5.41275
-5.41373
-5.41017
-5.41147
-5.40823
-5.40791
-5.40662
-5.40597
-5.40856
-5.40629
-5.40564
-5.40532
-5.40758
-5.40823
-5.40758
-5.40758
-5.40887
-5.41211
-5.41309
-5.41406
-5.41244
-5.41374
-5.41341
-5.41309
-5.41017
-5.41017
-5.40952
-5.40888
-5.40855
-5.40693
-5.40758
-5.40888
-5.40628
-5.40823
-5.4092
-5.4105
-5.40985
-5.4092
-5.40823
-5.40823
-5.40985
-5.40952
-5.41146
-5.41244
-5.41211
-5.41341
-5.41244
-5.41308
-5.41276
-5.41373
-5.41405
-5.41179
-5.41081
-5.41082
-5.41114
-5.41147
-5.4105
-5.41211
-5.41114
-5.41276
-5.4147
-5.41211
-5.41373
-5.41211
-5.41146
-5.41211
-5.41114
-5.41147
-5.4105
-5.41147
-5.41212
-5.41276
-5.41308
-5.4134
-5.41113
-5.41178
-5.41016
-5.40952
-5.41081
-5.41146
-5.40984
-5.41081
-5.41243
-5.41146
-5.41534
-5.41502
-5.41663
-5.41728
-5.41599
-5.41534
-5.41339
-5.41275
-5.41113
-5.41048
-5.40984
-5.40887
-5.40952
-5.40628
-5.4066
-5.4066
-5.40789
-5.41015
-5.40886
-5.40983
-5.41177
-5.41048
-5.40756
-5.40756
-5.40886
-5.41048
-5.41145
-5.41242
-5.41307
-5.41372
-5.4134
-5.41372
-5.41081
-5.41243
-5.41081
-5.41017
-5.41016
-5.40725
-5.40725
-5.40984
-5.40854
-5.40757
-5.40822
-5.40919
-5.41016
-5.40919
-5.40919
-5.41016
-5.40951
-5.41016
-5.41081
-5.40984
-5.40854
-5.4079
-5.40822
-5.40822
-5.41146
-5.41114
-5.41049
-5.41178
-5.41308
-5.4121
-5.41178
-5.4121
-5.41307
-5.41437
-5.41307
-5.41372
-5.41275
-5.4121
-5.4121
-5.41307
-5.41307
-5.4121
-5.41113
-5.41308
-5.41114
-5.40984
-5.40887
-5.40822
-5.40821
-5.40789
-5.40724
-5.40691
-5.40853
-5.40627
-5.40724
-5.40562
-5.40757
-5.40789
-5.40887
-5.40887
-5.40692
-5.40628
-5.4066
-5.40887
-5.40951
-5.40886
-5.40692
-5.40659
-5.40692
-5.40627
-5.40563
-5.4053
-5.4053
-5.40595
-5.40724
-5.40886
-5.4108
-5.41242
-5.41243
-5.41113
-5.40984
-5.41146
-5.41307
-5.41016
-5.41016
-5.40984
-5.41242
-5.41113
-5.41113
-5.41016
-5.41145
-5.40983
-5.4095
-5.40789
-5.40789
-5.40854
-5.40983
-5.40595
-5.40563
-5.40692
-5.40789
-5.40724
-5.4053
-5.40594
-5.40659
-5.40788
-5.40821
-5.40789
-5.40951
-5.40821
-5.40757
-5.40887
-5.41016
-5.41113
-5.41048
-5.4121
-5.41242
-5.41372
-5.41209
-5.4108
-5.41015
-5.40951
-5.40984
-5.41081
-5.41081
-5.41243
-5.4134
-5.41308
-5.4134
-5.41405
-5.41405
-5.41404
-5.41501
-5.40983
-5.40918
-5.41113
-5.40951
-5.41049
-5.41081
-5.41307
-5.41275
-5.41145
-5.41178
-5.41275
-5.41145
-5.41113
-5.41178
-5.41145
-5.41308
-5.41243
-5.4147
-5.4134
-5.4134
-5.4147
-5.41567
-5.41535
-5.41632
-5.41535
-5.41405
-5.41276
-5.41276
-5.41146
-5.41017
-5.40984
-5.40823
-5.40952
-5.40855
-5.40919
-5.40919
-5.40951
-5.41016
-5.40984
-5.40757
-5.40822
-5.40822
-5.40823
-5.41049
-5.40952
-5.41049
-5.40984
-5.41146
-5.40952
-5.40952
-5.4092
-5.4092
-5.40694
-5.40726
-5.40629
-5.40694
-5.40759
-5.40823
-5.40758
-5.40855
-5.40823
-5.4079
-5.40758
-5.40694
-5.40661
-5.40823
-5.40856
-5.41017
-5.40855
-5.41146
-5.41341
-5.41082
-5.41114
-5.40953
-5.4092
-5.40888
-5.40985
-5.41114
-5.41114
-5.41244
-5.41244
-5.41211
-5.41341
-5.41179
-5.40952
-5.41082
-5.4105
-5.40953
-5.40823
-5.40823
-5.40823
-5.40888
-5.40629
-5.40499
-5.40499
-5.40499
-5.40596
-5.40661
-5.40499
-5.40564
-5.40888
-5.40921
-5.41018
-5.40889
-5.40986
-5.4105
-5.41114
-5.41017
-5.40888
-5.40791
-5.40694
-5.40726
-5.40435
-5.40597
-5.40759
-5.40921
-5.40921
-5.40824
-5.40759
-5.40597
-5.40726
-5.40791
-5.41115
-5.41114
-5.41082
-5.40985
-5.41114
-5.41017
-5.40953
-5.41018
-5.41115
-5.40986
-5.40986
-5.40954
-5.40921
-5.40889
-5.40824
-5.40629
-5.40629
-5.40661
-5.40629
-5.40564
-5.40467
-5.40661
-5.40661
-5.40823
-5.40727
-5.40597
-5.40856
-5.40921
-5.41115
-5.41438
-5.41374
-5.41309
-5.41244
-5.41212
-5.41147
-5.41083
-5.41147
-5.41082
-5.41082
-5.41147
-5.41115
-5.41277
-5.40985
-5.40953
-5.40985
-5.40985
-5.40985
-5.40953
-5.40985
-5.41082
-5.40985
-5.40921
-5.40888
-5.40953
-5.40823
-5.40726
-5.4079
-5.40596
-5.40888
-5.41018
-5.4118
-5.41212
-5.4118
-5.41245
-5.41309
-5.41212
-5.41245
-5.41407
-5.41504
-5.4131
-5.41212
-5.41018
-5.41017
-5.41017
-5.40952
-5.41082
-5.4092
-5.40629
-5.40661
-5.40661
-5.40694
-5.40629
-5.40661
-5.40888
-5.40985
-5.41115
-5.41179
-5.41018
-5.40985
-5.40694
-5.40694
-5.40823
-5.40855
-5.40726
-5.40499
-5.40596
-5.40564
-5.40532
-5.40564
-5.40499
-5.40435
-5.4037
-5.40499
-5.40628
-5.4079
-5.40887
-5.40726
-5.4092
-5.40888
-5.40888
-5.40888
-5.41018
-5.4105
-5.40985
-5.40856
-5.4092
-5.40888
-5.40952
-5.40822
-5.40725
-5.4079
-5.41017
-5.41082
-5.41244
-5.41244
-5.41309
-5.41277
-5.41342
-5.41083
-5.41083
-5.40888
-5.40629
-5.40694
-5.40694
-5.40823
-5.4092
-5.40887
-5.40919
-5.40886
-5.41016
-5.40984
-5.40919
-5.40887
-5.40952
-5.41017
-5.41049
-5.41179
-5.41146
-5.41081
-5.41081
-5.41049
-5.41049
-5.4121
-5.41081
-5.4121
-5.41081
-5.41113
-5.41113
-5.41113
-5.40886
-5.40822
-5.40595
-5.40401
-5.40239
-5.40271
-5.4053
-5.40789
-5.40725
-5.40562
-5.4053
-5.40724
-5.40821
-5.41048
-5.41145
-5.41242
-5.41437
-5.41307
-5.41113
-5.41178
-5.41275
-5.41243
-5.41016
-5.40919
-5.41049
-5.40984
-5.41081
-5.40984
-5.40951
-5.41016
-5.40951
-5.40854
-5.40919
-5.40854
-5.41081
-5.40983
-5.40854
-5.41048
-5.41177
-5.41177
-5.40983
-5.40983
-5.40951
-5.40854
-5.40789
-5.40724
-5.40659
-5.40627
-5.40854
-5.40822
-5.40822
-5.40725
-5.40757
-5.40886
-5.41016
-5.41016
-5.40886
-5.40821
-5.40951
-5.40789
-5.4066
-5.40757
-5.4066
-5.40854
-5.40855
-5.40596
-5.40628
-5.40725
-5.40628
-5.4066
-5.40499
-5.4066
-5.40499
-5.40758
-5.40822
-5.40952
-5.40855
-5.40757
-5.40758
-5.40693
-5.40661
-5.40531
-5.40531
-5.40531
-5.40758
-5.40823
-5.40791
-5.40758
-5.40952
-5.40952
-5.41082
-5.41049
-5.41373
-5.41373
-5.41471
-5.41406
-5.41406
-5.41406
-5.41406
-5.41406
-5.41341
-5.41115
-5.41244
-5.41212
-5.41341
-5.41244
-5.41179
-5.41049
-5.41114
-5.41018
-5.41115
-5.40921
-5.40791
-5.40727
-5.40791
-5.40888
-5.41082
-5.4092
-5.4092
-5.40887
-5.4092
-5.40855
-5.40855
-5.4092
-5.40856
-5.40823
-5.40855
-5.40855
-5.40985
-5.40952
-5.41082
-5.41211
-5.41341
-5.41244
-5.41082
-5.4092
-5.40888
-5.40953
-5.41115
-5.40985
-5.41115
-5.41114
-5.41147
-5.41373
-5.41438
-5.41276
-5.41341
-5.41405
-5.41438
-5.41244
-5.41341
-5.41374
-5.4118
-5.4105
-5.41212
-5.41082
-5.41082
-5.41114
-5.40953
-5.40791
-5.40792
-5.40792
-5.40889
-5.40792
-5.40856
-5.40953
-5.40758
-5.40823
-5.40823
-5.40952
-5.40952
-5.40985
-5.4105
-5.40953
-5.40856
-5.41147
-5.4105
-5.41179
-5.41147
-5.41083
-5.41212
-5.41083
-5.41115
-5.40954
-5.40759
-5.4063
-5.40662
-5.40888
-5.4092
-5.4092
-5.40952
-5.40985
-5.4105
-5.41148
-5.41115
-5.41148
-5.40921
-5.40791
-5.40726
-5.40888
-5.40856
-5.40823
-5.40855
-5.40952
-5.40984
-5.40725
-5.40758
-5.40791
-5.4105
-5.4105
-5.40986
-5.41115
-5.41212
-5.4118
-5.41341
-5.41179
-5.41147
-5.41017
-5.41018
-5.41147
-5.41148
-5.41148
-5.41245
-5.41051
-5.41083
-5.41342
-5.41181
-5.41019
-5.41018
-5.40986
-5.41083
-5.41212
-5.41083
-5.41082
-5.41147
-5.41342
-5.41407
-5.41504
-5.41245
-5.41083
-5.41213
-5.41116
-5.41213
-5.41245
-5.4131
-5.41374
-5.41374
-5.41471
-5.41471
-5.41148
-5.41115
-5.41018
-5.40889
-5.40986
-5.41051
-5.41116
-5.41083
-5.41213
-5.41116
-5.4118
-5.4118
-5.41148
-5.4131
-5.41342
-5.41537
-5.41537
-5.41375
-5.41277
-5.4118
-5.41213
-5.41212
-5.41374
-5.41503
-5.41472
-5.41342
-5.41537
-5.41408
-5.40955
-5.40987
-5.4089
-5.40695
-5.4076
-5.40695
-5.4063
-5.40759
-5.40597
-5.4037
-5.4037
-5.40467
-5.405
-5.40532
-5.40598
-5.40695
-5.40825
-5.41213
-5.41149
-5.41116
-5.41116
-5.40987
-5.41019
-5.41084
-5.40922
-5.40987
-5.40858
-5.41084
-5.41116
-5.41084
-5.40921
-5.40953
-5.40953
-5.41051
-5.40889
-5.40986
-5.41084
-5.41052
-5.4102
-5.4102
-5.41311
-5.41506
-5.41246
-5.40955
-5.40858
-5.4089
-5.40922
-5.40987
-5.40792
-5.40857
-5.40792
-5.40727
-5.4076
-5.40954
-5.41181
-5.41214
-5.41278
-5.40955
-5.41052
-5.41182
-5.40826
-5.40826
-5.40923
-5.40922
-5.40793
-5.40954
-5.41019
-5.41019
-5.41116
-5.41116
-5.40987
-5.41019
-5.41116
-5.41181
-5.41343
-5.41344
-5.41441
-5.41182
-5.41215
-5.41085
-5.40924
-5.41085
-5.41117
-5.4102
-5.41117
-5.40793
-5.40728
-5.40631
-5.40922
-5.40955
-5.41149
-5.41344
-5.4115
-5.41085
-5.4115
-5.4115
-5.41344
-5.41117
-5.41344
-5.41409
-5.41506
-5.41473
-5.41312
-5.4115
-5.41182
-5.41246
-5.41278
-5.41052
-5.40987
-5.40922
-5.4102
-5.4102
-5.4102
-5.41053
-5.41182
-5.40826
-5.40826
-5.40988
-5.41053
-5.41053
-5.41117
-5.41182
-5.41117
-5.40923
-5.40826
-5.40891
-5.40891
-5.4102
-5.40793
-5.40696
-5.4076
-5.40955
-5.41052
-5.41052
-5.40955
-5.40923
-5.40826
-5.40794
-5.40696
-5.40923
-5.40858
-5.40955
-5.4089
-5.40631
-5.40598
-5.40663
-5.40857
-5.40987
-5.40987
-5.40857
-5.41052
-5.4089
-5.4089
-5.40793
-5.40729
-5.40794
-5.40729
-5.40632
-5.40567
-5.40696
-5.40567
-5.40598
-5.4076
-5.40825
-5.41019
-5.41116
-5.41246
-5.41311
-5.41376
-5.41279
-5.41279
-5.41214
-5.41214
-5.41149
-5.41246
-5.41278
-5.41051
-5.41116
-5.41342
-5.41116
-5.41083
-5.40922
-5.40825
-5.40922
-5.41148
-5.40792
-5.40727
-5.4076
-5.40662
-5.40598
-5.40468
-5.40532
-5.40468
-5.405
-5.40435
-5.40533
-5.40533
-5.40468
-5.40436
-5.40436
-5.40501
-5.4076
-5.40663
-5.4063
-5.40468
-5.40467
-5.40597
-5.40791
-5.4105
-5.41148
-5.41277
-5.41504
-5.41342
-5.41245
-5.41213
-5.41246
-5.41246
-5.40954
-5.41019
-5.40922
-5.40889
-5.40954
-5.40954
-5.40921
-5.40953
-5.40953
-5.40921
-5.40824
-5.41051
-5.41052
-5.41052
-5.41052
-5.41278
-5.4144
-5.41375
-5.4144
-5.41375
-5.41116
-5.41019
-5.40728
-5.40728
-5.40858
-5.40955
-5.40987
-5.40857
-5.41019
-5.41213
-5.4089
-5.41116
-5.41245
-5.41213
-5.41083
-5.41083
-5.40791
-5.40921
-5.41116
-5.41181
-5.41278
-5.41181
-5.41149
-5.40922
-5.4089
-5.41116
-5.41052
-5.40987
-5.40728
-5.40793
-5.40922
-5.40922
-5.40825
-5.40825
-5.4076
-5.40501
-5.40436
-5.40404
-5.40598
-5.40663
-5.40695
-5.40727
-5.40663
-5.4076
-5.41084
-5.41213
-5.41213
-5.41278
-5.41246
-5.41181
-5.41246
-5.41051
-5.41181
-5.41537
-5.41796
-5.41699
-5.41731
-5.41796
-5.41667
-5.41634
-5.41343
-5.41278
-5.41246
-5.41278
-5.41311
-5.41149
-5.40858
-5.41019
-5.41116
-5.41084
-5.41051
-5.41051
-5.40824
-5.40921
-5.40921
-5.40759
-5.40695
-5.40824
-5.40857
-5.40922
-5.40986
-5.41051
-5.4131
-5.41374
-5.41504
-5.41147
-5.41147
-5.41309
-5.41277
-5.41116
-5.41342
-5.41472
-5.41537
-5.41504
-5.4144
-5.4131
-5.41212
-5.41147
-5.40953
-5.4092
-5.40823
-5.40953
-5.41018
-5.41148
-5.40986
-5.41019
-5.40987
-5.41213
-5.4131
-5.40921
-5.40921
-5.41083
-5.40986
-5.4105
-5.4118
-5.41083
-5.40986
-5.40986
-5.40856
-5.40889
-5.40986
-5.40921
-5.40953
-5.41083
-5.41018
-5.41018
-5.40888
-5.40856
-5.40662
-5.40759
-5.40759
-5.40857
-5.40727
-5.40824
-5.40889
-5.40921
-5.40986
-5.41278
-5.41375
-5.41245
-5.41406
-5.41147
-5.41342
-5.41374
-5.41633
-5.41536
-5.41504
-5.41439
-5.41148
-5.41051
-5.41181
-5.41148
-5.41051
-5.41083
-5.41277
-5.4131
-5.41213
-5.41245
-5.41213
-5.41278
-5.41084
-5.40922
-5.40857
-5.41083
-5.40986
-5.40954
-5.40889
-5.40824
-5.40792
-5.40986
-5.40986
-5.40889
-5.40824
-5.40695
-5.40792
-5.40825
-5.40954
-5.41019
-5.40825
-5.40727
-5.40792
-5.40824
-5.40857
-5.40922
-5.4089
-5.40922
-5.41051
-5.41019
-5.41148
-5.41051
-5.40954
-5.41148
-5.41407
-5.41181
-5.41116
-5.41214
-5.4157
-5.41537
-5.41537
-5.41115
-5.41213
-5.41374
-5.41374
-5.41439
-5.41277
-5.4118
-5.41213
-5.41051
-5.41051
-5.41018
-5.41116
-5.40986
-5.41148
-5.41115
-5.41115
-5.40888
-5.40985
-5.4092
-5.40823
-5.40856
-5.40759
-5.40694
-5.40565
-5.40662
-5.4063
-5.40727
-5.40727
-5.40791
-5.40856
-5.41018
-5.41115
-5.4105
-5.4105
-5.41051
-5.40986
-5.40954
-5.40986
-5.40954
-5.40921
-5.40954
-5.40824
-5.40824
-5.40597
-5.40565
-5.405
-5.40662
-5.40921
-5.40889
-5.40792
-5.40889
-5.40888
-5.41115
-5.41017
-5.41018
-5.41147
-5.4118
-5.41374
-5.41083
-5.41083
-5.4131
-5.41537
-5.41731
-5.41666
-5.41472
-5.41472
-5.41245
-5.40986
-5.40921
-5.40953
-5.40921
-5.41115
-5.41083
-5.40888
-5.40921
-5.41212
-5.41309
-5.41245
-5.41148
-5.4118
-5.41083
-5.41018
-5.4105
-5.40823
-5.40597
-5.40694
-5.40629
-5.40921
-5.40791
-5.40694
-5.40597
-5.40823
-5.40758
-5.40661
-5.40759
-5.40726
-5.40565
-5.40597
-5.40986
-5.41148
-5.41374
-5.4131
-5.4118
-5.41147
-5.4118
-5.41147
-5.41212
-5.4118
-5.4105
-5.41245
-5.4118
-5.41147
-5.41115
-5.41017
-5.41082
-5.41147
-5.4118
-5.41115
-5.41115
-5.41245
-5.41148
-5.41083
-5.41245
-5.41083
-5.41212
-5.41277
-5.41471
-5.41407
-5.41406
-5.41342
-5.41245
-5.41212
-5.41245
-5.4131
-5.41471
-5.41471
-5.41601
-5.41633
-5.41439
-5.41406
-5.41277
-5.41309
-5.41277
-5.41374
-5.41212
-5.41051
-5.41148
-5.4118
-5.41083
-5.40759
-5.40598
-5.40533
-5.4063
-5.40565
-5.405
-5.40662
-5.40694
-5.40402
-5.40435
-5.405
-5.40467
-5.40564
-5.40629
-5.40662
-5.40532
-5.40532
-5.40532
-5.40532
-5.40694
-5.40726
-5.40629
-5.40985
-5.4105
-5.41147
-5.41114
-5.41114
-5.41341
-5.41341
-5.41276
-5.4105
-5.40759
-5.4063
-5.40824
-5.40921
-5.40954
-5.41148
-5.41083
-5.41115
-5.40888
-5.4092
-5.40855
-5.40952
-5.41049
-5.40952
-5.4092
-5.40953
-5.40888
-5.41018
-5.40921
-5.40953
-5.4105
-5.41212
-5.41212
-5.41309
-5.41082
-5.41115
-5.40952
-5.4092
-5.40984
-5.40855
-5.4079
-5.40888
-5.41018
-5.40824
-5.40953
-5.41115
-5.41212
-5.41277
-5.41147
-5.41147
-5.41115
-5.41147
-5.41374
-5.41309
-5.4105
-5.41277
-5.41147
-5.41277
-5.41309
-5.41342
-5.41471
-5.41374
-5.41342
-5.41083
-5.41083
-5.40986
-5.41083
-5.41018
-5.41018
-5.40823
-5.40823
-5.41082
-5.40921
-5.41051
-5.41148
-5.41051
-5.41116
-5.41019
-5.41019
-5.40825
-5.40533
-5.40598
-5.40856
-5.40921
-5.40953
-5.40889
-5.40986
-5.40986
-5.41084
-5.41343
-5.41214
-5.41246
-5.41116
-5.41213
-5.41116
-5.41116
-5.41083
-5.40824
-5.40824
-5.40694
-5.4076
-5.40921
-5.40889
-5.4089
-5.41084
-5.41116
-5.41019
-5.41019
-5.41019
-5.41051
-5.40857
-5.40759
-5.40759
-5.40727
-5.40695
-5.40695
-5.4063
-5.40728
-5.4076
-5.40858
-5.40825
-5.40663
-5.40663
-5.40501
-5.40662
-5.40889
-5.40824
-5.41051
-5.40986
-5.41181
-5.41278
-5.41408
-5.41473
-5.41279
-5.41311
-5.41376
-5.41182
-5.40922
-5.41116
-5.40825
-5.40663
-5.4076
-5.40922
-5.40759
-5.40695
-5.40856
-5.41115
-5.40953
-5.41051
-5.40954
-5.40857
-5.40987
-5.4089
-5.40793
-5.4076
-5.40501
-5.40889
-5.41148
-5.41343
-5.41019
-5.41084
-5.40922
-5.40695
-5.40469
-5.40566
-5.40922
-5.40824
-5.40727
-5.40727
-5.40825
-5.4089
-5.40922
-5.40954
-5.40954
-5.40631
-5.4089
-5.40825
-5.40955
-5.4102
-5.4089
-5.40955
-5.41019
-5.41278
-5.41149
-5.41149
-5.41052
-5.41181
-5.41117
-5.40955
-5.4102
-5.41052
-5.40955
-5.40987
-5.40954
-5.41019
-5.41051
-5.40889
-5.40857
-5.4076
-5.40598
-5.40858
-5.40663
-5.40566
-5.40631
-5.40728
-5.40955
-5.41117
-5.41085
-5.41279
-5.41149
-5.41149
-5.41052
-5.41376
-5.41376
-5.41149
-5.40987
-5.41149
-5.41344
-5.41408
-5.41505
-5.41635
-5.41506
-5.41409
-5.41474
-5.41377
-5.41344
-5.41474
-5.41312
-5.4102
-5.40956
-5.40826
-5.40697
-5.40729
-5.40567
-5.40632
-5.40696
-5.40696
-5.40793
-5.40696
-5.40664
-5.40858
-5.40761
-5.40859
-5.40988
-5.41053
-5.40956
-5.41086
-5.41215
-5.41086
-5.40988
-5.40956
-5.4102
-5.40858
-5.40923
-5.40664
-5.40826
-5.40794
-5.40988
-5.41086
-5.40859
-5.40924
-5.40859
-5.41053
-5.40988
-5.41117
-5.41247
-5.41182
-5.41376
-5.41344
-5.4128
-5.41312
-5.41345
-5.41377
-5.41345
-5.41053
-5.41021
-5.40923
-5.40955
-5.4102
-5.41182
-5.41149
-5.41117
-5.40955
-5.41182
-5.41279
-5.41344
-5.41215
-5.41442
-5.4128
-5.4128
-5.4102
-5.40761
-5.40729
-5.40761
-5.40663
-5.40631
-5.40761
-5.40793
-5.40663
-5.40598
-5.40858
-5.4089
-5.41084
-5.41052
-5.41117
-5.41311
-5.41312
-5.41344
-5.41376
-5.41344
-5.41473
-5.41408
-5.41311
-5.41214
-5.41052
-5.4102
-5.4102
-5.40825
-5.40728
-5.40696
-5.40631
-5.40793
-5.40955
-5.40987
-5.41116
-5.41117
-5.41149
-5.41084
-5.40987
-5.40891
-5.40696
-5.40761
-5.40729
-5.40826
-5.40891
-5.40891
-5.40987
-5.4089
-5.41085
-5.40988
-5.40793
-5.40663
-5.40631
-5.40696
-5.4076
-5.40728
-5.4089
-5.41117
-5.41246
-5.41279
-5.41214
-5.41246
-5.41311
-5.41214
-5.4144
-5.41311
-5.41279
-5.41052
-5.41117
-5.41246
-5.41279
-5.41149
-5.41085
-5.41182
-5.41182
-5.41182
-5.41214
-5.41279
-5.41247
-5.41085
-5.41474
-5.41506
-5.41539
-5.41636
-5.41474
-5.41474
-5.41409
-5.41312
-5.41183
-5.41312
-5.41312
-5.41344
-5.41343
-5.41408
-5.41343
-5.41375
-5.41505
-5.4102
-5.4089
-5.4089
-5.4089
-5.40988
-5.40923
-5.4102
-5.4102
-5.41215
-5.41247
-5.41376
-5.41247
-5.41311
-5.41311
-5.41149
-5.41214
-5.41215
-5.41085
-5.41021
-5.40956
-5.40827
-5.40924
-5.40826
-5.41182
-5.4102
-5.41085
-5.4089
-5.41181
-5.41117
-5.41149
-5.40987
-5.40988
-5.4102
-5.41118
-5.41118
-5.40988
-5.41182
-5.41344
-5.41312
-5.41214
-5.41409
-5.41311
-5.41376
-5.41441
-5.41344
-5.41409
-5.41538
-5.41506
-5.417
-5.4183
-5.41927
-5.41538
-5.41409
-5.40988
-5.40729
-5.40502
-5.40697
-5.40826
-5.40891
-5.40729
-5.40891
-5.40988
-5.40793
-5.40664
-5.4047
-5.40534
-5.40761
-5.40761
-5.40761
-5.40729
-5.40631
-5.40599
-5.40663
-5.40922
-5.41052
-5.40923
-5.4102
-5.4102
-5.41182
-5.4115
-5.41053
-5.41085
-5.41214
-5.41149
-5.40986
-5.40728
-5.40825
-5.4089
-5.40728
-5.40793
-5.40696
-5.40566
-5.40501
-5.40598
-5.40825
-5.40792
-5.40825
-5.40987
-5.40955
-5.41117
-5.41182
-5.41215
-5.40988
-5.4115
-5.4128
-5.41312
-5.41377
-5.41344
-5.41408
-5.4144
-5.41245
-5.41342
-5.4131
-5.41343
-5.41408
-5.41279
-5.41085
-5.41085
-5.40955
-5.40955
-5.4102
-5.40923
-5.40793
-5.4102
-5.40988
-5.41118
-5.40826
-5.40826
-5.40729
-5.40535
-5.40405
-5.40437
-5.40372
-5.40404
-5.40664
-5.40696
-5.40696
-5.40502
-5.40373
-5.40567
-5.40858
-5.4115
-5.41214
-5.41182
-5.41246
-5.41149
-5.41052
-5.4102
-5.41053
-5.4115
-5.4115
-5.4102
-5.40858
-5.40761
-5.40761
-5.40598
-5.40728
-5.40955
-5.40987
-5.40794
-5.4102
-5.4115
-5.41183
-5.41215
-5.41409
-5.41409
-5.41247
-5.4115
-5.4102
-5.40988
-5.40988
-5.40761
-5.40858
-5.40729
-5.40761
-5.40761
-5.40859
-5.40988
-5.41021
-5.41053
-5.41117
-5.41279
-5.41118
-5.41377
-5.41442
-5.41474
-5.4141
-5.4128
-5.41248
-5.41248
-5.41475
-5.41378
-5.4128
-5.41345
-5.41313
-5.41215
-5.41118
-5.41182
-5.41117
-5.41181
-5.40955
-5.40793
-5.40891
-5.40891
-5.40762
-5.40892
-5.40925
-5.40925
-5.41022
-5.41022
-5.41022
-5.41248
-5.41183
-5.41248
-5.41312
-5.41248
-5.41183
-5.40957
-5.41022
-5.4099
-5.41152
-5.41119
-5.40925
-5.41022
-5.41216
-5.41346
-5.41313
-5.41475
-5.4141
-5.41118
-5.41086
-5.41183
-5.40827
-5.41021
-5.40957
-5.40795
-5.4086
-5.40989
-5.41183
-5.41151
-5.41183
-5.41086
-5.41119
-5.41021
-5.40956
-5.4115
-5.41215
-5.41215
-5.41377
-5.41507
-5.41312
-5.41248
-5.40989
-5.41086
-5.40827
-5.40698
-5.4086
-5.40892
-5.40892
-5.41022
-5.40892
-5.40892
-5.40828
-5.4086
-5.40795
-5.40633
-5.40795
-5.40827
-5.40827
-5.40956
-5.40956
-5.41021
-5.41151
-5.41118
-5.40925
-5.40892
-5.40828
-5.40666
-5.40601
-5.40795
-5.40763
-5.4073
-5.40633
-5.40633
-5.40666
-5.4073
-5.40795
-5.40601
-5.40439
-5.40536
-5.4073
-5.40763
-5.40471
-5.40406
-5.40633
-5.4073
-5.40633
-5.40633
-5.40795
-5.41022
-5.41022
-5.40828
-5.40892
-5.40989
-5.41151
-5.41119
-5.41119
-5.41313
-5.41216
-5.41475
-5.41346
-5.41313
-5.41054
-5.41314
-5.41346
-5.41508
-5.4167
-5.41508
-5.41508
-5.4154
-5.41281
-5.41022
-5.40925
-5.4099
-5.4086
-5.4086
-5.4086
-5.40925
-5.40827
-5.40989
-5.40925
-5.4099
-5.40925
-5.40957
-5.40795
-5.40795
-5.40827
-5.4073
-5.40666
-5.40763
-5.40698
-5.40957
-5.40925
-5.4099
-5.4086
-5.40925
-5.40892
-5.40795
-5.4073
-5.4086
-5.4099
-5.40958
-5.40731
-5.40634
-5.40731
-5.40763
-5.40763
-5.4099
-5.40828
-5.40795
-5.40828
-5.41152
-5.41314
-5.41185
-5.41412
-5.41314
-5.41249
-5.4125
-5.41185
-5.41314
-5.41152
-5.41152
-5.41184
-5.41281
-5.41184
-5.41119
-5.41087
-5.41119
-5.41216
-5.41054
-5.41055
-5.40958
-5.41023
-5.40958
-5.41023
-5.41152
-5.41217
-5.41281
-5.41249
-5.41346
-5.41248
-5.41119
-5.4099
-5.40893
-5.40958
-5.40893
-5.40893
-5.41087
-5.41281
-5.41378
-5.41411
-5.41249
-5.41119
-5.41054
-5.40957
-5.41216
-5.41119
-5.40989
-5.40892
-5.40892
-5.41119
-5.40957
-5.41152
-5.41216
-5.40957
-5.4086
-5.40828
-5.40989
-5.41184
-5.41184
-5.40989
-5.41086
-5.41021
-5.41118
-5.4128
-5.41248
-5.41151
-5.41086
-5.41248
-5.41248
-5.41313
-5.4141
-5.41216
-5.41248
-5.41345
-5.41054
-5.40762
-5.4073
-5.40698
-5.4086
-5.40828
-5.41087
-5.41151
-5.41086
-5.41054
-5.41118
-5.41313
-5.4141
-5.41475
-5.41669
-5.41572
-5.41475
-5.41216
-5.41378
-5.41346
-5.41313
-5.41378
-5.41184
-5.41054
-5.40827
-5.40795
-5.40859
-5.40989
-5.40924
-5.41021
-5.40989
-5.40762
-5.40827
-5.40956
-5.40988
-5.40762
-5.40956
-5.41021
-5.40924
-5.41215
-5.41312
-5.41377
-5.4128
-5.41313
-5.41248
-5.41086
-5.40892
-5.40698
-5.40666
-5.40633
-5.40536
-5.40697
-5.4073
-5.40568
-5.40438
-5.40568
-5.40536
-5.40568
-5.40601
-5.40666
-5.40795
-5.40892
-5.41086
-5.41119
-5.41281
-5.41248
-5.41086
-5.40892
-5.40989
-5.40956
-5.40988
-5.41118
-5.41118
-5.41085
-5.40794
-5.41053
-5.41021
-5.41021
-5.41053
-5.41053
-5.40989
-5.41215
-5.41248
-5.41215
-5.41021
-5.40988
-5.40697
-5.40535
-5.4073
-5.40697
-5.406
-5.40729
-5.40762
-5.40891
-5.40956
-5.40988
-5.40988
-5.4115
-5.41052
-5.4089
-5.40793
-5.40761
-5.40632
-5.40406
-5.40665
-5.40697
-5.40632
-5.40568
-5.40632
-5.40826
-5.40891
-5.41021
-5.41118
-5.40956
-5.41151
-5.40989
-5.41086
-5.40924
-5.40924
-5.41215
-5.41021
-5.40664
-5.40794
-5.40664
-5.40535
-5.40535
-5.40503
-5.40665
-5.406
-5.40568
-5.40665
-5.40859
-5.40924
-5.41118
-5.41247
-5.41182
-5.4115
-5.41279
-5.41344
-5.41215
-5.41345
-5.4115
-5.41118
-5.40956
-5.41086
-5.41118
-5.4115
-5.41312
-5.41215
-5.4128
-5.41247
-5.41085
-5.4115
-5.41247
-5.41247
-5.41215
-5.41377
-5.41118
-5.41118
-5.4115
-5.40923
-5.40858
-5.40696
-5.40696
-5.40534
-5.40567
-5.40762
-5.40827
-5.40794
-5.40859
-5.4115
-5.41085
-5.40859
-5.40761
-5.40858
-5.40761
-5.40956
-5.41182
-5.41053
-5.41021
-5.41183
-5.41086
-5.41183
-5.40988
-5.40956
-5.41215
-5.41279
-5.4115
-5.41247
-5.41312
-5.41215
-5.41215
-5.4141
-5.41248
-5.41248
-5.41183
-5.41183
-5.41118
-5.41021
-5.41248
-5.41248
-5.41474
-5.41442
-5.41539
-5.41571
-5.41539
-5.41344
-5.4115
-5.41021
-5.4115
-5.41053
-5.41021
-5.41151
-5.41183
-5.41086
-5.41151
-5.41215
-5.4115
-5.41214
-5.41279
-5.41149
-5.41182
-5.40988
-5.41149
-5.41117
-5.41279
-5.41279
-5.41473
-5.41473
-5.41246
-5.41084
-5.40826
-5.41085
-5.4102
-5.4115
-5.41118
-5.41247
-5.41247
-5.41214
-5.41149
-5.41214
-5.41246
-5.41278
-5.41214
-5.41149
-5.41019
-5.41116
-5.41214
-5.41182
-5.4115
-5.40955
-5.41085
-5.41182
-5.41311
-5.41181
-5.41375
-5.41084
-5.41052
-5.41052
-5.41214
-5.41019
-5.4089
-5.40728
-5.40792
-5.40728
-5.40598
-5.40695
-5.40728
-5.40598
-5.40663
-5.40728
-5.40729
-5.4089
-5.40987
-5.4089
-5.40793
-5.40825
-5.4102
-5.40858
-5.41084
-5.4102
-5.41246
-5.41084
-5.4089
-5.4102
-5.40858
-5.40857
-5.40695
-5.40663
-5.40501
-5.40695
-5.40566
-5.40598
-5.40857
-5.40954
-5.41148
-5.41181
-5.4131
-5.41375
-5.41375
-5.41343
-5.41278
-5.41149
-5.41181
-5.41311
-5.41278
-5.4157
-5.41602
-5.41764
-5.41602
-5.41472
-5.41278
-5.41116
-5.41019
-5.41116
-5.41148
-5.41148
-5.41116
-5.40889
-5.4076
-5.40792
-5.40889
-5.40954
-5.40857
-5.40825
-5.40954
-5.4089
-5.41116
-5.41181
-5.41181
-5.41181
-5.41181
-5.41117
-5.41019
-5.4089
-5.41149
-5.41246
-5.41311
-5.41311
-5.41214
-5.41117
-5.41117
-5.41214
-5.41344
-5.41279
-5.41538
-5.41732
-5.4144
-5.41311
-5.41246
-5.41246
-5.40955
-5.41149
-5.40987
-5.41117
-5.4115
-5.41117
-5.41149
-5.41311
-5.41052
-5.40987
-5.40922
-5.40857
-5.40987
-5.41214
-5.40955
-5.40922
-5.41116
-5.41116
-5.40987
-5.41213
-5.41116
-5.41084
-5.41084
-5.41181
-5.4102
-5.41052
-5.40857
-5.40922
-5.41052
-5.41051
-5.4131
-5.41278
-5.41569
-5.41473
-5.41149
-5.41052
-5.41117
-5.41052
-5.41117
-5.41246
-5.41246
-5.41343
-5.41148
-5.41245
-5.41181
-5.41213
-5.41181
-5.41149
-5.41311
-5.41181
-5.41246
-5.41051
-5.40825
-5.4076
-5.40339
-5.40306
-5.40404
-5.40339
-5.40404
-5.40501
-5.40728
-5.40793
-5.40825
-5.40955
-5.40987
-5.40792
-5.40922
-5.40889
-5.41019
-5.40921
-5.40921
-5.40889
-5.41051
-5.40922
-5.41051
-5.40954
-5.40824
-5.41116
-5.41148
-5.41148
-5.41148
-5.41116
-5.41116
-5.40954
-5.41213
-5.41278
-5.41277
-5.41245
-5.41309
-5.41342
-5.4118
-5.41147
-5.4105
-5.40953
-5.4105
-5.4105
-5.41083
-5.40985
-5.41018
-5.40856
-5.40856
-5.4092
-5.40888
-5.40855
-5.41017
-5.40985
-5.41147
-5.41082
-5.40985
-5.40856
-5.40823
-5.40953
-5.4092
-5.4092
-5.40693
-5.40725
-5.4079
-5.40629
-5.40694
-5.40823
-5.40759
-5.40565
-5.40629
-5.40694
-5.40759
-5.40758
-5.4079
-5.40628
-5.4079
-5.40823
-5.40758
-5.40856
-5.40888
-5.40921
-5.40953
-5.41342
-5.41374
-5.41244
-5.41082
-5.41049
-5.40952
-5.41017
-5.40952
-5.4079
-5.40823
-5.40985
-5.40888
-5.40985
-5.40985
-5.4105
-5.41147
-5.41082
-5.41244
-5.41147
-5.41114
-5.41082
-5.41115
-5.4092
-5.40856
-5.4105
-5.41179
-5.4105
-5.41082
-5.40984
-5.41243
-5.41146
-5.41114
-5.41147
-5.40856
-5.40953
-5.41115
-5.40921
-5.40953
-5.40791
-5.40985
-5.40823
-5.40791
-5.40629
-5.40758
-5.40888
-5.40532
-5.40596
-5.40791
-5.40823
-5.40629
-5.40467
-5.40628
-5.40725
-5.40693
-5.40596
-5.40596
-5.40434
-5.40467
-5.40564
-5.40596
-5.40434
-5.40499
-5.40564
-5.40629
-5.40661
-5.40855
-5.40952
-5.40985
-5.40855
-5.41114
-5.41017
-5.41179
-5.4105
-5.40791
-5.40823
-5.40888
-5.40791
-5.40758
-5.40759
-5.40759
-5.40694
-5.40629
-5.40597
-5.40402
-5.40273
-5.40402
-5.40661
-5.40759
-5.40856
-5.40921
-5.41147
-5.40985
-5.4092
-5.41115
-5.4118
-5.41309
-5.41277
-5.41148
-5.41245
-5.4131
-5.41212
-5.41277
-5.41212
-5.41115
-5.41341
-5.4105
-5.40985
-5.4105
-5.41051
-5.40986
-5.40921
-5.4105
-5.41018
-5.41018
-5.4118
-5.4105
-5.40953
-5.41083
-5.4105
-5.4105
-5.4118
-5.41115
-5.41115
-5.41115
-5.41245
-5.41245
-5.41245
-5.41277
-5.41115
-5.41051
-5.41148
-5.4118
-5.40824
-5.40857
-5.40695
-5.4063
-5.40694
-5.40759
-5.4105
-5.41147
-5.40985
-5.40823
-5.40823
-5.40726
-5.40759
-5.40888
-5.40889
-5.40921
-5.40921
-5.40954
-5.41018
-5.41051
-5.41148
-5.41018
-5.40953
-5.4092
-5.40985
-5.41017
-5.40985
-5.41147
-5.41147
-5.4105
-5.41115
-5.41277
-5.41018
-5.40985
-5.40921
-5.41018
-5.41147
-5.41342
-5.41374
-5.4105
-5.41083
-5.41245
-5.41148
-5.41018
-5.41115
-5.41147
-5.41147
-5.41018
-5.41245
-5.41083
-5.40953
-5.40985
-5.41147
-5.41018
-5.41147
-5.4105
-5.4118
-5.41115
-5.41245
-5.4131
-5.4131
-5.41439
-5.41504
-5.41277
-5.41342
-5.4118
-5.4131
-5.41213
-5.41115
-5.41374
-5.41277
-5.4118
-5.40954
-5.40889
-5.40856
-5.40824
-5.4118
-5.41018
-5.40856
-5.40759
-5.40824
-5.40824
-5.40889
-5.40856
-5.40792
-5.40953
-5.40953
-5.40791
-5.40629
-5.40694
-5.40468
-5.405
-5.40565
-5.40533
-5.40695
-5.4076
-5.40954
-5.40857
-5.40824
-5.40954
-5.40824
-5.40986
-5.41213
-5.41051
-5.40759
-5.40662
-5.40986
-5.40953
-5.41115
-5.41148
-5.40889
-5.41083
-5.4118
-5.4105
-5.41018
-5.41083
-5.41115
-5.4105
-5.40824
-5.41051
-5.41277
-5.41407
-5.41537
-5.41699
-5.41796
-5.41731
-5.41634
-5.41374
-5.4131
-5.41245
-5.4118
-5.41018
-5.40888
-5.40824
-5.40824
-5.40759
-5.40856
-5.40824
-5.40759
-5.40695
-5.40694
-5.40662
-5.40727
-5.40694
-5.40791
-5.40759
-5.40726
-5.40662
-5.40823
-5.40985
-5.40953
-5.41115
-5.40856
-5.41083
-5.41019
-5.41148
-5.41083
-5.40921
-5.40694
-5.40662
-5.40694
-5.40694
-5.40499
-5.40499
-5.40823
-5.40921
-5.41083
-5.41051
-5.40921
-5.40986
-5.41083
-5.41115
-5.41212
-5.41212
-5.40985
-5.4105
-5.41018
-5.40921
-5.41018
-5.4105
-5.40985
-5.41309
-5.41406
-5.41244
-5.41147
-5.41147
-5.41147
-5.40921
-5.40985
-5.40823
-5.40824
-5.4105
-5.40986
-5.41018
-5.41115
-5.41212
-5.41083
-5.41018
-5.40986
-5.41018
-5.40985
-5.41179
-5.41147
-5.41147
-5.41309
-5.4118
-5.4118
-5.41277
-5.41245
-5.41374
-5.41342
-5.4131
-5.41472
-5.41601
-5.41342
-5.41277
-5.41083
-5.40856
-5.40824
-5.40986
-5.40953
-5.40953
-5.40791
-5.40823
-5.40985
-5.40726
-5.40597
-5.40629
-5.40662
-5.40694
-5.40824
-5.40856
-5.40953
-5.41018
-5.41083
-5.40921
-5.40824
-5.40824
-5.41181
-5.41084
-5.41116
-5.41084
-5.41051
-5.41083
-5.40986
-5.40824
-5.4105
-5.4105
-5.40985
-5.41082
-5.41082
-5.41179
-5.41147
-5.41277
-5.4131
-5.41246
-5.41116
-5.41343
-5.41504
-5.4186
-5.4186
-5.41665
-5.416
-5.41341
-5.41309
-5.41309
-5.41374
-5.41212
-5.41244
-5.41083
-5.40953
-5.4105
-5.40889
-5.40986
-5.40986
-5.41083
-5.41245
-5.41116
-5.41083
-5.41213
-5.4118
-5.41277
-5.41374
-5.41277
-5.41342
-5.41147
-5.40986
-5.40791
-5.40888
-5.40759
-5.40662
-5.40662
-5.4063
-5.40695
-5.40662
-5.40695
-5.40694
-5.40856
-5.40921
-5.40985
-5.40759
-5.40921
-5.41082
-5.41147
-5.41115
-5.41114
-5.41309
-5.41309
-5.41148
-5.41018
-5.41148
-5.41246
-5.41504
-5.41504
-5.41213
-5.40986
-5.41018
-5.41115
-5.41148
-5.41083
-5.41019
-5.41116
-5.41018
-5.41147
-5.41277
-5.41373
-5.41243
-5.4147
-5.41276
-5.41244
-5.41148
-5.41245
-5.41213
-5.41212
-5.41374
-5.41212
-5.41244
-5.41244
-5.41373
-5.41276
-5.41212
-5.41309
-5.41374
-5.41439
-5.41244
-5.41438
-5.41406
-5.41276
-5.41179
-5.4105
-5.40953
-5.40888
-5.40597
-5.40726
-5.40985
-5.40823
-5.40758
-5.40888
-5.40985
-5.41244
-5.4118
-5.41082
-5.41212
-5.4105
-5.4105
-5.40953
-5.41082
-5.40985
-5.40985
-5.41147
-5.41017
-5.4079
-5.40758
-5.4079
-5.40822
-5.41049
-5.41179
-5.41114
-5.41049
-5.41017
-5.40953
-5.40661
-5.40467
-5.40597
-5.40726
-5.40888
-5.40759
-5.4092
-5.4092
-5.4105
-5.4092
-5.40887
-5.4092
-5.40952
-5.40628
-5.40823
-5.40855
-5.41018
-5.41147
-5.41018
-5.41018
-5.41018
-5.40791
-5.40758
-5.4079
-5.40726
-5.40888
-5.40921
-5.40986
-5.40921
-5.41083
-5.41115
-5.4105
-5.40856
-5.4105
-5.41243
-5.41341
-5.41471
-5.41504
-5.4118
-5.40986
-5.40856
-5.40662
-5.40565
-5.40435
-5.40532
-5.40597
-5.40629
-5.40694
-5.40726
-5.40888
-5.40953
-5.41245
-5.41342
-5.41309
-5.41342
-5.41374
-5.41082
-5.41018
-5.41018
-5.40985
-5.41244
-5.41212
-5.41341
-5.41309
-5.4105
-5.40661
-5.40661
-5.40629
-5.40694
-5.40791
-5.40856
-5.41083
-5.41018
-5.41277
-5.41147
-5.41309
-5.41406
-5.416
-5.416
-5.41212
-5.41147
-5.41082
-5.40888
-5.40888
-5.40791
-5.40791
-5.40597
-5.40338
-5.40208
-5.40338
-5.40564
-5.40661
-5.4092
-5.41114
-5.40985
-5.41018
-5.40823
-5.40661
-5.40629
-5.40662
-5.40824
-5.41147
-5.41277
-5.41374
-5.41342
-5.41277
-5.41309
-5.41439
-5.41373
-5.41373
-5.41147
-5.41147
-5.40889
-5.40921
-5.41019
-5.41116
-5.41115
-5.40953
-5.40726
-5.40823
-5.40726
-5.40855
-5.41017
-5.4105
-5.41276
-5.41147
-5.41018
-5.40856
-5.41018
-5.41115
-5.40985
-5.40952
-5.4092
-5.4105
-5.41083
-5.4118
-5.41147
-5.41082
-5.41147
-5.41309
-5.41244
-5.41179
-5.41341
-5.41405
-5.41341
-5.41276
-5.41179
-5.41147
-5.4105
-5.4105
-5.40985
-5.41082
-5.40629
-5.40823
-5.40921
-5.40824
-5.40856
-5.40888
-5.40759
-5.40758
-5.40758
-5.40791
-5.40758
-5.40856
-5.40953
-5.41017
-5.41082
-5.41017
-5.4105
-5.40985
-5.40985
-5.41017
-5.40888
-5.4092
-5.40791
-5.40726
-5.40629
-5.40823
-5.40888
-5.40823
-5.40823
-5.4105
-5.41276
-5.41373
-5.41147
-5.41179
-5.41179
-5.41147
-5.41082
-5.41212
-5.4092
-5.40985
-5.40985
-5.4105
-5.40985
-5.40985
-5.40888
-5.40953
-5.41211
-5.41114
-5.41244
-5.41211
-5.41082
-5.41082
-5.41017
-5.40985
-5.4092
-5.40823
-5.40629
-5.40629
-5.40824
-5.40824
-5.41082
-5.41082
-5.41212
-5.4105
-5.40953
-5.41017
-5.41082
-5.40985
-5.40888
-5.4105
-5.41083
-5.41051
-5.41018
-5.40888
-5.41115
-5.40888
-5.40984
-5.41017
-5.40984
-5.41081
-5.40919
-5.40887
-5.4092
-5.40726
-5.40564
-5.40532
-5.405
-5.405
-5.40661
-5.40629
-5.40758
-5.40823
-5.41017
-5.41243
-5.41017
-5.40952
-5.41082
-5.41179
-5.4105
-5.4105
-5.41018
-5.40888
-5.41018
-5.40953
-5.4092
-5.40726
-5.40759
-5.40759
-5.40726
-5.40597
-5.40791
-5.40758
-5.40726
-5.40953
-5.4105
-5.41017
-5.41179
-5.4105
-5.41051
-5.41148
-5.41246
-5.41246
-5.41051
-5.41051
-5.40825
-5.41019
-5.41116
-5.41375
-5.41375
-5.41115
-5.41277
-5.41212
-5.41212
-5.41212
-5.41083
-5.4118
-5.4118
-5.41213
-5.41277
-5.4105
-5.40856
-5.40759
-5.40694
-5.40824
-5.40953
-5.41018
-5.40953
-5.40727
-5.40824
-5.40824
-5.40921
-5.4105
-5.41115
-5.41244
-5.41244
-5.41405
-5.41308
-5.41146
-5.40887
-5.40855
-5.40823
-5.41115
-5.40985
-5.41148
-5.41245
-5.41212
-5.41212
-5.4105
-5.41341
-5.41244
-5.41179
-5.41016
-5.41049
-5.40855
-5.40855
-5.40888
-5.4092
-5.40758
-5.40758
-5.4092
-5.4079
-5.40726
-5.40596
-5.40499
-5.40563
-5.4079
-5.4079
-5.40757
-5.40822
-5.41114
-5.41308
-5.41373
-5.41535
-5.416
-5.41147
-5.41373
-5.41276
-5.41308
-5.41405
-5.41405
-5.41372
-5.41243
-5.41243
-5.41179
-5.41017
-5.40985
-5.40952
-5.4092
-5.41049
-5.40952
-5.40822
-5.40693
-5.40693
-5.40984
-5.41146
-5.40985
-5.41114
-5.40888
-5.4079
-5.4079
-5.40887
-5.40855
-5.40725
-5.40985
-5.41082
-5.41244
-5.41211
-5.41341
-5.41147
-5.40952
-5.41082
-5.41114
-5.41178
-5.40919
-5.40919
-5.41049
-5.40984
-5.41016
-5.41016
-5.41049
-5.40952
-5.41049
-5.40919
-5.40887
-5.41016
-5.41211
-5.41276
-5.4134
-5.41276
-5.41146
-5.41114
-5.41211
-5.41437
-5.4147
-5.41599
-5.41308
-5.41243
-5.41275
-5.40984
-5.41017
-5.40952
-5.40984
-5.40952
-5.40854
-5.4079
-5.40757
-5.40951
-5.40983
-5.41015
-5.41113
-5.41113
-5.40984
-5.40919
-5.40984
-5.41049
-5.40984
-5.40789
-5.40724
-5.41015
-5.40983
-5.40886
-5.40822
-5.40854
-5.40854
-5.40951
