0.750493
0.75738
0.768052
0.782534
0.800131
0.819262
0.837802
0.853659
0.865224
0.87165
0.872842
0.869343
0.862123
0.852462
0.841795
0.831551
0.823059
0.817486
0.815772
0.818354
0.824893
0.834174
0.844271
0.853043
0.858784
0.860631
0.858748
0.854077
0.847963
0.841817
0.836957
0.834383
0.834527
0.837189
0.841518
0.846103
0.849416
0.850125
0.847428
0.841271
0.832361
0.82197
0.811581
0.802602
0.796047
0.792591
0.792642
0.79625
0.802773
0.810623
0.817372
0.820355
0.817579
0.808465
0.793969
0.776322
0.758252
0.742298
0.730427
0.724067
0.724314
0.731846
0.746498
0.766983
0.790995
0.815762
0.83866
0.857824
0.872366
0.882148
0.887394
0.888375
0.885156
0.877833
0.866834
0.853054
0.837766
0.822409
0.808407
0.796981
0.788974
0.784691
0.783721
0.785006
0.787312
0.789837
0.792636
0.79656
0.802663
0.811526
0.822888
0.835477
0.847367
0.856501
0.861399
0.861683
0.858006
0.851682
0.84398
0.835544
0.826279
0.81568
0.803304
0.789085
0.773582
0.75805
0.744344
0.734708
0.731142
0.734746
0.745222
0.760893
0.779189
0.797541
0.81404
0.827746
0.838658
0.847285
0.854117
0.859338
0.862834
0.864371
0.863841
0.861708
0.858968
0.856815
0.855778
0.855392
0.854501
0.85222
0.848696
0.84506
0.842506
0.840989
0.839046
0.834719
0.826961
0.816079
0.803556
0.791467
0.782004
0.77711
0.778099
0.785461
0.798664
0.816271
0.836174
0.855998
0.873451
0.886601
0.894037
0.894912
0.889071
0.87722
0.860738
0.841631
0.822045
0.803839
0.788367
0.776387
0.76832
0.764444
0.764852
0.769212
0.776623
0.785403
0.793407
0.798571
0.799393
0.795327
0.786912
0.775624
0.763787
0.75432
0.749978
0.752273
0.760841
0.773757
0.788751
0.803915
0.817849
0.8296
0.838483
0.844006
0.845818
0.843592
0.837206
0.827162
0.814834
0.802393
0.792327
0.786897
0.787713
0.795336
0.80897
0.826426
0.84465
0.860599
0.872055
0.878038
0.878887
0.876127
0.872002
0.868818
0.867997
0.869484
0.871845
0.873027
0.871616
0.867381
0.861249
0.854842
0.849557
0.84605
0.84401
0.842557
0.840702
0.837792
0.83376
0.828918
0.823602
0.817914
0.81164
0.804424
0.795995
0.786365
0.775996
0.765721
0.756627
0.749784
0.746087
0.746199
0.750589
0.759483
0.772644
0.789243
0.807741
0.826035
0.842015
0.854131
0.861682
0.864772
0.863907
0.859705
0.85282
0.84411
0.834774
0.826095
0.818932
0.813452
0.80898
0.804286
0.798039
0.789392
0.778536
0.766829
0.756499
0.750036
0.749425
0.755478
0.767518
0.783536
0.800749
0.816557
0.829089
0.837408
0.841117
0.840167
0.834813
0.825826
0.814906
0.804641
0.797613
0.7953
0.797702
0.803776
0.812248
0.822049
0.832325
0.842385
0.851618
0.859469
0.865391
0.869037
0.870468
0.870424
0.870328
0.871683
0.875292
0.880669
0.886212
0.889929
0.890207
0.886325
0.878465
0.867499
0.854617
0.841114
0.828367
0.817748
0.810272
0.806249
0.805034
0.805115
0.804568
0.801614
0.795119
0.785121
0.772857
0.760349
0.749483
0.741349
0.735965
0.732754
0.731199
0.731225
0.733125
0.737307
0.743992
0.752995
0.763632
0.774824
0.785413
0.794561
0.802055
0.808181
0.813642
0.819088
0.824982
0.831408
0.838095
0.844583
0.850571
0.855864
0.860046
0.862401
0.862079
0.858702
0.852529
0.844118
0.833901
0.822256
0.809698
0.797141
0.786024
0.778175
0.775384
0.778727
0.788077
0.801852
0.817364
0.831528
0.841739
0.846639
0.846272
0.841752
0.834755
0.827067
0.820298
0.815683
0.813856
0.814963
0.818816
0.825209
0.833789
0.84385
0.85426
0.863687
0.870971
0.875782
0.878644
0.88067
0.882929
0.885852
0.888838
0.89031
0.888169
0.880507
0.866419
0.846464
0.822749
0.798363
0.776604
0.760004
0.749987
0.746676
0.748996
0.755021
0.762628
0.770083
0.776298
0.780823
0.783405
0.783729
0.781644
0.777684
0.77328
0.770492
0.771098
0.775593
0.782999
0.791377
0.798786
0.804158
0.807512
0.809635
0.811517
0.814005
0.817512
0.82187
0.82631
0.829622
0.830717
0.829231
0.825502
0.820403
0.814941
0.809908
0.805654
0.802393
0.800386
0.800211
0.802632
0.808225
0.817176
0.829179
0.843446
0.85868
0.873275
0.885485
0.893744
0.897112
0.895552
0.889932
0.881395
0.870717
0.858085
0.843457
0.827483
0.811996
0.799789
0.793356
0.793075
0.796609
0.800255
0.80119
0.798753
0.794158
0.789002
0.784048
0.778963
0.772901
0.765489
0.757286
0.749839
0.745152
0.74499
0.750213
0.760441
0.774236
0.789559
0.804287
0.816438
0.824387
0.82696
0.823708
0.815095
0.80278
0.789594
0.779006
0.77423
0.777234
0.788097
0.804772
0.823474
0.839677
0.849431
0.850432
0.842615
0.828397
0.812228
0.799407
0.794316
0.798897
0.81235
0.832098
0.855185
0.879081
0.901974
0.922643
0.940334
0.954506
0.964674
0.970194
0.970246
0.964128
0.951713
0.93344
0.9101
0.882704
0.852555
0.821514
0.791966
0.766297
0.746242
0.732442
0.724612
0.722109
0.724384
0.730968
0.741116
0.753558
0.766459
0.777977
0.786914
0.792928
0.796435
0.798282
0.79938
0.800336
0.801262
0.801943
0.802153
0.801892
0.801298
0.800473
0.79939
0.798082
0.796948
0.79671
0.798063
0.80134
0.806271
0.812263
0.818828
0.82572
0.832857
0.840146
0.847007
0.85237
0.85494
0.853361
0.846643
0.834472
0.817487
0.797333
0.776457
0.757521
0.742776
0.733711
0.731191
0.735624
0.746955
0.764417
0.786413
0.810601
0.83441
0.855711
0.873205
0.8863
0.894967
0.899488
0.900221
0.897781
0.893029
0.886804
0.879397
0.870251
0.858253
0.84246
0.822758
0.800187
0.7769
0.755817
0.740168
0.732756
0.735294
0.747979
0.769441
0.796972
0.827027
0.855904
0.880554
0.899181
0.911505
0.91817
0.919863
0.916773
0.908679
0.895464
0.877404
0.855231
0.830048
0.803219
0.776521
0.752105
0.73233
0.719412
0.714926
0.719386
0.732151
0.751465
0.774817
0.799401
0.822638
0.842536
0.857643
0.866853
0.869454
0.865363
0.855489
0.841701
0.82643
0.812
0.800095
0.791527
0.786462
0.784672
0.785791
0.789399
0.795004
0.802104
0.810291
0.819183
0.828418
0.837421
0.845329
0.850955
0.853124
0.850921
0.843947
0.832379
0.816972
0.799094
0.780743
0.764316
0.752254
0.746459
0.747722
0.75534
0.767198
0.780299
0.791516
0.798982
0.803407
0.807811
0.81504
0.824589
0.833118
0.837596
0.837475
0.834386
0.830619
0.827613
0.825333
0.822776
0.819042
0.814009
0.808337
0.803022
0.798904
0.796484
0.796095
0.798044
0.802654
0.809928
0.819277
0.829331
0.838382
0.845063
0.848777
0.849858
0.849344
0.848435
0.847953
0.847856
0.847134
0.844139
0.837045
0.82467
0.807064
0.785954
0.764779
0.748029
0.739879
0.742481
0.754985
0.774046
0.795559
0.816272
0.834213
0.848521
0.859065
0.866149
0.8705
0.872988
0.874307
0.874818
0.874551
0.873315
0.870851
0.866977
0.861539
0.854384
0.845409
0.834847
0.823397
0.812309
0.803293
0.798239
0.798715
0.805431
0.817798
0.834088
0.851717
0.867419
0.877956
0.880848
0.875246
0.862194
0.844377
0.825506
0.809214
0.797987
0.792381
0.791063
0.791792
0.792754
0.793448
0.794677
0.798101
0.80529
0.816777
0.831396
0.84645
0.8588
0.865955
0.866975
0.862523
0.854459
0.84522
0.837192
0.832263
0.831445
0.834596
0.84054
0.847582
0.854152
0.859202
0.862456
0.863907
0.863564
0.86115
0.855998
0.847341
0.834833
0.818936
0.800963
0.782791
0.76632
0.75306
0.744115
0.7402
0.741606
0.748115
0.758893
0.772518
0.787119
0.800721
0.811556
0.818417
0.820749
0.818709
0.813077
0.80494
0.795463
0.785712
0.77673
0.769461
0.764643
0.762699
0.763649
0.767221
0.772959
0.780388
0.788897
0.797822
0.80656
0.814799
0.822598
0.83021
0.837684
0.844537
0.849994
0.853627
0.855795
0.85744
0.859425
0.861902
0.864291
0.865631
0.864909
0.861333
0.8544
0.843876
0.829683
0.812139
0.792271
0.772265
0.755452
0.745762
0.746206
0.757685
0.778841
0.806623
0.837172
0.866454
0.890903
0.907748
0.915265
0.913013
0.901866
0.883951
0.862355
0.840695
0.8224
0.809797
0.803521
0.802389
0.803986
0.805779
0.806116
0.804461
0.801198
0.796968
0.792343
0.787741
0.783623
0.780615
0.779412
0.780658
0.784796
0.791979
0.801889
0.813759
0.826319
0.838073
0.847594
0.853648
0.855305
0.851944
0.843466
0.830527
0.814769
0.798654
0.784785
0.775077
0.770236
0.769824
0.77281
0.778048
0.784544
0.791378
0.797713
0.80285
0.806249
0.807654
0.807068
0.804765
0.801335
0.797443
0.793589
0.789864
0.785775
0.780222
0.772017
0.760553
0.746314
0.731198
0.718153
0.71024
0.709612
0.716782
0.730636
0.74897
0.769178
0.788824
0.805966
0.819454
0.829408
0.837153
0.844651
0.853397
0.863594
0.874109
0.88305
0.888311
0.888068
0.881312
0.868261
0.85046
0.830579
0.811692
0.796574
0.787121
0.784148
0.787501
0.796336
0.80957
0.826168
0.845163
0.865325
0.884885
0.901688
0.913593
0.918898
0.916563
0.906374
0.889068
0.866443
0.841266
0.816791
0.796216
0.781963
0.775288
0.776291
0.784361
0.798305
0.816457
0.836616
0.856279
0.872987
0.884605
0.889496
0.886686
0.876029
0.85845
0.83582
0.810437
0.784623
0.760395
0.739286
0.722341
0.710336
0.703997
0.703938
0.710332
0.722659
0.739597
0.75926
0.779734
0.799393
0.81697
0.831362
0.841308
0.845535
0.843136
0.833923
0.818691
0.799091
0.777414
0.756416
0.738904
0.72724
0.722866
0.726189
0.736723
0.753413
0.774912
0.799616
0.825731
0.851174
0.873759
0.891474
0.902747
0.906824
0.903835
0.89467
0.880787
0.863994
0.846329
0.829948
0.81705
0.809512
0.808399
0.813649
0.824045
0.837583
0.851913
0.864967
0.875222
0.881701
0.883817
0.881294
0.874153
0.862787
0.848199
0.83208
0.816637
0.804016
0.795616
0.791665
0.791402
0.794002
0.799182
0.807009
0.817049
0.828126
0.83878
0.847873
0.854468
0.857619
0.856447
0.850409
0.839661
0.825315
0.809195
0.7935
0.780304
0.771119
0.766616
0.766551
0.769801
0.774759
0.779929
0.784616
0.789232
0.794895
0.802257
0.810739
0.818955
0.825547
0.829836
0.831906
0.832412
0.832387
0.832981
0.835134
0.839329
0.845423
0.852547
0.859192
0.863464
0.863583
0.858632
0.848972
0.836329
0.82329
0.812481
0.805652
0.803235
0.804361
0.807366
0.810518
0.812587
0.813248
0.812895
0.81239
0.81248
0.813566
0.815796
0.818945
0.822373
0.825012
0.825653
0.824053
0.822002
0.823326
0.83106
0.844277
0.858434
0.868778
0.872587
0.86919
0.859303
0.844253
0.825841
0.806277
0.788024
0.77344
0.764209
0.760895
0.762826
0.768399
0.775639
0.782846
0.788936
0.793361
0.79591
0.79658
0.795595
0.793688
0.792123
0.792555
0.796575
0.804976
0.817134
0.830991
0.843746
0.852945
0.85728
0.856633
0.851668
0.843188
0.832103
0.819606
0.807303
0.796887
0.789767
0.786712
0.787766
0.792311
0.799342
0.807793
0.816704
0.825347
0.833241
0.840117
0.845966
0.85103
0.855768
0.860684
0.866042
0.871658
0.876798
0.880356
0.881094
0.877928
0.870134
0.85759
0.840858
0.82114
0.800259
0.780381
0.763772
0.752298
0.747033
0.748009
0.75431
0.764424
0.776776
0.790005
0.803134
0.815508
0.826559
0.835774
0.842745
0.84732
0.849839
0.850988
0.851458
0.851489
0.850603
0.847713
0.841466
0.830629
0.814522
0.793393
0.768669
0.743088
0.720371
0.704504
0.698695
0.704448
0.721033
0.7457
0.774392
0.802712
0.827014
0.845033
0.856032
0.860485
0.859586
0.854718
0.847142
0.838014
0.828456
0.819792
0.813547
0.811312
0.814315
0.822863
0.836038
0.851875
0.867907
0.881877
0.891956
0.896872
0.896087
0.889875
0.879298
0.865806
0.850902
0.835718
0.821058
0.807383
0.794988
0.78418
0.77546
0.769567
0.767093
0.76805
0.771947
0.778124
0.786096
0.795448
0.805589
0.815563
0.824152
0.830142
0.832807
0.832163
0.828937
0.824236
0.818906
0.813136
0.806458
0.798267
0.788375
0.777439
0.767014
0.75918
0.755908
0.758222
0.765742
0.776933
0.789753
0.802375
0.813719
0.823358
0.831249
0.837325
0.841387
0.843361
0.843595
0.842747
0.8415
0.839989
0.837658
0.833598
0.827245
0.81893
0.810044
0.802608
0.798648
0.799487
0.805268
0.814884
0.826422
0.83751
0.845941
0.850141
0.849528
0.844799
0.837928
0.831756
0.829086
0.831454
0.83826
0.846942
0.854263
0.857617
0.855994
0.850071
0.841864
0.833801
0.827676
0.823921
0.82163
0.819089
0.814601
0.807172
0.796702
0.783886
0.769811
0.755593
0.742095
0.729947
0.719763
0.712418
0.709148
0.711551
0.721123
0.738624
0.763432
0.793298
0.824696
0.85356
0.876233
0.890144
0.89413
0.888461
0.874774
0.855895
0.835416
0.817202
0.804588
0.799524
0.801919
0.80963
0.819218
0.827281
0.831743
0.832773
0.832815
0.835418
0.843166
0.856018
0.871381
0.885519
0.895103
0.898089
0.893751
0.882344
0.864996
0.843553
0.820567
0.799009
0.781634
0.77026
0.765352
0.76632
0.77224
0.78252
0.796955
0.815111
0.835996
0.857856
0.878409
0.895142
0.905711
0.908344
0.9023
0.888126
0.867903
0.84467
0.821796
0.801961
0.786514
0.775452
0.768041
0.763542
0.761595
0.76201
0.764362
0.767693
0.770719
0.772555
0.773352
0.774367
0.777129
0.782581
0.790722
0.800774
0.811794
0.822918
0.833432
0.842981
0.851355
0.858315
0.863456
0.866361
0.866841
0.865272
0.862373
0.858965
0.855706
0.853015
0.850995
0.849414
0.847747
0.845403
0.841825
0.836717
0.830157
0.822433
0.813824
0.804363
0.793679
0.781268
0.76725
0.753035
0.741581
0.736674
0.741114
0.755105
0.776047
0.799848
0.822534
0.841216
0.854417
0.862019
0.864999
0.864968
0.863461
0.861331
0.858328
0.853527
0.846141
0.836335
0.825629
0.81614
0.809618
0.807078
0.809068
0.815872
0.827079
0.84144
0.85684
0.870735
0.880642
0.884502
0.881151
0.870788
0.855107
0.836796
0.818718
0.803057
0.791088
0.783361
0.780132
0.781684
0.788273
0.79972
0.81496
0.831958
0.847989
0.860228
0.866347
0.864863
0.855645
0.840111
0.821189
0.802607
0.787698
0.778223
0.774036
0.773753
0.775784
0.779136
0.783362
0.788339
0.793791
0.799115
0.803663
0.807035
0.809305
0.811068
0.813122
0.816198
0.820684
0.826392
0.832597
0.838198
0.842031
0.843263
0.841713
0.837986
0.833418
0.829716
0.828357
0.830246
0.835694
0.844421
0.8555
0.867268
0.877651
0.884922
0.888219
0.887551
0.883503
0.876744
0.867878
0.857536
0.846726
0.836728
0.828535
0.822249
0.816896
0.810974
0.80318
0.792925
0.780505
0.766915
0.753679
0.742701
0.735873
0.734669
0.739583
0.749832
0.763511
0.77817
0.791542
0.802114
0.809372
0.813658
0.815722
0.816319
0.816031
0.81515
0.813887
0.812528
0.811369
0.810575
0.810365
0.811131
0.813302
0.817128
0.82225
0.827562
0.831452
0.832657
0.830849
0.826749
0.821797
0.81726
0.813648
0.81083
0.80862
0.807357
0.808084
0.812011
0.819745
0.830709
0.843205
0.855087
0.864497
0.870373
0.872522
0.871486
0.868082
0.862933
0.856246
0.84786
0.837579
0.825702
0.813385
0.802645
0.795951
0.795461
0.802233
0.815693
0.833743
0.853227
0.870604
0.882754
0.887579
0.884404
0.874035
0.858649
0.841224
0.82465
0.810967
0.800649
0.792668
0.785181
0.776465
0.765776
0.753729
0.742158
0.733522
0.730097
0.733218
0.742911
0.758
0.776547
0.796345
0.815267
0.831523
0.843885
0.851696
0.854885
0.853867
0.849358
0.842357
0.834016
0.825486
0.81778
0.811625
0.80753
0.805933
0.807111
0.811036
0.817315
0.825071
0.83313
0.840326
0.845786
0.849241
0.850985
0.851731
0.852281
0.853063
0.853887
0.854124
0.853048
0.850184
0.845654
0.840027
0.834209
0.829056
0.825137
0.822482
0.820597
0.818696
0.816128
0.812854
0.809552
0.807478
0.807859
0.81146
0.818165
0.826984
0.836213
0.843842
0.848018
0.84743
0.84185
0.83225
0.820589
0.809337
0.80095
0.797359
0.799623
0.807549
0.819475
0.832471
0.843123
0.848607
0.847484
0.83995
0.827586
0.812857
0.798525
0.787077
0.780019
0.777637
0.77905
0.782887
0.788061
0.794073
0.800731
0.807479
0.813165
0.816426
0.816398
0.813117
0.807551
0.801181
0.795608
0.792021
0.790923
0.792144
0.795096
0.798951
0.802829
0.806062
0.80845
0.810317
0.812417
0.815623
0.82064
0.8277
0.836341
0.845477
0.853518
0.858812
0.860318
0.857969
0.852633
0.845556
0.837991
0.830857
0.825001
0.821435
0.821395
0.825843
0.83481
0.846965
0.859787
0.870348
0.876026
0.875226
0.867853
0.85536
0.84024
0.825131
0.811985
0.801782
0.794644
0.790126
0.787477
0.786068
0.785507
0.785719
0.78698
0.789713
0.794133
0.799713
0.805071
0.808463
0.808783
0.806243
0.802489
0.800099
0.801552
0.808027
0.818556
0.830573
0.84141
0.849493
0.854418
0.856596
0.856814
0.855623
0.853164
0.849339
0.844091
0.83769
0.83071
0.824054
0.81863
0.815049
0.813564
0.814097
0.816309
0.819644
0.823238
0.825978
0.826828
0.825154
0.820958
0.814676
0.806982
0.79853
0.789835
0.781355
0.773789
0.768245
0.766101
0.768741
0.776758
0.789488
0.804994
0.820747
0.834525
0.845095
0.852357
0.857007
0.859912
0.861613
0.862104
0.861099
0.858472
0.854702
0.850805
0.847888
0.84648
0.846214
0.846155
0.84533
0.843231
0.839908
0.836038
0.832656
0.830584
0.830064
0.830555
0.830924
0.830148
0.827928
0.824913
0.82227
0.821101
0.821746
0.823619
0.825618
0.826512
0.825458
0.822316
0.817707
0.81285
0.808929
0.806374
0.804612
0.802297
0.797901
0.790323
0.779406
0.766176
0.752889
0.742539
0.737879
0.740319
0.749489
0.763734
0.780946
0.799095
0.816419
0.831336
0.842392
0.848539
0.849353
0.845284
0.837828
0.829361
0.822784
0.820724
0.824609
0.834128
0.847529
0.862189
0.875331
0.884626
0.888708
0.887182
0.880387
0.868953
0.853624
0.835205
0.814765
0.793862
0.774442
0.758506
0.74757
0.742238
0.742139
0.746199
0.753184
0.762156
0.772812
0.785259
0.799444
0.81476
0.829996
0.84386
0.855454
0.86462
0.871845
0.877694
0.882427
0.885726
0.886779
0.884649
0.878598
0.868757
0.856267
0.842986
0.830599
0.819653
0.809306
0.798072
0.784926
0.770034
0.75475
0.74114
0.731184
0.72622
0.726711
0.732135
0.741375
0.753182
0.766513
0.78068
0.795194
0.809387
0.822102
0.831978
0.837807
0.839053
0.835857
0.82903
0.819962
0.810441
0.802387
0.797424
0.796549
0.799952
0.80711
0.817032
0.828524
0.840351
0.851397
0.860703
0.867449
0.870955
0.870804
0.867072
0.860303
0.851424
0.841496
0.831597
0.822629
0.815405
0.810687
0.809201
0.811449
0.817539
0.826878
0.83822
0.849943
0.860445
0.868465
0.873215
0.874324
0.871726
0.865524
0.856111
0.844223
0.830812
0.816875
0.803209
0.790342
0.778555
0.767981
0.758695
0.750783
0.744609
0.740772
0.740106
0.743452
0.751242
0.763079
0.777474
0.792032
0.804358
0.812881
0.817299
0.818495
0.818019
0.817574
0.818563
0.821864
0.827751
0.835862
0.845149
0.854076
0.861008
0.864775
0.864918
0.861738
0.855904
0.848139
0.839156
0.829764
0.820753
0.812589
0.804985
0.797318
0.789438
0.782145
0.776971
0.775623
0.779268
0.788069
0.800877
0.81539
0.828782
0.838563
0.843091
0.841855
0.835208
0.824018
0.809827
0.795202
0.783674
0.778875
0.782868
0.794922
0.81175
0.828953
0.842665
0.850547
0.852105
0.848591
0.842434
0.836374
0.832615
0.832273
0.835238
0.840541
0.846925
0.853225
0.858624
0.862601
0.864869
0.865203
0.863185
0.858192
0.849556
0.83702
0.821197
0.803587
0.786374
0.771762
0.761462
0.756475
0.756999
0.762609
0.77238
0.785097
0.799527
0.814607
0.829417
0.843182
0.855206
0.864698
0.87067
0.872288
0.869404
0.86293
0.854243
0.844515
0.834291
0.82363
0.812811
0.802645
0.794407
0.789371
0.788486
0.792109
0.79988
0.810733
0.822994
0.834593
0.843547
0.848422
0.848541
0.844052
0.835822
0.825261
0.814111
0.804284
0.797425
0.794443
0.795266
0.799211
0.80545
0.813236
0.821753
0.830033
0.836807
0.840719
0.840558
0.835769
0.826768
0.814896
0.801926
0.78954
0.778803
0.770321
0.764484
0.76158
0.761983
0.765865
0.773046
0.782825
0.793946
0.80478
0.813643
0.819301
0.821245
0.819796
0.815965
0.81125
0.807121
0.804423
0.803018
0.802211
0.801432
0.800866
0.801393
0.803945
0.808949
0.816129
0.824825
0.834349
0.844254
0.854311
0.864268
0.873719
0.882106
0.888711
0.892776
0.893694
0.891057
0.884666
0.874486
0.860784
0.84401
0.824753
0.803692
0.78184
0.760842
0.743268
0.732176
0.730015
0.737139
0.751196
0.767969
0.783105
0.793504
0.797999
0.796932
0.791567
0.78344
0.773914
0.764139
0.755307
0.748935
0.746776
0.750227
0.75955
0.773541
0.789954
0.806421
0.8212
0.833408
0.842912
0.849924
0.854766
0.857654
0.8587
0.858037
0.855914
0.852836
0.849422
0.846178
0.843131
0.839777
0.835622
0.830732
0.826089
0.823354
0.824214
0.829603
0.839087
0.850822
0.862008
0.869652
0.871438
0.866445
0.855595
0.841746
0.828887
0.820833
0.819754
0.825904
0.838246
0.854971
0.873677
0.891392
0.90505
0.911962
0.910277
0.899137
0.878734
0.850222
0.815633
0.777627
0.739339
0.704203
0.675613
0.656491
0.648631
0.652253
0.665992
0.687462
0.713895
0.742764
0.7719
0.799498
0.823892
0.843539
0.857254
0.864432
0.86522
0.860598
0.852156
0.841725
0.830966
0.821117
0.812842
0.806368
0.801806
0.799149
0.798592
0.800406
0.804823
0.811858
0.821002
0.831146
0.840808
0.848668
0.854092
0.857096
0.858039
0.857377
0.855707
0.853981
0.85345
0.855308
0.860296
0.868361
0.878503
0.889127
0.898355
0.904464
0.906146
0.902523
0.893127
0.877895
0.857177
0.831751
0.803113
0.773721
0.746959
0.726665
0.716024
0.716107
0.724994
0.738482
0.751855
0.761566
0.766037
0.765414
0.761124
0.755214
0.74983
0.746908
0.747983
0.754
0.765117
0.780599
0.798795
0.817568
0.834745
0.848577
0.857804
0.86143
0.858561
0.848661
0.832174
0.811128
0.788986
0.769481
0.755235
0.747184
0.7453
0.749186
0.758119
0.770753
0.785188
0.799607
0.812686
0.82367
0.832138
0.837695
0.839853
0.838168
0.832522
0.82335
0.81202
0.800696
0.792003
0.788265
0.790921
0.800401
0.816151
0.836775
0.860077
0.883188
0.903139
0.917728
0.925924
0.927777
0.923949
0.915261
0.90244
0.886027
0.866856
0.84612
0.825522
0.807163
0.793194
0.785548
0.785556
0.793405
0.807857
0.826342
0.845512
0.861961
0.872916
0.876639
0.872711
0.861846
0.845671
0.826106
0.804919
0.783389
0.762434
0.742861
0.725639
0.712276
0.704554
0.703934
0.710798
0.724102
0.741568
0.760253
0.777284
0.790373
0.7982
0.80069
0.798836
0.794323
0.789065
0.784784
0.782979
0.784896
0.791477
0.803145
0.819553
0.839632
0.861529
0.883021
0.90179
0.915777
0.923461
0.924062
0.917485
0.904172
0.884824
0.860785
0.834333
0.80841
0.785944
0.769347
0.76033
0.759673
0.766914
0.780298
0.797342
0.815412
0.832341
0.846672
0.857643
0.865095
0.869174
0.870255
0.868712
0.864734
0.858344
0.84962
0.838813
0.826554
0.81379
0.801684
0.791468
0.784116
0.78011
0.77963
0.782585
0.788639
0.797188
0.807196
0.817155
0.825297
0.829917
0.829952
0.825303
0.817127
0.807718
0.799853
0.795835
0.796424
0.800738
0.806833
0.812454
0.815671
0.815109
0.81012
0.800838
0.78822
0.773999
0.760448
0.749775
0.743537
0.742445
0.746545
0.755504
0.768787
0.785708
0.805389
0.82655
0.847404
0.865684
0.879067
0.885675
0.884478
0.875545
0.859954
0.839694
0.817422
0.79608
0.778398
0.766484
0.761526
0.763683
0.772126
0.785196
0.800703
0.81628
0.829918
0.840257
0.846764
0.849761
0.850304
0.849778
0.849418
0.849867
0.851065
0.852564
0.853836
0.854636
0.854962
0.854793
0.853894
0.851618
0.847264
0.840412
0.831252
0.820729
0.810383
0.802166
0.797896
0.798657
0.804363
0.81379
0.824939
0.835548
0.84349
0.847155
0.845819
0.839744
0.830156
0.818704
0.807033
0.796634
0.788884
0.785009
0.7858
0.791294
0.800621
0.812172
0.82429
0.835774
0.846069
0.855093
0.862745
0.868553
0.871644
0.870901
0.865274
0.854228
0.838008
0.817817
0.795728
0.774141
0.755081
0.739764
0.728521
0.72119
0.717588
0.717699
0.721585
0.729039
0.739596
0.752556
0.767294
0.783375
0.80063
0.818988
0.838335
0.858211
0.877725
0.895625
0.910537
0.92119
0.926796
0.927241
0.923193
0.915833
0.906305
0.89548
0.883756
0.871333
0.858475
0.845778
0.833919
0.823588
0.81552
0.810311
0.807918
0.807296
0.806751
0.804669
0.80032
0.794084
0.787218
0.781315
0.777802
0.777829
0.782015
0.790132
0.800768
0.811753
0.82105
0.827656
0.83169
0.833812
0.834599
0.834027
0.83152
0.826368
0.818325
0.807987
0.796695
0.786168
0.777894
0.772634
0.770368
0.770425
0.771941
0.774148
0.776433
0.778356
0.77955
0.779808
0.779169
0.778021
0.777034
0.776998
0.778644
0.782524
0.788995
0.798039
0.809348
0.822583
0.837532
0.853845
0.870761
0.887157
0.901626
0.912828
0.919555
0.920895
0.916376
0.906094
0.890775
0.871842
0.851171
0.830664
0.811765
0.795263
0.781284
0.769646
0.760289
0.753572
0.750316
0.751534
0.757961
0.769473
0.784504
0.799976
0.81225
0.818317
0.816833
0.808451
0.795408
0.780748
0.767408
0.757582
0.752669
0.753539
0.760652
0.774033
0.792963
0.815949
0.840707
0.864411
0.884303
0.898315
0.905308
0.905118
0.898259
0.885726
0.868909
0.849626
0.830064
0.812641
0.799603
0.792384
0.791168
0.794769
0.801153
0.808187
0.814242
0.818356
0.820223
0.820013
0.81816
0.81535
0.812374
0.809908
0.808271
0.807352
0.806932
0.806849
0.807226
0.808612
0.811635
0.816711
0.823767
0.832124
0.840561
0.847682
0.852286
0.853661
0.851839
0.847592
0.842114
0.836527
0.831559
0.827471
0.824205
0.821569
0.819304
0.816922
0.813699
0.808772
0.801253
0.790636
0.777009
0.761246
0.745018
0.730675
0.721041
0.718925
0.72629
0.743352
0.768037
0.796525
0.824653
0.849072
0.867626
0.879396
0.884344
0.883131
0.876717
0.866208
0.85299
0.838883
0.826118
0.81703
0.813255
0.814997
0.820688
0.827301
0.831273
0.829761
0.821998
0.810134
0.798637
0.792204
0.793449
0.802129
0.816235
0.833006
0.849428
0.86241
0.86938
0.868861
0.860921
0.847222
0.830678
0.814877
0.803123
0.797194
0.796685
0.799612
0.80384
0.808281
0.812981
0.818696
0.82625
0.836015
0.847538
0.859612
0.870456
0.878184
0.881342
0.879309
0.872501
0.862279
0.85076
0.840387
0.833266
0.830788
0.833281
0.840006
0.849314
0.858939
0.866533
0.87009
0.868332
0.860896
0.848071
0.830503
0.808856
0.783743
0.756155
0.72774
0.70097
0.678752
0.66379
0.657901
0.661695
0.67459
0.694932
0.720284
0.747887
0.775212
0.800539
0.823095
0.842593
0.858583
0.870177
0.876217
0.875879
0.869259
0.857372
0.841897
0.824847
0.808272
0.793814
0.782482
0.774493
0.76947
0.76696
0.766847
0.769568
0.775964
0.78661
0.801354
0.819147
0.838369
0.857293
0.874217
0.887422
0.895195
0.896282
0.890367
0.878404
0.862631
0.846111
0.831969
0.822647
0.819301
0.821674
0.828296
0.836998
0.845655
0.852641
0.85702
0.858459
0.856895
0.852247
0.844322
0.832894
0.81814
0.801007
0.78344
0.768048
0.757156
0.751732
0.751377
0.75506
0.761823
0.770974
0.781787
0.793184
0.803813
0.812215
0.817383
0.819011
0.817644
0.814468
0.810952
0.808312
0.807053
0.806974
0.80739
0.807636
0.807492
0.807342
0.808073
0.810612
0.815471
0.822405
0.830582
0.83881
0.845666
0.849726
0.849857
0.845615
0.837421
0.826482
0.814244
0.802014
0.790825
0.781733
0.776181
0.775801
0.781939
0.794917
0.813847
0.836731
0.861035
0.884259
0.904045
0.918347
0.9255
0.924363
0.9147
0.897346
0.87407
0.847382
0.820114
0.794839
0.773595
0.757683
0.747653
0.743492
0.744813
0.751031
0.76125
0.774134
0.787918
0.80057
0.810284
0.815777
0.816568
0.813373
0.808056
0.803188
0.801064
0.802927
0.8085
0.816322
0.824438
0.831238
0.83591
0.838634
0.840331
0.842003
0.843964
0.845818
0.846646
0.84576
0.843077
0.839281
0.835489
0.832619
0.830903
0.829819
0.828522
0.826608
0.824642
0.824134
0.826701
0.833087
0.84279
0.85434
0.865891
0.875541
0.881441
0.881893
0.875462
0.861345
0.839734
0.812074
0.780915
0.749658
0.72221
0.702603
0.694464
0.70015
0.719557
0.7495
0.784517
0.818597
0.846723
0.865712
0.874293
0.872798
0.862928
0.847573
0.830376
0.81502
0.80425
0.799222
0.799703
0.804728
0.812978
0.822881
0.832514
0.839817
0.842997
0.841042
0.833952
0.822793
0.809382
0.795906
0.784411
0.776357
0.77239
0.772509
0.776221
0.782844
0.791634
0.801922
0.813352
0.825939
0.839797
0.85473
0.869984
0.884329
0.896482
0.905452
0.91075
0.912186
0.909822
0.90381
0.894339
0.881482
0.865384
0.846531
0.825778
0.804357
0.783618
0.764715
0.748423
0.735013
0.724412
0.716348
0.710645
0.70745
0.707146
0.710124
0.716416
0.725642
0.73716
0.750286
0.764364
0.778716
0.792684
0.805724
0.817607
0.828356
0.83805
0.846388
0.852765
0.856743
0.858294
0.857959
0.85672
0.855897
0.85682
0.860386
0.866513
0.873929
0.880633
0.8846
0.884441
0.879859
0.871691
0.861484
0.851025
0.841868
0.8351
0.831203
0.830162
0.831471
0.834334
0.837821
0.840974
0.842817
0.842347
0.838769
0.831714
0.821411
0.808848
0.795406
0.782385
0.770564
0.760175
0.751134
0.743239
0.736507
0.731285
0.728235
0.728004
0.731133
0.737876
0.748224
0.761888
0.77828
0.796364
0.814629
0.831402
0.845238
0.85532
0.861591
0.864482
0.864424
0.861574
0.855639
0.846212
0.833144
0.816892
0.798492
0.779488
0.76186
0.747991
0.740274
0.740494
0.74904
0.764811
0.785656
0.809025
0.832504
0.854075
0.872084
0.885375
0.89327
0.895608
0.892768
0.885704
0.87597
0.865435
0.855636
0.847002
0.838772
0.829796
0.819813
0.80982
0.801533
0.796399
0.79475
0.795673
0.797683
0.799432
0.800008
0.798901
0.795761
0.790385
0.782922
0.7741
0.76521
0.757905
0.753575
0.752931
0.755822
0.761213
0.767672
0.773945
0.779516
0.784873
0.791041
0.798666
0.807477
0.816323
0.823901
0.829482
0.833021
0.834926
0.835782
0.836262
0.837062
0.838646
0.841113
0.844211
0.847252
0.849374
0.849828
0.848317
0.845172
0.841288
0.837642
0.834709
0.832262
0.829876
0.827397
0.825202
0.823951
0.824347
0.826819
0.831301
0.837087
0.842852
0.846992
0.84815
0.845495
0.838894
0.8288
0.816107
0.802016
0.788088
0.776187
0.768329
0.766323
0.771034
0.781887
0.796812
0.813036
0.828179
0.84098
0.851391
0.85995
0.866825
0.871443
0.872838
0.870225
0.863495
0.853362
0.841165
0.828605
0.81732
0.808506
0.802441
0.798515
0.795358
0.791434
0.785515
0.777148
0.766649
0.754881
0.742866
0.731554
0.721746
0.714148
0.709427
0.708271
0.711432
0.719494
0.732811
0.751314
0.774264
0.800046
0.826206
0.849892
0.868518
0.880224
0.884285
0.88109
0.872004
0.85892
0.843776
0.828212
0.8136
0.801197
0.792134
0.787325
0.787181
0.79134
0.798632
0.807485
0.816236
0.823559
0.828834
0.832591
0.836282
0.841541
0.849223
0.858988
0.869572
0.879431
0.887156
0.891405
0.890965
0.885161
0.874243
0.859589
0.843677
0.829504
0.819627
0.815324
0.816204
0.820381
0.825233
0.828199
0.827508
0.822547
0.813851
0.802782
0.791097
0.780375
0.771781
0.766144
0.764084
0.766166
0.772859
0.78436
0.800194
0.819177
0.839412
0.858581
0.874189
0.883943
0.886147
0.880091
0.866142
0.845629
0.820601
0.793411
0.766414
0.74167
0.721066
0.706258
0.698679
0.69948
0.70916
0.726779
0.749537
0.773783
0.796411
0.815704
0.831098
0.842693
0.850893
0.856258
0.85947
0.861175
0.861871
0.861784
0.860742
0.858224
0.853625
0.846593
0.837283
0.826368
0.814855
0.803911
0.794873
0.789157
0.787877
0.7913
0.798499
0.807684
0.816903
0.824571
0.829941
0.833128
0.834752
0.835667
0.836358
0.836666
0.835857
0.833098
0.828134
0.821727
0.815318
0.810402
0.807894
0.807853
0.809982
0.814163
0.820529
0.82906
0.839031
0.848916
0.856718
0.860585
0.859363
0.852809
0.84156
0.826869
0.810195
0.792833
0.775806
0.760155
0.747737
0.741419
0.743784
0.754778
0.771038
0.788014
0.802534
0.813478
0.820911
0.825117
0.826152
0.82404
0.81907
0.811801
0.802822
0.792395
0.780495
0.767324
0.753744
0.741486
0.73275
0.729504
0.73289
0.743077
0.759442
0.780807
0.805558
0.831718
0.857123
0.879672
0.897584
0.909671
0.91552
0.915508
0.910757
0.903154
0.894973
0.888293
0.884527
0.88414
0.886793
0.891307
0.895794
0.898015
0.895867
0.887924
0.873711
0.85378
0.829583
0.803319
0.777425
0.754429
0.736757
0.726477
0.724927
0.732194
0.746877
0.766489
0.788028
0.808448
0.825036
0.83574
0.839306
0.835478
0.824962
0.809374
0.790983
0.772395
0.756127
0.744346
0.738614
0.739784
0.748066
0.762746
0.782058
0.803368
0.823701
0.840377
0.851388
0.855563
0.852541
0.842787
0.827538
0.808726
0.788705
0.769832
0.754129
0.743195
0.738228
0.739972
0.748575
0.763287
0.782229
0.802745
0.822027
0.837874
0.849172
0.855856
0.858774
0.859334
0.859122
0.859604
0.861859
0.866604
0.873961
0.883508
0.894132
0.903861
0.910403
0.911545
0.90577
0.892661
0.873106
0.849458
0.825132
0.80373
0.788095
0.779692
0.778634
0.784114
0.794723
0.808743
0.8242
0.838963
0.850997
0.858696
0.861304
0.859086
0.853254
0.845547
0.837609
0.830597
0.825153
0.821494
0.819592
0.819086
0.819377
0.819581
0.81873
0.816201
0.812114
0.807308
0.803052
0.800424
0.799811
0.800993
0.803452
0.806567
0.809555
0.811617
0.81221
0.811511
0.810613
0.811129
0.814185
0.819606
0.825985
0.831475
0.834603
0.834657
0.831878
0.827369
0.822872
0.820092
0.819952
0.82206
0.824818
0.826165
0.82449
0.819204
0.810857
0.80104
0.792028
0.786212
0.785413
0.790129
0.799141
0.809865
0.81933
0.825301
0.826967
0.824954
0.821172
0.818021
0.817571
0.820837
0.827809
0.837808
0.849835
0.862558
0.87398
0.881578
0.883055
0.877141
0.864312
0.846811
0.828054
0.811741
0.800723
0.79628
0.797887
0.803517
0.810467
0.816228
0.818956
0.817904
0.813419
0.806621
0.79896
0.791708
0.785673
0.78122
0.778553
0.777856
0.779362
0.783107
0.78893
0.796261
0.804215
0.811832
0.818498
0.824119
0.829012
0.833525
0.837619
0.840699
0.841793
0.839838
0.834052
0.824083
0.810162
0.792956
0.773504
0.75304
0.732907
0.714572
0.699907
0.691318
0.691494
0.702616
0.725342
0.758221
0.797785
0.839475
0.878604
0.911189
0.934382
0.946552
0.947263
0.937191
0.918089
0.892687
0.864461
0.837248
0.814583
0.79894
0.791348
0.791373
0.797469
0.807427
0.81895
0.830163
0.839774
0.847014
0.851392
0.852582
0.850526
0.845692
0.839011
0.831839
0.825471
0.820676
0.817535
0.815654
0.814563
0.813916
0.813491
0.812945
0.81205
0.810859
0.809766
0.809207
0.809329
0.809766
0.809636
0.807869
0.803749
0.797434
0.789953
0.782794
0.777187
0.773506
0.77111
0.768972
0.766378
0.76324
0.759964
0.757142
0.755624
0.756747
0.761864
0.771467
0.784673
0.799644
0.814528
0.82817
0.840322
0.851317
0.861432
0.870388
0.877372
0.881383
0.881791
0.878611
0.872388
0.864004
0.85451
0.844998
0.836467
0.829724
0.825122
0.822349
0.820522
0.818505
0.815158
0.809596
0.80138
0.790609
0.778068
0.765071
0.753352
0.744663
0.740517
0.741815
0.748569
0.759951
0.774608
0.791098
0.808163
0.824986
0.840939
0.855567
0.868503
0.879284
0.887332
0.891803
0.891679
0.886073
0.87469
0.85817
0.838272
0.817563
0.798966
0.785216
0.778224
0.778608
0.785256
0.795752
0.807312
0.8178
0.826208
0.832433
0.836972
0.840543
0.843974
0.848047
0.853342
0.859928
0.867228
0.874098
0.879107
0.880834
0.878134
0.870573
0.85894
0.845237
0.832154
0.822113
0.816288
0.81431
0.814749
0.816093
0.817387
0.818173
0.818348
0.817691
0.815607
0.811335
0.804314
0.794536
0.782549
0.769303
0.755918
0.743739
0.734376
0.729709
0.731736
0.741831
0.759898
0.784172
0.811611
0.838906
0.863157
0.882246
0.894831
0.900235
0.898384
0.89
0.876584
0.860092
0.842615
0.826
0.811646
0.800623
0.793507
0.790233
0.790157
0.792255
0.795551
0.799486
0.804011
0.809346
0.815548
0.822326
0.829076
0.835119
0.839937
0.84333
0.845411
0.846478
0.846836
0.846622
0.845717
0.843804
0.840651
0.836128
0.83029
0.823365
0.815831
0.808598
0.803138
0.801024
0.803336
0.81009
0.820133
0.831475
0.841785
0.848945
0.851549
0.849278
0.842965
0.834209
0.824517
0.81459
0.804446
0.794113
0.784318
0.776455
0.771932
0.771466
0.774825
0.780923
0.788381
0.795932
0.802692
0.808144
0.811949
0.81393
0.814184
0.813109
0.811675
0.81127
0.813311
0.818624
0.826981
0.836924
0.846159
0.852427
0.854377
0.851814
0.845544
0.83699
0.827699
0.819061
0.812168
0.807699
0.80599
0.807178
0.811199
0.817615
0.825377
0.832923
0.838642
0.841281
0.840092
0.835032
0.826642
0.815919
0.804155
0.792742
0.782713
0.774578
0.768217
0.763162
0.759012
0.755894
0.754749
0.757218
0.76504
0.779202
0.799432
0.824068
0.850639
0.876309
0.898474
0.915116
0.92502
0.927897
0.924321
0.915511
0.902964
0.888249
0.87257
0.856809
0.841588
0.827328
0.814299
0.802716
0.792892
0.785282
0.780536
0.779046
0.780502
0.783648
0.786739
0.788223
0.787357
0.784263
0.779665
0.774499
0.769487
0.764831
0.760367
0.755781
0.750912
0.745789
0.740613
0.735671
0.731315
0.728172
0.727003
0.728492
0.732972
0.740629
0.751975
0.767981
0.78952
0.816309
0.846316
0.87616
0.902303
0.921901
0.933261
0.935974
0.930792
0.919312
0.903714
0.886463
0.870012
0.856452
0.84708
0.842224
0.841089
0.842163
0.843737
0.844287
0.842699
0.838214
0.830393
0.819295
0.805875
0.792018
0.780195
0.772538
0.770045
0.772346
0.778204
0.785951
0.793748
0.799886
0.803193
0.803325
0.800799
0.796672
0.792147
0.788231
0.785684
0.785188
0.7875
0.793105
0.801452
0.810707
0.818423
0.822644
0.822526
0.818529
0.812192
0.805631
0.800499
0.797488
0.796085
0.795342
0.794544
0.793628
0.793199
0.794136
0.797208
0.802629
0.810048
0.818752
0.827877
0.836606
0.844159
0.849872
0.853159
0.853728
0.851677
0.847453
0.841713
0.835159
0.828464
0.822235
0.816998
0.813003
0.810073
0.807854
0.806213
0.805419
0.805872
0.80785
0.81135
0.816202
0.822278
0.82942
0.837256
0.845175
0.852427
0.858426
0.862825
0.865698
0.867555
0.869263
0.871867
0.876259
0.88266
0.890196
0.896788
0.89968
0.896275
0.885071
0.86606
0.840715
0.811552
0.781371
0.752531
0.726966
0.706679
0.694046
0.691267
0.699279
0.716972
0.741351
0.768501
0.794689
0.817104
0.834059
0.8447
0.848643
0.845943
0.837124
0.823548
0.807397
0.791609
0.77928
0.77297
0.774191
0.783328
0.799757
0.821902
0.847413
0.873371
0.896549
0.91397
0.923274
0.923344
0.914477
0.898156
0.876412
0.851505
0.825932
0.802589
0.784488
0.773809
0.770921
0.774369
0.781692
0.790185
0.79744
0.801708
0.802205
0.799668
0.796544
0.795954
0.799892
0.808142
0.819115
0.830872
0.841606
0.849879
0.855061
0.857533
0.858358
0.858739
0.859433
0.860344
0.860554
0.858748
0.853782
0.845064
0.832858
0.818465
0.80414
0.79261
0.78619
0.785793
0.790488
0.797871
0.805161
0.810271
0.812347
0.811626
0.809036
0.805516
0.801651
0.797712
0.793944
0.790828
0.788843
0.788097
0.787985
0.787199
0.784265
0.778306
0.769801
0.760936
0.755395
0.757094
0.768161
0.787521
0.81129
0.834784
0.854102
0.866825
0.871894
0.869501
0.860626
0.846863
0.830403
0.814044
0.801161
0.795061
0.797764
0.80899
0.826048
0.844836
0.861305
0.872445
0.876639
0.873526
0.863751
0.848895
0.830974
0.812186
0.794355
0.778609
0.765378
0.75464
0.746393
0.740978
0.739152
0.741852
0.749446
0.761198
0.775331
0.789969
0.803808
0.816258
0.827089
0.836355
0.844278
0.851219
0.857469
0.863431
0.869591
0.876466
0.884323
0.892753
0.900714
0.906765
0.909462
0.907605
0.900635
0.888796
0.873301
0.856002
0.838982
0.823999
0.812082
0.80347
0.797769
0.794249
0.792325
0.791637
0.792046
0.793383
0.79518
0.796562
0.796602
0.794698
0.791151
0.787364
0.785222
0.786217
0.7905
0.796736
0.802809
0.807066
0.809091
0.809698
0.810281
0.81204
0.815439
0.8201
0.825011
0.828997
0.831109
0.830825
0.828058
0.823043
0.816206
0.807934
0.798596
0.788466
0.777845
0.767048
0.756424
0.746498
0.738069
0.732406
0.731077
0.735574
0.74672
0.764176
0.786204
0.810001
0.832405
0.850559
0.86253
0.867667
0.8667
0.861485
0.85456
0.848464
0.845113
0.845515
0.849772
0.857199
0.866541
0.876091
0.883798
0.887611
0.885824
0.877374
0.86217
0.841308
0.817222
0.793819
0.776035
0.768049
0.771303
0.783897
0.801723
0.820214
0.835171
0.843477
0.843597
0.83595
0.822923
0.808116
0.795294
0.787362
0.785742
0.790137
0.798953
0.80986
0.820485
0.828946
0.834173
0.835868
0.834338
0.830332
0.824683
0.818068
0.810803
0.802825
0.793874
0.783878
0.773324
0.763413
0.755846
0.752295
0.753737
0.76023
0.771032
0.784883
0.800165
0.815157
0.828372
0.838885
0.846339
0.850832
0.852675
0.852343
0.850405
0.847451
0.843966
0.84027
0.836444
0.832267
0.827272
0.820914
0.812657
0.802287
0.790198
0.77757
0.76632
0.758656
0.756355
0.760054
0.768881
0.780635
0.792575
0.80245
0.809014
0.812372
0.813638
0.814414
0.816016
0.818973
0.822851
0.826554
0.82893
0.829285
0.827709
0.824832
0.821495
0.81832
0.815607
0.813411
0.811581
0.809914
0.808152
0.806114
0.803718
0.800943
0.797805
0.794264
0.790222
0.785539
0.780289
0.774863
0.769973
0.766571
0.76553
0.767447
0.772639
0.781179
0.792899
0.80718
0.822971
0.838861
0.853336
0.865036
0.872891
0.87623
0.874795
0.868812
0.858994
0.846437
0.832625
0.819452
0.808864
0.80244
0.801042
0.804546
0.811814
0.821023
0.830292
0.838264
0.844303
0.848548
0.851368
0.852732
0.852015
0.848275
0.841055
0.830777
0.818833
0.807228
0.798132
0.793483
0.794675
0.802147
0.815223
0.832129
0.850226
0.866366
0.877436
0.881253
0.877133
0.86639
0.852242
0.838726
0.828977
0.824088
0.823243
0.824807
0.827256
0.829473
0.830389
0.828957
0.824472
0.816853
0.806938
0.796496
0.787822
0.782997
0.783061
0.787288
0.793415
0.798478
0.800064
0.797073
0.789953
0.780344
0.770366
0.762006
0.756686
0.755031
0.756901
0.761518
0.767791
0.774726
0.781698
0.788642
0.795731
0.803161
0.810923
0.818886
0.827019
0.835363
0.843846
0.851993
0.858937
0.863762
0.865898
0.865422
0.86299
0.859675
0.856546
0.854305
0.852887
0.851314
0.847944
0.84109
0.829895
0.815183
0.800003
0.789192
0.78732
0.796217
0.814162
0.837333
0.861682
0.88361
0.89994
0.908303
0.907505
0.897781
0.880659
0.858536
0.834165
0.810214
0.788757
0.770972
0.757317
0.747896
0.742881
0.742426
0.746346
0.753918
0.764056
0.775865
0.788794
0.802334
0.815527
0.826811
0.834384
0.836941
0.834176
0.826921
0.817118
0.807322
0.799859
0.796053
0.795999
0.798721
0.802671
0.806272
0.808403
0.808688
0.807614
0.806283
0.805746
0.806373
0.807663
0.808846
0.809451
0.80963
0.809977
0.811224
0.813939
0.818152
0.823284
0.828362
0.832348
0.834561
0.834982
0.834271
0.833373
0.83317
0.834115
0.836103
0.8384
0.839949
0.839644
0.836673
0.830681
0.82189
0.811435
0.801582
0.795253
0.794768
0.800401
0.810181
0.821189
0.830725
0.837016
0.83927
0.837645
0.833233
0.82761
0.822102
0.817339
0.813462
0.810518
0.808883
0.809246
0.812156
0.817708
0.825297
0.833772
0.841713
0.847819
0.851156
0.851182
0.847706
0.84082
0.830813
0.81833
0.804304
0.789941
0.776453
0.764664
0.754964
0.747387
0.742127
0.739677
0.74069
0.745549
0.754213
0.766247
0.781026
0.79787
0.816037
0.834749
0.853036
0.869548
0.882708
0.891255
0.894872
0.894455
0.891818
0.88878
0.886423
0.884978
0.884114
0.883126
0.881115
0.877153
0.870578
0.861141
0.849081
0.834867
0.819082
0.802369
0.785658
0.770245
0.75748
0.748394
0.743245
0.741595
0.742808
0.746606
0.753232
0.763055
0.776086
0.791672
0.808552
0.825063
0.839622
0.850967
0.858469
0.862266
0.863057
0.861844
0.859673
0.857355
0.855575
0.854892
0.855686
0.857938
0.861188
0.86463
0.867402
0.868738
0.867992
0.864692
0.85867
0.850097
0.839366
0.82698
0.813671
0.800522
0.788965
0.78034
0.775687
0.775453
0.779377
0.786536
0.795376
0.804058
0.811093
0.815857
0.818541
0.819852
0.820513
0.821275
0.822804
0.825652
0.830236
0.836746
0.844906
0.853957
0.862727
0.869787
0.873619
0.872979
0.867046
0.855769
0.840149
0.822176
0.804455
0.789396
0.778411
0.771677
0.768486
0.767724
0.768345
0.769362
0.769859
0.76903
0.766412
0.762052
0.756787
0.752322
0.750919
0.754809
0.765391
0.782548
0.804565
0.828507
0.851017
0.869193
0.881179
0.886317
0.885048
0.878615
0.868627
0.856654
0.844106
0.832222
0.822081
0.81457
0.810146
0.808663
0.809277
0.810918
0.81274
0.814583
0.816876
0.820384
0.825629
0.832457
0.839956
0.846776
0.851608
0.853702
0.852788
0.848946
0.842417
0.833568
0.823235
0.812991
0.804966
0.801148
0.802578
0.808931
0.818817
0.830362
0.841616
0.851037
0.857795
0.861805
0.863537
0.86383
0.86351
0.862932
0.861493
0.857962
0.851076
0.84016
0.825491
0.808246
0.790115
0.773008
0.758487
0.747651
0.740998
0.738554
0.739997
0.7449
0.75273
0.762788
0.774144
0.785614
0.795888
0.803885
0.808789
0.810114
0.807744
0.801942
0.793437
0.783442
0.773458
0.765163
0.760002
0.758957
0.762353
0.770113
0.781976
0.797773
0.817105
0.838873
0.860814
0.87999
0.893843
0.901239
0.90284
0.900699
0.897249
0.894346
0.892899
0.892895
0.893675
0.894622
0.895313
0.895492
0.894795
0.892527
0.88759
0.878812
0.865476
0.847735
0.8269
0.805244
0.785629
0.770574
0.761402
0.757926
0.758572
0.761097
0.76347
0.764562
0.764186
0.762872
0.76133
0.759996
0.758848
0.757683
0.756605
0.756308
0.758022
0.762887
0.771096
0.781592
0.792502
0.801804
0.807853
0.809861
0.808152
0.804464
0.801601
0.802455
0.808914
0.820989
0.837135
0.855222
0.873488
0.890726
0.90603
0.918274
0.925958
0.927477
0.921688
0.908488
0.888972
0.865192
0.839586
0.814269
0.79091
0.771066
0.756384
0.748417
0.748026
0.754991
0.768059
0.785044
0.803175
0.819676
0.83251
0.840713
0.844136
0.84294
0.837339
0.82803
0.816799
0.806586
0.800592
0.800592
0.805785
0.813456
0.82073
0.825821
0.828324
0.828876
0.82866
0.82903
0.83094
0.8345
0.839005
0.843338
0.846676
0.848626
0.848878
0.846744
0.841066
0.830778
0.815898
0.798189
0.780962
0.768035
0.762192
0.763808
0.770941
0.780681
0.790688
0.799979
0.808589
0.816917
0.82507
0.832688
0.83897
0.84311
0.844733
0.844027
0.841811
0.839122
0.836806
0.835395
0.835011
0.83541
0.836083
0.836335
0.835458
0.832906
0.82852
0.822564
0.815889
0.809671
0.805275
0.803888
0.806098
0.811516
0.818947
0.82685
0.834078
0.840089
0.844626
0.847142
0.846649
0.842361
0.834423
0.824194
0.813683
0.804627
0.797886
0.793498
0.791268
0.79124
0.793891
0.799775
0.809029
0.820986
0.83413
0.846301
0.855094
0.858331
0.854538
0.843166
0.824738
0.800963
0.774701
0.749689
0.729935
0.718824
0.718123
0.727442
0.744394
0.765415
0.786827
0.805708
0.820354
0.830335
0.836112
0.838593
0.83864
0.83685
0.833685
0.829631
0.825342
0.821719
0.819722
0.819968
0.82221
0.82512
0.826799
0.825684
0.82134
0.814776
0.808154
0.803974
0.804435
0.810764
0.823101
0.840426
0.860929
0.88245
0.902783
0.919872
0.93215
0.938801
0.939827
0.935959
0.928172
0.917365
0.903978
0.88815
0.869898
0.849335
0.826924
0.803521
0.780395
0.759089
0.741102
0.727753
0.719971
0.7181
0.721731
0.729623
0.740046
0.75136
0.762454
0.772888
0.782547
0.791345
0.799082
0.805529
0.810449
0.813708
0.815207
0.814864
0.812648
0.808683
0.803444
0.797936
0.79361
0.791961
0.793796
0.79876
0.805478
0.812161
0.817244
0.819993
0.820869
0.821316
0.822959
0.826855
0.833005
0.840599
0.848544
0.855734
0.861126
0.863718
0.862705
0.857913
0.850185
0.841296
0.833545
0.828883
0.828406
0.832494
0.841017
0.853289
0.867807
0.882366
0.894395
0.901456
0.901584
0.893696
0.877799
0.85511
0.827874
0.799053
0.771909
0.749392
0.733507
0.72506
0.723664
0.728026
0.736457
0.747311
0.759068
0.770314
0.77973
0.786175
0.78895
0.788054
0.784238
0.778822
0.773415
0.76955
0.768461
0.77094
0.777104
0.786178
0.796601
0.806607
0.814919
0.821075
0.825287
0.828002
0.829634
0.830552
0.83129
0.832628
0.83532
0.839777
0.845854
0.85273
0.859165
0.863962
0.866363
0.866306
0.864415
0.861666
0.858926
0.856742
0.855347
0.854809
0.855069
0.855822
0.856466
0.856128
0.85399
0.84947
0.842481
0.833396
0.822988
0.812256
0.802159
0.793367
0.785952
0.779354
0.772634
0.764999
0.756279
0.747018
0.738598
0.733002
0.732363
0.73815
0.750559
0.768611
0.790629
0.814747
0.83913
0.862067
0.881912
0.897141
0.906605
0.909693
0.906643
0.89852
0.886998
0.874027
0.861378
0.850326
0.841608
0.835479
0.831703
0.829684
0.828584
0.827574
0.826107
0.824207
0.822185
0.820218
0.817631
0.812937
0.804569
0.791739
0.77511
0.756743
0.73947
0.726064
0.718621
0.7182
0.724795
0.737543
0.75497
0.775209
0.79621
0.816083
0.833258
0.846444
0.854556
0.856852
0.853242
0.844562
0.832724
0.820349
0.810025
0.803655
0.802152
0.805524
0.81327
0.824746
0.839008
0.854498
0.869002
0.87995
0.885019
0.882775
0.87311
0.857465
0.838674
0.820357
0.806048
0.798026
0.79672
0.800801
0.808036
0.816271
0.824203
0.831558
0.838936
0.847374
0.857629
0.869638
0.882212
0.893289
0.900595
0.902458
0.898335
0.888774
0.875173
0.85918
0.842136
0.82477
0.807331
0.789955
0.772932
0.756907
0.742964
0.732597
0.727549
0.729158
0.737671
0.751776
0.768817
0.785482
0.79868
0.806186
0.806994
0.801203
0.789693
0.773815
0.755211
0.735931
0.718518
0.705699
0.699871
0.70244
0.713353
0.73133
0.754355
0.780079
0.806028
0.829658
0.848668
0.86141
0.867185
0.866609
0.861581
0.854817
0.849002
0.845933
0.846072
0.848708
0.852697
0.857328
0.862659
0.869195
0.877183
0.88591
0.893514
0.897797
0.897051
0.890413
0.877947
0.860481
0.839643
0.817818
0.797858
0.782494
0.773609
0.771514
0.77497
0.78201
0.790617
0.799195
0.806737
0.812752
0.81718
0.820268
0.822232
0.823205
0.823348
0.822935
0.822349
0.822154
0.822777
0.824415
0.826848
0.82946
0.831438
0.832175
0.831942
0.832127
0.834719
0.841
0.850164
0.859292
0.864639
0.863247
0.853782
0.836756
0.814164
0.789123
0.765366
0.746543
0.735331
0.732679
0.737837
0.74914
0.764778
0.783117
0.802594
0.821398
0.837702
0.850045
0.857608
0.860198
0.858093
0.851938
0.842722
0.831573
0.819611
0.80787
0.797304
0.788777
0.7831
0.781121
0.783524
0.79078
0.802921
0.819361
0.838701
0.85881
0.877231
0.891726
0.900632
0.903069
0.898806
0.888075
0.871683
0.851383
0.830096
0.811591
0.799348
0.795408
0.799818
0.810937
0.826107
0.842359
0.856914
0.867612
0.873134
0.872985
0.867508
0.857735
0.845042
0.830813
0.816122
0.801564
0.787509
0.774238
0.762176
0.751977
0.744468
0.740505
0.740656
0.745095
0.753629
0.765827
0.781026
0.798087
0.81532
0.830465
0.841109
0.84525
0.841931
0.831553
0.81605
0.798545
0.782652
0.771234
0.765683
0.76596
0.771483
0.781746
0.796198
0.81398
0.833817
0.854023
0.872878
0.888843
0.900786
0.907959
0.909904
0.906504
0.898151
0.885806
0.87105
0.855927
0.842687
0.833379
0.829403
0.83107
0.837172
0.845328
0.852797
0.857385
0.857917
0.854233
0.846851
0.83648
0.82371
0.808918
0.792369
0.774603
0.756622
0.739988
0.726515
0.717888
0.715215
0.718757
0.727838
0.741163
0.757049
0.77382
0.790004
0.804523
0.816755
0.826377
0.833342
0.837854
0.840267
0.840987
0.840383
0.838671
0.836009
0.832602
0.82893
0.825892
0.824502
0.825286
0.827845
0.8312
0.8345
0.837524
0.84044
0.843396
0.846045
0.847675
0.847434
0.844562
0.838464
0.828972
0.816387
0.801554
0.786134
0.772455
0.763098
0.759956
0.763243
0.771343
0.781643
0.791922
0.801139
0.809427
0.817453
0.825796
0.834573
0.843513
0.852048
0.85955
0.865279
0.868288
0.867574
0.8624
0.852877
0.840335
0.827168
0.815929
0.808323
0.804544
0.803382
0.802866
0.801034
0.796612
0.789337
0.779993
0.770197
0.762111
0.757876
0.759086
0.766425
0.779609
0.797454
0.818115
0.839511
0.859698
0.87711
0.890571
0.899276
0.902727
0.900587
0.892764
0.879652
0.862193
0.841785
0.82004
0.798561
0.778858
0.762512
0.751125
0.746272
0.749088
0.759779
0.777404
0.799893
0.8244
0.847916
0.867802
0.882166
0.889847
0.890398
0.884121
0.871983
0.85551
0.836657
0.817514
0.800107
0.786159
0.77685
0.772578
0.772853
0.776508
0.782217
0.788844
0.795814
0.803097
0.810806
0.818833
0.826711
0.833774
0.83932
0.842993
0.844932
0.845744
0.846197
0.846803
0.847581
0.848081
0.847732
0.846259
0.843913
0.841264
0.838834
0.836642
0.834081
0.830295
0.824726
0.817465
0.80928
0.801237
0.794508
0.79006
0.788425
0.789427
0.792001
0.79448
0.795175
0.793128
0.788331
0.781616
0.774238
0.767348
0.761844
0.758275
0.756856
0.757582
0.760309
0.764839
0.771052
0.77901
0.789133
0.802012
0.817936
0.836433
0.856013
0.874637
0.89039
0.901946
0.908545
0.909751
0.905409
0.895787
0.881674
0.864477
0.846191
0.82919
0.815869
0.80788
0.805446
0.80728
0.811262
0.815379
0.818544
0.820826
0.823034
0.825957
0.829811
0.83411
0.838228
0.841698
0.84439
0.846192
0.846802
0.845632
0.841895
0.834923
0.82454
0.811367
0.796817
0.782822
0.77124
0.763135
0.758524
0.756615
0.756273
0.756607
0.757299
0.758751
0.76196
0.768184
0.778412
0.792862
0.810656
0.830016
0.848793
0.865109
0.877865
0.886915
0.892831
0.896448
0.898387
0.898759
0.89719
0.893099
0.886158
0.876621
0.865412
0.85402
0.844005
0.83642
0.831615
0.829109
0.827829
0.826353
0.823381
0.818179
0.810783
0.801898
0.792543
0.783505
0.775075
0.767159
0.759594
0.752679
0.747333
0.744842
0.746231
0.75161
0.76004
0.769827
0.77926
0.787234
0.793742
0.799657
0.806349
0.814862
0.825371
0.837038
0.848355
0.857674
0.863701
0.865935
0.864637
0.86073
0.855372
0.849759
0.844926
0.841793
0.841263
0.844047
0.84996
0.857165
0.862499
0.86306
0.857783
0.847702
0.835287
0.823266
0.813721
0.807568
0.80432
0.802603
0.801139
0.7993
0.797102
0.794614
0.791624
0.788192
0.785152
0.783805
0.78506
0.788846
0.794127
0.799686
0.804744
0.809119
0.813076
0.817272
0.822806
0.830997
0.84283
0.858315
0.876168
0.893995
0.909016
0.918724
0.921472
0.916829
0.905424
0.888796
0.868987
0.847976
0.827311
0.807705
0.789191
0.771494
0.754614
0.739207
0.72646
0.717417
0.712158
0.709875
0.709838
0.71241
0.719266
0.732488
0.753219
0.780797
0.812661
0.845126
0.874407
0.89743
0.912135
0.917645
0.914301
0.903556
0.887742
0.869867
0.853225
0.840977
0.835947
0.840272
0.853983
0.873698
0.893439
0.90729
0.911749
0.906018
0.891284
0.869921
0.845096
0.820321
0.79891
0.783515
0.775508
0.774738
0.779704
0.787979
0.796858
0.803996
0.807732
0.807156
0.801977
0.792569
0.780018
0.76628
0.75407
0.746106
0.744159
0.74843
0.757761
0.770415
0.784774
0.79962
0.814007
0.827109
0.838085
0.846343
0.851646
0.854105
0.854098
0.852105
0.848544
0.843596
0.837308
0.829745
0.821118
0.81208
0.803824
0.797938
0.79594
0.798652
0.805958
0.816707
0.82903
0.840614
0.84902
0.852204
0.84897
0.83935
0.824623
0.807138
0.789984
0.776754
0.77108
0.775433
0.789579
0.810161
0.832009
0.85024
0.861742
0.865591
0.862523
0.854329
0.843377
0.832133
0.822929
0.81759
0.816968
0.820771
0.827589
0.835306
0.841605
0.844557
0.842991
0.836714
0.826636
0.814329
0.801694
0.790596
0.782445
0.778048
0.777463
0.780115
0.785196
0.791891
0.79935
0.806578
0.812291
0.815045
0.813506
0.806898
0.795289
0.779842
0.762712
0.746687
0.734515
0.728298
0.729075
0.736802
0.750716
0.769715
0.792678
0.818493
0.845773
0.87269
0.897134
0.917125
0.931062
0.937951
0.937406
0.929568
0.915003
0.89472
0.870118
0.843067
0.815899
0.791122
0.770981
0.756942
0.749543
0.748486
0.752946
0.761607
0.772859
0.785047
0.796733
0.806708
0.81403
0.81803
0.818599
0.81627
0.812263
0.808211
0.805506
0.80484
0.806134
0.808754
0.812003
0.815377
0.818885
0.823049
0.828675
0.836433
0.846301
0.857618
0.869283
0.880044
0.888483
0.893038
0.892308
0.885396
0.872363
0.854381
0.833502
0.812075
0.79229
0.775825
0.76368
0.756014
0.752425
0.75221
0.754529
0.758253
0.761993
0.764261
0.76398
0.76083
0.755577
0.749893
0.746046
0.746102
0.751255
0.761361
0.775109
0.790405
0.805041
0.817215
0.825929
0.831078
0.83321
0.833207
0.832023
0.830639
0.830192
0.831773
0.836082
0.842993
0.851379
0.85934
0.864788
0.866181
0.863183
0.856822
0.849097
0.842117
0.837183
0.834342
0.832626
0.830833
0.828284
0.825012
0.821394
0.817943
0.815183
0.813739
0.814307
0.817338
0.822673
0.829308
0.835423
0.83903
0.838519
0.832986
0.822474
0.807771
0.79052
0.773267
0.759148
0.751028
0.750391
0.756634
0.767524
0.780366
0.793103
0.804594
0.81446
0.822813
0.830124
0.836943
0.843603
0.850045
0.855738
0.859881
0.861729
0.860788
0.856967
0.850483
0.841713
0.831194
0.819609
0.807752
0.796392
0.786125
0.777432
0.770849
0.767169
0.767346
0.771784
0.779696
0.789267
0.798467
0.805829
0.810905
0.814209
0.817071
0.821239
0.828167
0.83813
0.850003
0.861666
0.870971
0.876442
0.877519
0.874451
0.868064
0.859486
0.849859
0.840003
0.830398
0.821244
0.812839
0.80579
0.800657
0.797543
0.795969
0.795026
0.793771
0.791375
0.787206
0.780912
0.772538
0.76276
0.752984
0.745245
0.741827
0.744652
0.754615
0.771142
0.792258
0.815272
0.837574
0.857243
0.873124
0.884673
0.891871
0.895167
0.895306
0.893111
0.889338
0.884402
0.87849
0.871674
0.864102
0.856069
0.848112
0.840967
0.835521
0.832611
0.83292
0.836627
0.843392
0.8522
0.861574
0.869724
0.87484
0.875315
0.869854
0.857618
0.838304
0.812419
0.781424
0.747892
0.715217
0.68681
0.665429
0.652896
0.650224
0.657752
0.675023
0.70044
0.731275
0.764306
0.796302
0.824647
0.847469
0.863621
0.872591
0.874491
0.870164
0.861237
0.849879
0.838265
0.828041
0.820037
0.814338
0.810426
0.807454
0.804297
0.799735
0.792754
0.782934
0.770847
0.758258
0.747836
0.742144
0.74263
0.74912
0.760277
0.774591
0.790781
0.807501
0.823259
0.836404
0.845581
0.85026
0.850996
0.849359
0.847539
0.847505
0.850382
0.856416
0.864999
0.874867
0.884332
0.891669
0.895597
0.895595
0.89209
0.886271
0.879734
0.873946
0.869912
0.867636
0.866296
0.864659
0.861673
0.856806
0.849896
0.840934
0.829782
0.81636
0.800934
0.784105
0.76684
0.750424
0.736664
0.727436
0.723892
0.725592
0.73061
0.73653
0.741738
0.746036
0.750595
0.756993
0.76606
0.777079
0.788059
0.79675
0.801767
0.802993
0.801353
0.798303
0.795446
0.794297
0.796018
0.801101
0.809253
0.819491
0.830503
0.840925
0.849729
0.856462
0.861187
0.864413
0.866894
0.869377
0.872299
0.875595
0.878526
0.879752
0.877562
0.870293
0.85683
0.837159
0.81259
0.785538
0.758945
0.735436
0.716983
0.705114
0.701239
0.706463
0.720903
0.74304
0.769719
0.797
0.821223
0.839714
0.851143
0.855235
0.852629
0.844563
0.83301
0.820499
0.809914
0.803669
0.802861
0.806931
0.814169
0.822733
0.831124
0.838216
0.843069
0.844701
0.842369
0.835713
0.824966
0.811142
0.796173
0.782889
0.774571
0.774081
0.782758
0.799697
0.821976
0.845598
0.866356
0.880758
0.886706
0.883829
0.873311
0.85746
0.83908
0.820868
0.804847
0.792159
0.783152
0.777863
0.776358
0.778738
0.784831
0.793928
0.804835
0.816236
0.826982
0.836118
0.842804
0.846293
0.846099
0.842365
0.835938
0.828281
0.8212
0.816251
0.814176
0.814716
0.816865
0.819269
0.820654
0.820087
0.817091
0.811641
0.804144
0.795325
0.786162
0.777762
0.771059
0.766684
0.764841
0.765522
0.768797
0.77486
0.784014
0.796449
0.812283
0.831379
0.853109
0.876004
0.897698
0.915384
0.926446
0.9291
0.922657
0.907532
0.885054
0.85715
0.826139
0.794533
0.764891
0.73968
0.721119
0.71088
0.709738
0.71727
0.73188
0.751043
0.771963
0.79225
0.81021
0.82497
0.83619
0.843806
0.847851
0.84851
0.846317
0.842421
0.838684
0.83754
0.841136
0.850136
0.863014
0.87641
0.886214
0.888975
0.882828
0.867836
0.845959
0.82073
0.796545
0.777542
0.766585
0.764632
0.770786
0.783076
0.799185
0.816881
0.834078
0.848982
0.860224
0.866991
0.868902
0.865831
0.857757
0.844907
0.828138
0.809294
0.790954
0.775644
0.764843
0.758668
0.756304
0.756728
0.759205
0.763369
0.768949
0.775535
0.78259
0.789484
0.795547
0.800062
0.802411
0.80258
0.801342
0.8002
0.800951
0.804875
0.812294
0.822354
0.833436
0.843772
0.852226
0.858812
0.864598
0.871001
0.878868
0.887685
0.895785
0.901025
0.901524
0.896074
0.884292
0.866381
0.843237
0.816932
0.790908
0.769415
0.756062
0.752332
0.757127
0.767805
0.781606
0.796929
0.813269
0.830403
0.847399
0.862033
0.871232
0.872149
0.86335
0.845538
0.821305
0.794413
0.768774
0.747561
0.733136
0.727282
0.73118
0.745048
0.767588
0.795969
0.826277
0.854434
0.876987
0.89157
0.897198
0.894393
0.884781
0.870455
0.853311
0.834745
0.81627
0.800071
0.788697
0.784068
0.786431
0.7941
0.804184
0.813824
0.821015
0.825106
0.826576
0.826631
0.826514
0.82699
0.828186
0.829736
0.831153
0.83215
0.83279
0.833381
0.834247
0.83552
0.836944
0.838072
0.838451
0.837778
0.835988
0.833495
0.830998
0.829139
0.828173
0.828022
0.828415
0.828908
0.828822
0.82748
0.824584
0.82046
0.816124
0.812743
0.811168
0.811365
0.812342
0.812398
0.809793
0.803596
0.794158
0.782962
0.772235
0.764346
0.761278
0.764303
0.773663
0.788292
0.805653
0.822255
0.834722
0.841046
0.841283
0.837459
0.832852
0.830723
0.832977
0.83947
0.848449
0.857665
0.865246
0.869936
0.871026
0.868135
0.861151
0.850301
0.836204
0.81992
0.802924
0.787065
0.774205
0.765873
0.762735
0.764353
0.76908
0.774477
0.778127
0.778396
0.7749
0.768587
0.7613
0.755047
0.751435
0.751326
0.754786
0.761305
0.77011
0.780381
0.79154
0.80329
0.815548
0.828437
0.842143
0.856627
0.871459
0.88567
0.897854
0.906537
0.910474
0.908827
0.90135
0.888688
0.872328
0.85441
0.837221
0.822458
0.810897
0.80251
0.796678
0.792545
0.789421
0.787084
0.785897
0.78663
0.789925
0.795837
0.803557
0.81196
0.820039
0.827022
0.832131
0.834514
0.833452
0.828867
0.821397
0.81225
0.802849
0.794312
0.787304
0.782181
0.779232
0.779017
0.782391
0.790121
0.80243
0.8185
0.836469
0.854007
0.868692
0.878418
0.881508
0.876869
0.864246
0.844719
0.820852
0.796428
0.77577
0.762761
0.759924
0.76787
0.78527
0.809319
0.836452
0.863109
0.886273
0.903714
0.914028
0.916549
0.91123
0.898721
0.880467
0.858617
0.83565
0.813745
0.794121
0.777029
0.762303
0.750066
0.741035
0.736325
0.737054
0.744174
0.758125
0.778208
0.802238
0.827064
0.849557
0.86745
0.879624
0.885941
0.887057
0.884061
0.878227
0.870547
0.861453
0.850925
0.839031
0.826656
0.815775
0.808777
0.806885
0.809134
0.81319
0.816801
0.818414
0.817088
0.812326
0.804264
0.794012
0.78373
0.776163
0.773764
0.777715
0.787476
0.801044
0.815687
0.828606
0.837402
0.840471
0.837174
0.827858
0.813676
0.796546
0.779022
0.763979
0.754188
0.751627
0.756857
0.768943
0.785764
0.80469
0.823122
0.838728
0.849533
0.854058
0.851494
0.841951
0.82674
0.808333
0.790168
0.77587
0.76783
0.766273
0.769458
0.774922
0.780662
0.78567
0.78977
0.793333
0.797048
0.801728
0.808363
0.817875
0.830832
0.846822
0.864319
0.881084
0.895002
0.904838
0.910567
0.913223
0.914215
0.914458
0.913922
0.911766
0.907036
0.89916
0.888015
0.873507
0.855538
0.833977
0.808982
0.781507
0.75356
0.728132
0.70864
0.697815
0.696742
0.704689
0.719672
0.739441
0.761883
0.785312
0.808491
0.830743
0.851882
0.871898
0.890604
0.907366
0.921031
0.930269
0.933941
0.931352
0.922346
0.907388
0.887426
0.863908
0.838893
0.815091
0.795579
0.782913
0.778123
0.780257
0.786802
0.794643
0.801273
0.805508
0.807487
0.808265
0.809109
0.810918
0.813834
0.817289
0.820303
0.821866
0.821306
0.81844
0.813648
0.807893
0.802621
0.799548
0.800116
0.804889
0.813351
0.824137
0.835447
0.845461
0.852546
0.85535
0.852875
0.844734
0.831498
0.814791
0.797128
0.781354
0.770139
0.7653
0.767162
0.774312
0.783998
0.792943
0.798253
0.798116
0.792352
0.782335
0.770774
0.760987
0.756027
0.757724
0.76622
0.780214
0.797525
0.815708
0.832552
0.846343
0.856097
0.861456
0.862456
0.859355
0.852689
0.843365
0.83285
0.823033
0.815938
0.813271
0.816146
0.824783
0.838559
0.856015
0.875003
0.892893
0.906971
0.914972
0.915552
0.908511
0.894754
0.875978
0.854518
0.833022
0.814022
0.799397
0.790031
0.785966
0.786503
0.790297
0.795344
0.799427
0.800623
0.797903
0.791444
0.782814
0.774689
0.769866
0.770039
0.775003
0.78294
0.791805
0.800533
0.80948
0.819766
0.832173
0.846137
0.859822
0.870633
0.876297
0.875447
0.867965
0.854965
0.838465
0.820753
0.803719
0.788226
0.774053
0.760511
0.747295
0.735149
0.726154
0.723165
0.728647
0.743494
0.76648
0.794907
0.825712
0.856297
0.884841
0.909986
0.930643
0.945675
0.953691
0.953277
0.943453
0.924424
0.897986
0.867466
0.836835
0.809748
0.78859
0.774108
0.765743
0.762394
0.762869
0.766221
0.771749
0.778843
0.786861
0.794978
0.802251
0.807836
0.811251
0.812402
0.811556
0.809187
0.80591
0.802611
0.800445
0.800469
0.803056
0.807476
0.812106
0.815177
0.815468
0.812626
0.807244
0.800666
0.794579
0.790596
0.789814
0.792727
0.799223
0.808784
0.820374
0.832396
0.842639
0.848854
0.849376
0.843618
0.832056
0.81607
0.797986
0.781142
0.769391
0.765889
0.771798
0.786063
0.806195
0.82928
0.852607
0.873859
0.891155
0.903106
0.908923
0.908372
0.901718
0.889556
0.8727
0.852206
0.829401
0.805937
0.783984
0.766406
0.75649
0.756812
0.767559
0.786049
0.807963
0.829229
0.847158
0.860549
0.869143
0.873075
0.872621
0.868177
0.860428
0.850239
0.838729
0.826967
0.815915
0.806305
0.798587
0.792842
0.788787
0.785831
0.783154
0.779919
0.775441
0.769232
0.761111
0.751236
0.74019
0.728953
0.718753
0.710807
0.706108
0.705389
0.709123
0.717487
0.730209
0.746519
0.765206
0.784905
0.804418
0.823042
0.840557
0.856845
0.871507
0.883834
0.89324
0.899674
0.903471
0.904844
0.903753
0.900156
0.894159
0.885832
0.875092
0.861849
0.846281
0.829103
0.811586
0.795318
0.78186
0.772308
0.767059
0.765766
0.767692
0.771987
0.777955
0.785073
0.792778
0.800373
0.807113
0.812344
0.815646
0.816888
0.816102
0.813537
0.809794
0.8058
0.802704
0.801457
0.802567
0.805767
0.810133
0.814358
0.817242
0.817984
0.816374
0.812736
0.807741
0.802099
0.79625
0.79014
0.783379
0.775762
0.76772
0.760546
0.755854
0.754989
0.758727
0.767101
0.779371
0.794005
0.808913
0.821947
0.831421
0.836363
0.836531
0.832498
0.825629
0.818046
0.812077
0.809715
0.81214
0.819735
0.832154
0.848252
0.866146
0.883471
0.897888
0.907657
0.911883
0.910476
0.904148
0.894242
0.882732
0.871945
0.864116
0.860808
0.862428
0.868151
0.876055
0.883529
0.88759
0.885413
0.875038
0.85625
0.831009
0.803167
0.777393
0.757432
0.74475
0.738065
0.734441
0.730806
0.725307
0.717845
0.709911
0.703827
0.701882
0.705479
0.714941
0.729453
0.747491
0.767304
0.78728
0.80609
0.822793
0.836907
0.848364
0.857329
0.864067
0.868687
0.871199
0.871783
0.87103
0.870026
0.870116
0.872265
0.876521
0.881973
0.88719
0.890666
0.891221
0.888063
0.880891
0.870294
0.858225
0.847648
0.841199
0.839449
0.840303
0.840181
0.835864
0.825836
0.810331
0.790864
0.769705
0.749516
0.732894
0.721941
0.717716
0.7199
0.726946
0.736661
0.747177
0.757568
0.76818
0.780104
0.794271
0.810672
0.828128
0.844667
0.858167
0.866818
0.869436
0.865549
0.855501
0.840592
0.823451
0.808083
0.798953
0.798831
0.807278
0.821072
0.836203
0.849405
0.858683
0.863135
0.862775
0.858059
0.8498
0.839069
0.8273
0.816314
0.808188
0.804757
0.80709
0.815086
0.827254
0.840879
0.852713
0.8599
0.860895
0.855842
0.846561
0.835987
0.8272
0.822615
0.823286
0.828788
0.837615
0.847866
0.857874
0.866504
0.873006
0.876644
0.876504
0.871693
0.86187
0.847684
0.83058
0.812458
0.795401
0.781477
0.772353
0.768953
0.771201
0.777965
0.787473
0.797634
0.806386
0.811923
0.813006
0.80924
0.801234
0.790582
0.779716
0.771532
0.768594
0.772065
0.781127
0.793458
0.80668
0.819324
0.830908
0.841334
0.850354
0.857458
0.862154
0.8644
0.864747
0.863901
0.862346
0.86025
0.857649
0.854691
0.851523
0.848154
0.844452
0.840451
0.836705
0.834448
0.835589
0.841734
0.8527
0.865949
0.877845
0.88527
0.886385
0.880456
0.867515
0.848326
0.824356
0.797828
0.771486
0.748073
0.729972
0.719041
0.716436
0.722502
0.736357
0.756003
0.778792
0.802195
0.824278
0.843828
0.860095
0.872584
0.880911
0.884736
0.883784
0.877891
0.86698
0.851091
0.830489
0.805985
0.77942
0.753721
0.732511
0.719267
0.716326
0.724146
0.741284
0.764965
0.791889
0.818969
0.843741
0.864483
0.880142
0.890091
0.893946
0.89164
0.883581
0.870696
0.85443
0.836635
0.819415
0.804893
0.794772
0.789888
0.789991
0.793904
0.800165
0.80757
0.815369
0.823198
0.830721
0.837276
0.841729
0.842547
0.838326
0.828438
0.813636
0.796117
0.779088
0.765702
0.75804
0.756708
0.761305
0.771266
0.786029
0.804754
0.825925
0.847319
0.866238
0.880112
0.886864
0.885377
0.875676
0.858922
0.837244
0.81333
0.789987
0.76999
0.755878
0.74941
0.750801
0.758789
0.771408
0.786598
0.802486
0.81745
0.83022
0.84017
0.847294
0.851896
0.853959
0.852891
0.847648
0.837458
0.822587
0.804601
0.786377
0.771399
0.762829
0.762509
0.770401
0.784889
0.803587
0.824118
0.844535
0.863251
0.878966
0.890691
0.897719
0.899757
0.896977
0.890176
0.880825
0.870728
0.860953
0.851233
0.840476
0.827906
0.813802
0.79959
0.787113
0.777996
0.773227
0.77314
0.7775
0.785484
0.795774
0.806566
0.815784
0.82146
0.82199
0.816477
0.80489
0.788144
0.767969
0.746693
0.726848
0.710754
0.700357
0.697181
0.702187
0.715542
0.736353
0.762653
0.791878
0.821405
0.848813
0.871939
0.889009
0.898901
0.90146
0.897648
0.889514
0.879873
0.871691
0.867338
0.867975
0.873251
0.881598
0.890852
0.898976
0.904444
0.906334
0.90412
0.89755
0.886876
0.873081
0.857801
0.842954
0.830321
0.821051
0.815515
0.813272
0.813151
0.81358
0.812927
0.809973
0.803983
0.794825
0.7828
0.76858
0.753214
0.738109
0.725101
0.716241
0.713215
0.716791
0.72628
0.739526
0.753544
0.765479
0.773324
0.776095
0.773835
0.76752
0.759051
0.751066
0.746578
0.748205
0.757339
0.773673
0.795524
0.82061
0.846686
0.871745
0.894004
0.911894
0.924268
0.930369
0.929866
0.922825
0.909748
0.891652
0.870121
0.847363
0.826087
0.809051
0.798368
0.794689
0.79683
0.802222
0.807817
0.811191
0.811317
0.808932
0.806268
0.805958
0.809814
0.818046
0.829443
0.841867
0.852959
0.860758
0.864202
0.863451
0.859517
0.853604
0.846319
0.837216
0.825175
0.809452
0.790691
0.771348
0.75531
0.746667
0.748126
0.759642
0.778462
0.80045
0.821922
0.840837
0.856882
0.87057
0.882094
0.890568
0.894339
0.891885
0.882887
0.868583
0.851454
0.834219
0.818809
0.805807
0.794541
0.783843
0.772909
0.761902
0.751924
0.744558
0.741261
0.742991
0.750101
0.762245
0.778294
0.796463
0.814483
0.830169
0.841984
0.849407
0.852916
0.85372
0.85334
0.853017
0.853487
0.854918
0.857058
0.859478
0.861722
0.863411
0.86422
0.863844
0.861955
0.858213
0.8523
0.844017
0.833244
0.820004
0.804562
0.787785
0.771277
0.757232
0.747877
0.744769
0.748249
0.757416
0.770263
0.784212
0.796625
0.805504
0.809897
0.810096
0.807414
0.803756
0.8012
0.801493
0.805629
0.813495
0.823921
0.834922
0.84407
0.849172
0.848774
0.842544
0.831209
0.816354
0.800231
0.785557
0.775129
0.771487
0.776208
0.789322
0.809151
0.832595
0.8559
0.875494
0.888742
0.894322
0.892278
0.883784
0.870679
0.855057
0.838837
0.823577
0.810204
0.798974
0.789579
0.781231
0.773071
0.764392
0.755008
0.745288
0.736177
0.728913
0.72488
0.725261
0.73082
0.741598
0.756735
0.774618
0.793244
0.810614
0.825157
0.835885
0.84243
0.844789
0.843226
0.838279
0.830836
0.822286
0.814503
0.809225
0.807669
0.810244
0.816593
0.825924
0.837265
0.849524
0.861468
0.87153
0.877954
0.87939
0.875615
0.86807
0.859616
0.853269
0.850364
0.85001
0.85008
0.848691
0.845025
0.839199
0.831828
0.823652
0.815234
0.806905
0.798878
0.791458
0.785189
0.78075
0.778645
0.778952
0.78126
0.784743
0.78854
0.791886
0.794302
0.795486
0.795576
0.795277
0.795533
0.797013
0.799513
0.801956
0.803172
0.802879
0.802204
0.803318
0.80836
0.818274
0.832389
0.848887
0.865504
0.879805
0.889364
0.891985
0.886342
0.872786
0.854007
0.834471
0.818261
0.807062
0.80032
0.796824
0.795846
0.797118
0.800323
0.804886
0.810103
0.81521
0.819577
0.822819
0.824767
0.825439
0.825056
0.824074
0.823181
0.823208
0.824773
0.827838
0.831545
0.834473
0.835237
0.832776
0.826608
0.816847
0.804259
0.79032
0.776989
0.766326
0.760056
0.759061
0.763125
0.771019
0.780906
0.790993
0.799957
0.807167
0.812583
0.816493
0.81932
0.821349
0.822664
0.823053
0.822047
0.81913
0.813963
0.80676
0.79833
0.790276
0.784837
0.784469
0.791049
0.804992
0.824861
0.847838
0.870586
0.890063
0.903985
0.911058
0.911055
0.904629
0.892971
0.877243
0.85832
0.83697
0.814063
0.790955
0.769468
0.751875
0.74044
0.736608
0.740394
0.750311
0.763846
0.778097
0.790471
0.799223
0.803663
0.804102
0.80165
0.79801
0.794853
0.793422
0.794024
0.796242
0.799292
0.802469
0.805614
0.809265
0.814371
0.821807
0.831844
0.843889
0.856583
0.868112
0.876602
0.880732
0.88005
0.874912
0.866177
0.854746
0.841481
0.827286
0.813168
0.800086
0.788729
0.779385
0.771997
0.766275
0.761875
0.758641
0.756777
0.756732
0.758939
0.763478
0.769778
0.77678
0.783425
0.789232
0.794439
0.79977
0.805971
0.813488
0.82248
0.832943
0.84477
0.857678
0.871091
0.884066
0.895402
0.903764
0.908046
0.907635
0.902628
0.893771
0.88241
0.870273
0.859117
0.850261
0.844303
0.841016
0.839492
0.838527
0.837033
0.834438
0.830479
0.824932
0.817441
0.807596
0.795163
0.780547
0.764843
0.749661
0.736682
0.727055
0.721151
0.718607
0.718743
0.721088
0.725459
0.73182
0.740063
0.749774
0.760337
0.770944
0.780864
0.789573
0.796791
0.80258
0.807361
0.811818
0.816615
0.822438
0.829852
0.839299
0.851058
0.865031
0.880415
0.895624
0.908454
0.916611
0.918446
0.913262
0.901452
0.884109
0.862898
0.839661
0.816299
0.794653
0.776436
0.763058
0.755375
0.753534
0.756976
0.764687
0.77527
0.787069
0.79838
0.807648
0.813783
0.816332
0.815514
0.812206
0.807786
0.803921
0.802253
0.804036
0.809725
0.818891
0.830284
0.842057
0.852057
0.858493
0.860418
0.858054
0.852471
0.844903
0.835913
0.825564
0.814173
0.802909
0.793494
0.787388
0.7851
0.786077
0.789165
0.793319
0.797853
0.802458
0.806941
0.811038
0.814284
0.816105
0.816006
0.813861
0.810094
0.805788
0.802587
0.802497
0.80705
0.816432
0.828939
0.841401
0.850253
0.85272
0.84762
0.835575
0.81872
0.799951
0.782157
0.767652
0.75811
0.754776
0.758357
0.768688
0.784406
0.802882
0.820829
0.835199
0.84398
0.846736
0.844572
0.839615
0.834256
0.830557
0.829977
0.833404
0.841132
0.852676
0.866562
0.880439
0.891522
0.897359
0.896577
0.889163
0.876222
0.859332
0.84021
0.820719
0.802859
0.788625
0.779464
0.775752
0.776649
0.780238
0.783957
0.785034
0.781165
0.771023
0.754877
0.734944
0.715208
0.700635
0.695694
0.702816
0.721756
0.749995
0.783776
0.819105
0.852451
0.880998
0.902657
0.9159
0.919902
0.914728
0.901604
0.882861
0.861329
0.839644
0.819539
0.801948
0.78757
0.777537
0.773644
0.777687
0.790334
0.810366
0.834788
0.859748
0.881619
0.897799
0.907009
0.909173
0.905108
0.896248
0.884311
0.870867
0.857027
0.84322
0.829367
0.815191
0.800644
0.786268
0.773351
0.763436
0.757389
0.755127
0.755878
0.758874
0.763884
0.771198
0.781083
0.793338
0.80704
0.820678
0.832374
0.8404
0.843712
0.842247
0.836939
0.829461
0.821698
0.815171
0.810399
0.806856
0.803304
0.798514
0.791886
0.783599
0.77445
0.765579
0.758269
0.753783
0.753137
0.75659
0.763764
0.77389
0.786165
0.799772
0.813802
0.827159
0.838824
0.848163
0.855174
0.860262
0.863914
0.866253
0.866916
0.865253
0.860716
0.853348
0.844161
0.835021
0.828212
0.8255
0.827541
0.833924
0.84347
0.854639
0.865913
0.875858
0.883153
0.886618
0.885355
0.87895
0.867671
0.852267
0.83368
0.812758
0.790177
0.766663
0.74337
0.722074
0.704883
0.693842
0.690593
0.696131
0.710651
0.73336
0.762304
0.794594
0.82691
0.856101
0.879572
0.89551
0.902917
0.901817
0.893237
0.879239
0.862697
0.846715
0.833984
0.826013
0.822788
0.823112
0.825156
0.8272
0.828132
0.827638
0.826083
0.824221
0.822798
0.822356
0.823302
0.825789
0.829739
0.834744
0.839998
0.844217
0.845697
0.842762
0.834211
0.819961
0.801344
0.780949
0.762188
0.748472
0.742267
0.744526
0.754495
0.770244
0.789394
0.809765
0.829531
0.846943
0.860323
0.868188
0.869649
0.864748
0.854421
0.840274
0.824217
0.808145
0.793659
0.782061
0.774303
0.771098
0.772994
0.780121
0.79213
0.80801
0.826263
0.845139
0.862919
0.877879
0.888365
0.893063
0.891394
0.883948
0.872422
0.859013
0.845729
0.833752
0.823273
0.813852
0.804968
0.796432
0.788324
0.781042
0.775167
0.771531
0.771066
0.774472
0.781896
0.792763
0.805709
0.818994
0.83087
0.840035
0.845813
0.848129
0.847328
0.843845
0.838077
0.830388
0.821289
0.811608
0.802437
0.794913
0.789975
0.788095
0.789196
0.792689
0.797488
0.802288
0.805848
0.80752
0.807412
0.806323
0.805084
0.804079
0.803104
0.8015
0.798706
0.794556
0.789406
0.783913
0.778999
0.775613
0.774518
0.776112
0.780304
0.786667
0.794795
0.804521
0.815998
0.829483
0.844955
0.861748
0.878375
0.892707
0.902369
0.905378
0.900493
0.887591
0.867648
0.8425
0.814553
0.786437
0.760673
0.739541
0.724931
0.718178
0.719751
0.728875
0.743922
0.762833
0.783631
0.804537
0.823901
0.840258
0.852513
0.860274
0.863972
0.864701
0.863931
0.863226
0.864054
0.867555
0.874231
0.883436
0.893339
0.901384
0.904989
0.902071
0.891534
0.873537
0.849473
0.821643
0.792868
0.765925
0.743247
0.726868
0.718379
0.718744
0.727958
0.744729
0.766609
0.790553
0.813725
0.834067
0.85042
0.862344
0.869899
0.873494
0.87382
0.87161
0.867646
0.862342
0.855651
0.847304
0.837241
0.825922
0.814401
0.804179
0.796692
0.792795
0.79249
0.795004
0.799184
0.803854
0.808097
0.811194
0.812639
0.812124
0.809466
0.804749
0.798494
0.791759
0.785793
0.781609
0.779614
0.779632
0.781325
0.784626
0.789891
0.79747
0.807502
0.819676
0.8332
0.84678
0.85873
0.867137
0.870274
0.867102
0.857464
0.842398
0.824198
0.806343
0.792617
0.785234
0.783254
0.783225
0.781626
0.776704
0.768802
0.759633
0.751454
0.746597
0.747321
0.755724
0.773335
0.800381
0.83494
0.872956
0.909576
0.940432
0.962387
0.973497
0.97264
0.95952
0.934902
0.900908
0.861229
0.820742
0.784826
0.758091
0.743051
0.739412
0.744468
0.75436
0.765537
0.775822
0.784754
0.793023
0.801643
0.811026
0.820395
0.828255
0.833134
0.834116
0.831068
0.824508
0.815489
0.805494
0.796222
0.789389
0.786305
0.787586
0.793105
0.801921
0.812663
0.823761
0.833647
0.840786
0.84416
0.843542
0.839686
0.834074
0.828291
0.823455
0.819956
0.817498
0.815342
0.812429
0.807795
0.8009
0.792121
0.782954
0.77594
0.774018
0.779478
0.792861
0.812511
0.835217
0.857396
0.876126
0.889443
0.896156
0.895743
0.888489
0.875414
0.857997
0.837979
0.817284
0.797923
0.781708
0.769923
0.763021
0.760518
0.761233
0.763725
0.766915
0.770424
0.774606
0.780201
0.787887
0.798066
0.810747
0.825613
0.841994
0.858839
0.874845
0.888649
0.898881
0.904178
0.903073
0.894062
0.876099
0.849217
0.815132
0.77719
0.739858
0.707989
0.685951
0.676932
0.682084
0.699996
0.727053
0.758581
0.790047
0.817731
0.839184
0.853344
0.86046
0.861697
0.858824
0.853878
0.849034
0.846201
0.846357
0.849051
0.852741
0.855647
0.856635
0.855431
0.852255
0.847377
0.84079
0.832244
0.821573
0.809153
0.796289
0.785109
0.777966
0.776657
0.781783
0.792707
0.80795
0.825574
0.843533
0.859877
0.872974
0.881636
0.885129
0.883185
0.875914
0.86379
0.847822
0.829568
0.811147
0.794905
0.782741
0.775737
0.773935
0.776554
0.782317
0.78991
0.798275
0.806709
0.814548
0.820966
0.825018
0.825913
0.823499
0.818239
0.810843
0.801766
0.791235
0.779455
0.767083
0.755486
0.74655
0.742052
0.742951
0.74921
0.760095
0.774485
0.791299
0.809528
0.827942
0.845032
0.859101
0.868673
0.872804
0.871245
0.864367
0.852936
0.837909
0.820397
0.801608
0.782892
0.765743
0.75169
0.742042
0.737629
0.73856
0.744387
0.754265
0.767316
0.782768
0.799938
0.817893
0.835187
0.850046
0.860932
0.867175
0.869204
0.868195
0.8653
0.861364
0.857249
0.854135
0.853372
0.855831
0.861572
0.869962
0.880083
0.890805
0.90076
0.908551
0.912934
0.913133
0.908981
0.900767
0.889058
0.874488
0.8578
0.839829
0.82165
0.804484
0.789357
0.776969
0.767533
0.76078
0.75603
0.752388
0.749068
0.745654
0.742299
0.73967
0.738792
0.740481
0.74488
0.751147
0.757543
0.762281
0.764413
0.764252
0.763237
0.763238
0.765837
0.771876
0.781392
0.793788
0.808006
0.822674
0.836351
0.847779
0.856198
0.861674
0.865055
0.867733
0.871019
0.875496
0.880906
0.88624
0.890126
0.891335
0.889133
0.883364
0.874486
0.863509
0.851652
0.84002
0.829393
0.820155
0.812305
0.805713
0.800461
0.796981
0.79597
0.798174
0.803857
0.812577
0.82311
0.833523
0.841652
0.845652
0.844367
0.837799
0.82696
0.8137
0.800334
0.789123
0.781766
0.778814
0.779439
0.781871
0.784127
0.784711
0.782902
0.778511
0.771685
0.762696
0.751968
0.740201
0.728499
0.718389
0.711683
0.710129
0.714834
0.725878
0.742212
0.761817
0.782045
0.800403
0.815264
0.826472
0.835051
0.842043
0.847331
0.849849
0.848647
0.843692
0.83616
0.828125
0.822091
0.820489
0.824885
0.835134
0.849202
0.863867
0.87614
0.884178
0.887469
0.886465
0.881978
0.87474
0.865317
0.854235
0.842241
0.830178
0.818837
0.808653
0.799544
0.791353
0.784289
0.779077
0.776577
0.777252
0.780848
0.786667
0.79396
0.802238
0.811421
0.821626
0.832841
0.844487
0.855508
0.864565
0.870409
0.872229
0.869864
0.863804
0.855255
0.845829
0.837005
0.829375
0.822399
0.814945
0.806139
0.795783
0.784473
0.77331
0.763656
0.756921
0.754446
0.757328
0.766142
0.780557
0.799156
0.819711
0.839687
0.856678
0.868439
0.87304
0.86907
0.856225
0.835837
0.810923
0.785485
0.763316
0.747005
0.737804
0.736004
0.741169
0.751942
0.766096
0.781299
0.796044
0.809806
0.8225
0.833821
0.843089
0.84965
0.853208
0.853888
0.85205
0.848112
0.84251
0.835728
0.828394
0.821376
0.815685
0.8122
0.811262
0.812558
0.815296
0.818516
0.821485
0.824111
0.827065
0.831414
0.837872
0.846178
0.855034
0.862654
0.867455
0.868512
0.865581
0.8588
0.848517
0.835208
0.819553
0.802642
0.786189
0.772519
0.764058
0.762489
0.768054
0.779349
0.793795
0.808582
0.821566
0.831618
0.838549
0.842717
0.844873
0.846115
0.847528
0.84973
0.852419
0.854387
0.853848
0.849159
0.8395
0.825476
0.809019
0.792613
0.778345
0.767471
0.760459
0.757335
0.757874
0.761495
0.767277
0.773902
0.779918
0.783996
0.785232
0.783322
0.77863
0.772093
0.765275
0.760073
0.758473
0.761939
0.77086
0.78443
0.801001
0.81854
0.835066
0.849125
0.860007
0.867711
0.872731
0.875558
0.876477
0.875598
0.872948
0.868889
0.863996
0.858753
0.853239
0.847033
0.839346
0.829695
0.818178
0.805892
0.794703
0.786548
0.78269
0.783218
0.787039
0.792278
0.79695
0.799459
0.798968
0.795484
0.789731
0.782903
0.776382
0.771579
0.770004
0.773094
0.781661
0.79503
0.81084
0.82585
0.837335
0.844122
0.846764
0.847034
0.847115
0.848811
0.853229
0.860614
0.870479
0.881825
0.89325
0.903113
0.909806
0.911914
0.908362
0.89863
0.882802
0.861917
0.837908
0.813125
0.789647
0.768925
0.752113
0.740361
0.734718
0.735933
0.744171
0.758941
0.779034
0.802512
0.826767
0.848959
0.866399
0.877167
0.880478
0.876864
0.867972
0.856213
0.844232
0.83426
0.827372
0.823183
0.820272
0.81705
0.812549
0.806794
0.800665
0.795714
0.793605
0.79563
0.802117
0.812138
0.823634
0.834016
0.840821
0.842325
0.83784
0.827757
0.813309
0.796204
0.778332
0.761649
0.748304
0.740618
0.740663
0.749637
0.767234
0.791411
0.818713
0.845104
0.86685
0.881668
0.889179
0.890757
0.888482
0.88392
0.877708
0.869861
0.86033
0.849412
0.837672
0.825906
0.814994
0.805904
0.799549
0.79664
0.797453
0.801646
0.808197
0.815466
0.82146
0.824599
0.824675
0.823386
0.82336
0.825979
0.830263
0.834158
0.83627
0.836265
0.834251
0.829983
0.822682
0.811699
0.797327
0.781242
0.766327
0.755481
0.750406
0.751131
0.756578
0.765445
0.776648
0.789303
0.802698
0.816347
0.830183
0.844534
0.859761
0.875914
0.892351
0.907647
0.920089
0.928198
0.931139
0.928757
0.921262
0.908943
0.892187
0.87172
0.848852
0.825785
0.805292
0.789804
0.780332
0.776021
0.775018
0.775566
0.776808
0.778862
0.782262
0.787396
0.794367
0.802989
0.812804
0.82301
0.832574
0.840342
0.845428
0.847343
0.845909
0.841197
0.833452
0.82323
0.811416
0.799185
0.787682
0.777928
0.770705
0.766322
0.764278
0.763277
0.761578
0.757693
0.751071
0.742553
0.73416
0.728466
0.7278
0.733469
0.745448
0.762607
0.783027
0.804554
0.825083
0.842902
0.856767
0.865934
0.870335
0.870549
0.867617
0.862741
0.857044
0.851264
0.845781
0.840815
0.836622
0.833548
0.831904
0.831732
0.832574
0.833501
0.833561
0.832123
0.82906
0.824628
0.819363
0.813955
0.809248
0.806391
0.806743
0.811375
0.82053
0.833276
0.847711
0.861499
0.87252
0.879187
0.880626
0.876797
0.868367
0.856627
0.843216
0.829868
0.818045
0.808756
0.802295
0.798016
0.794281
0.78896
0.780388
0.768364
0.754343
0.74096
0.730947
0.726297
0.727855
0.735299
0.747288
0.76177
0.776362
0.788915
0.797801
0.802242
0.802302
0.798779
0.792945
0.786271
0.780189
0.776001
0.77474
0.776936
0.782431
0.790262
0.799149
0.808072
0.816733
0.825493
0.834784
0.84456
0.854191
0.862706
0.869113
0.872631
0.872837
0.869822
0.864388
0.857941
0.852028
0.847922
0.846304
0.847155
0.849846
0.853456
0.857008
0.85972
0.861139
0.860924
0.858566
0.853302
0.844538
0.832375
0.818186
0.804397
0.793525
0.787042
0.784694
0.784873
0.785564
0.785214
0.783184
0.779635
0.775455
0.771898
0.770299
0.771874
0.777535
0.787633
0.801756
0.818501
0.83568
0.850747
0.861471
0.866536
0.865911
0.860901
0.85386
0.847425
0.843666
0.843444
0.846378
0.851051
0.855403
0.857137
0.854191
0.845098
0.829439
0.808
0.782774
0.75668
0.733231
0.715838
0.707034
0.70775
0.717072
0.732678
0.751666
0.7713
0.789529
0.80522
0.81804
0.82833
0.836807
0.844276
0.851291
0.857995
0.864062
0.868767
0.871219
0.870489
0.865942
0.857489
0.845857
0.832823
0.821055
0.813548
0.812551
0.818554
0.830085
0.844312
0.858167
0.869236
0.876193
0.878808
0.877618
0.873586
0.867408
0.859373
0.849575
0.838292
0.826114
0.813616
0.801022
0.788063
0.774441
0.7604
0.747294
0.737464
0.733257
0.735585
0.743523
0.755115
0.768414
0.781966
0.794699
0.805725
0.81422
0.819605
0.821658
0.820677
0.817518
0.813523
0.810155
0.808451
0.808563
0.809833
0.81125
0.81199
0.811998
0.811928
0.812757
0.815116
0.818882
0.823172
0.826734
0.828574
0.828276
0.826066
0.822485
0.818109
0.81349
0.809136
0.805476
0.802829
0.801455
0.801605
0.803539
0.807541
0.813763
0.822046
0.831815
0.841928
0.85088
0.85722
0.859917
0.858679
0.854026
0.847283
0.84034
0.83519
0.833364
0.835399
0.840542
0.84706
0.852896
0.856469
0.857089
0.855042
0.851113
0.846146
0.840522
0.83407
0.826358
0.817029
0.806263
0.794863
0.784023
0.775093
0.769217
0.767079
0.768763
0.773631
0.780521
0.788182
0.795632
0.802152
0.807065
0.809453
0.808227
0.802417
0.791661
0.77664
0.759276
0.742215
0.728258
0.71972
0.717987
0.723554
0.736102
0.754653
0.777823
0.803839
0.830547
0.855562
0.876608
0.891814
0.8999
0.900464
0.894094
0.88245
0.86803
0.853594
0.841428
0.832839
0.828055
0.826613
0.82775
0.830711
0.834951
0.839985
0.845343
0.85061
0.855491
0.859887
0.86379
0.866934
0.868638
0.86778
0.863189
0.854033
0.840309
0.822983
0.803937
0.785697
0.770491
0.759274
0.751365
0.745301
0.740158
0.735993
0.733607
0.733838
0.737131
0.743492
0.752462
0.763166
0.774414
0.785004
0.794074
0.801548
0.808117
0.814789
0.822347
0.830936
0.840241
0.84988
0.859589
0.868995
0.877428
0.883941
0.887446
0.887129
0.882683
0.874483
0.863513
0.850946
0.837666
0.823802
0.808966
0.792839
0.775852
0.759233
0.744416
0.732569
0.724479
0.72095
0.722788
0.730332
0.743099
0.759762
0.7785
0.797535
0.815343
0.830736
0.842776
0.850794
0.854439
0.85388
0.849794
0.843209
0.835219
0.826778
0.818564
0.811144
0.804963
0.800313
0.797194
0.795351
0.79452
0.79451
0.795416
0.797627
0.80187
0.809073
0.819902
0.834431
0.851902
0.870841
0.889499
0.905988
0.918291
0.924584
0.923903
0.916556
0.903994
0.888238
0.871053
0.853564
0.836243
0.819258
0.802939
0.78802
0.775318
0.765303
0.758049
0.753291
0.750597
0.749515
0.74981
0.751632
0.755433
0.7615
0.769775
0.780039
0.792288
0.806749
0.82356
0.842268
0.861728
0.880229
0.895744
0.906342
0.910339
0.906701
0.895347
0.877334
0.854722
0.830243
0.806947
0.787796
0.7752
0.770604
0.774227
0.784892
0.800118
0.816506
0.830701
0.840269
0.844264
0.843094
0.837895
0.829777
0.819591
0.807826
0.79484
0.78114
0.767572
0.755349
0.745866
0.740337
0.739396
0.742833
0.749653
0.75865
0.76895
0.780346
0.793064
0.807172
0.822184
0.836955
0.850011
0.859918
0.865661
0.86679
0.863395
0.856061
0.845758
0.833809
0.821762
0.811122
0.803233
0.799034
0.799002
0.803281
0.811643
0.823512
0.838073
0.854271
0.870795
0.886142
0.898709
0.907009
0.909908
0.906823
0.897698
0.882963
0.863359
0.840011
0.814399
0.788262
0.763473
0.741889
0.725141
0.714295
0.709435
0.709733
0.714027
0.721521
0.732065
0.745849
0.762838
0.782385
0.803346
0.824373
0.844155
0.861282
0.874337
0.881827
0.882439
0.875329
0.860442
0.838805
0.812548
0.784574
0.75808
0.736046
0.721088
0.715513
0.721326
0.739362
0.768026
0.802931
0.837941
0.867225
0.887084
0.896635
0.89744
0.892542
0.885242
0.878101
0.872429
0.868385
0.865363
0.8626
0.859593
0.856366
0.853263
0.850728
0.849144
0.848871
0.850002
0.851958
0.853474
0.852744
0.848233
0.839506
0.827549
0.814511
0.802835
0.794211
0.788952
0.78616
0.78459
0.783586
0.783405
0.785113
0.789833
0.797937
0.808537
0.81953
0.828291
0.832558
0.831083
0.823783
0.811537
0.795688
0.77772
0.759056
0.74122
0.72573
0.714147
0.708151
0.709505
0.719826
0.73981
0.768181
0.801416
0.834743
0.863797
0.8857
0.899504
0.905989
0.907041
0.904904
0.901187
0.896435
0.889881
0.880003
0.865279
0.845105
0.820404
0.794114
0.770964
0.7561
0.752948
0.761678
0.779527
0.802189
0.825265
0.844926
0.858331
0.864022
0.862357
0.855483
0.84666
0.839139
0.834785
0.833558
0.834246
0.835492
0.836477
0.837015
0.837482
0.838536
0.840886
0.844887
0.850264
0.856027
0.86062
0.862653
0.861416
0.857059
0.85047
0.842827
0.835142
0.827968
0.821125
0.813909
0.805496
0.795565
0.784547
0.773461
0.763282
0.754484
0.746845
0.739793
0.732858
0.725999
0.719747
0.715143
0.713421
0.715638
0.722405
0.733898
0.749863
0.769802
0.792806
0.817397
0.841582
0.862945
0.87917
0.888484
0.889884
0.883415
0.870131
0.851971
0.831324
0.810804
0.79298
0.780094
0.773755
0.77459
0.782025
0.794363
0.809163
0.823723
0.835714
0.843579
0.846836
0.846416
0.844717
0.844861
0.848915
0.856286
0.864084
0.869083
0.869072
0.863025
0.850689
0.832531
0.81002
0.786268
0.765844
0.753418
0.751421
0.758692
0.77126
0.784629
0.795558
0.802466
0.805208
0.804619
0.802154
0.799584
0.798658
0.80064
0.806041
0.814437
0.824523
0.834484
0.842551
0.847431
0.848797
0.847287
0.844333
0.841365
0.839081
0.83711
0.834389
0.829833
0.823001
0.814291
0.804834
0.796274
0.790463
0.789069
0.793238
0.803107
0.817535
0.834265
0.850536
0.864025
0.873612
0.879257
0.881442
0.880705
0.877492
0.872141
0.865011
0.856683
0.847867
0.839461
0.832205
0.826358
0.821452
0.816557
0.810779
0.80371
0.795773
0.787978
0.781506
0.77733
0.776107
0.778149
0.78343
0.791518
0.801448
0.812102
0.822579
0.832422
0.841423
0.849188
0.855036
0.858087
0.857739
0.85422
0.848882
0.843897
0.841475
0.842657
0.846595
0.850828
0.852088
0.847733
0.836598
0.81928
0.797872
0.775428
0.755188
0.739875
0.731221
0.729705
0.73467
0.744647
0.757657
0.771529
0.784273
0.794635
0.802642
0.809622
0.817383
0.826881
0.83751
0.847574
0.855618
0.861041
0.863819
0.86422
0.862911
0.861011
0.859758
0.859964
0.86164
0.86422
0.866825
0.868602
0.868957
0.86779
0.865806
0.864373
0.864772
0.867236
0.870635
0.873144
0.873207
0.870073
0.863895
0.855425
0.845573
0.835135
0.824586
0.81399
0.803119
0.791623
0.779258
0.765934
0.751991
0.738165
0.725546
0.715281
0.708231
0.70464
0.704226
0.706449
0.710813
0.716991
0.724707
0.733511
0.742719
0.751612
0.759748
0.767314
0.775086
0.784009
0.79474
0.807395
0.821515
0.836141
0.850114
0.862124
0.871038
0.876045
0.876807
0.873511
0.866725
0.857289
0.846273
0.835106
0.825469
0.818891
0.816307
0.8178
0.822715
0.829956
0.838268
0.846515
0.853731
0.858993
0.861385
0.859989
0.854317
0.844981
0.833764
0.823241
0.815599
0.812105
0.813209
0.818752
0.827827
0.838551
0.848161
0.853738
0.853082
0.845367
0.831179
0.812278
0.791282
0.771283
0.755418
0.746212
0.745053
0.751714
0.764562
0.781238
0.799309
0.816631
0.831525
0.842663
0.84914
0.85067
0.847872
0.842257
0.835922
0.830884
0.828495
0.829313
0.833136
0.839299
0.846746
0.85411
0.859849
0.862655
0.861752
0.857067
0.849102
0.838673
0.826441
0.812835
0.798138
0.782636
0.766872
0.751687
0.738283
0.728214
0.723242
0.725164
0.735173
0.753235
0.77785
0.806164
0.834812
0.860554
0.880708
0.893288
0.897492
0.894025
0.884943
0.872695
0.858689
0.843224
0.826702
0.810681
0.797663
0.790002
0.788857
0.793664
0.802455
0.812704
0.822291
0.830293
0.837008
0.843278
0.849436
0.854682
0.85771
0.857554
0.854113
0.847878
0.839482
0.82926
0.817229
0.803263
0.787462
0.7705
0.753918
0.73997
0.731425
0.730965
0.740391
0.759912
0.787704
0.819967
0.851997
0.879505
0.899576
0.91088
0.913476
0.908207
0.896371
0.879498
0.859431
0.838382
0.818984
0.803595
0.793564
0.788677
0.787348
0.78736
0.786756
0.784323
0.779675
0.773166
0.765734
0.758847
0.754119
0.752909
0.75621
0.765028
0.780392
0.802156
0.828077
0.854363
0.877404
0.894845
0.90579
0.910419
0.909682
0.905209
0.898822
0.892247
0.886738
0.882843
0.880415
0.878572
0.87599
0.871395
0.864044
0.85414
0.84268
0.831002
0.820238
0.811096
0.803846
0.798469
0.794618
0.791719
0.789147
0.786398
0.783299
0.779973
0.776759
0.774134
0.77252
0.771905
0.771779
0.77123
0.769276
0.765535
0.760388
0.754871
0.750296
0.747747
0.747839
0.750742
0.7563
0.764208
0.774034
0.785119
0.796645
0.807714
0.817626
0.826195
0.833929
0.841723
0.850246
0.859306
0.867812
0.874279
0.877576
0.877441
0.874351
0.86895
0.861598
0.852404
0.841605
0.830024
0.819066
0.810052
0.803757
0.800102
0.798246
0.797067
0.795672
0.793569
0.79049
0.78642
0.781715
0.777395
0.775046
0.776279
0.781972
0.791743
0.804002
0.816361
0.82659
0.833355
0.836496
0.837087
0.836917
0.837773
0.840657
0.845512
0.851438
0.857244
0.86196
0.864899
