1.12574
1.13607
1.15208
1.1738
1.2002
1.22889
1.2567
1.28049
1.29784
1.30748
1.30926
1.30401
1.29318
1.27869
1.26269
1.24733
1.23459
1.22623
1.22366
1.22753
1.23734
1.25126
1.26641
1.27956
1.28818
1.29095
1.28812
1.28111
1.27194
1.26273
1.25544
1.25158
1.25179
1.25578
1.26228
1.26915
1.27412
1.27519
1.27114
1.26191
1.24854
1.23295
1.21737
1.2039
1.19407
1.18889
1.18896
1.19437
1.20416
1.21593
1.22606
1.23053
1.22637
1.2127
1.19095
1.16448
1.13738
1.11345
1.09564
1.0861
1.08647
1.09777
1.11975
1.15047
1.18649
1.22364
1.25799
1.28674
1.30855
1.32322
1.33109
1.33256
1.32773
1.31675
1.30025
1.27958
1.25665
1.23361
1.21261
1.19547
1.18346
1.17704
1.17558
1.17751
1.18097
1.18476
1.18895
1.19484
1.204
1.21729
1.23433
1.25322
1.27105
1.28475
1.2921
1.29253
1.28701
1.27752
1.26597
1.25332
1.23942
1.22352
1.20496
1.18363
1.16037
1.13707
1.11652
1.10206
1.09671
1.10212
1.11783
1.14134
1.16878
1.19631
1.22106
1.24162
1.25799
1.27093
1.28118
1.28901
1.29425
1.29656
1.29576
1.29256
1.28845
1.28522
1.28367
1.28309
1.28175
1.27833
1.27304
1.26759
1.26376
1.26148
1.25857
1.25208
1.24044
1.22412
1.20533
1.1872
1.17301
1.16567
1.16715
1.17819
1.198
1.22441
1.25426
1.284
1.31018
1.3299
1.34106
1.34237
1.33361
1.31583
1.29111
1.26245
1.23307
1.20576
1.18255
1.16458
1.15248
1.14667
1.14728
1.15382
1.16493
1.17811
1.19011
1.19786
1.19909
1.19299
1.18037
1.16344
1.14568
1.13148
1.12497
1.12841
1.14126
1.16064
1.18313
1.20587
1.22677
1.2444
1.25772
1.26601
1.26873
1.26539
1.25581
1.24074
1.22225
1.20359
1.18849
1.18035
1.18157
1.193
1.21345
1.23964
1.26698
1.2909
1.30808
1.31706
1.31833
1.31419
1.308
1.30323
1.302
1.30423
1.30777
1.30954
1.30742
1.30107
1.29187
1.28226
1.27434
1.26908
1.26601
1.26384
1.26105
1.25669
1.25064
1.24338
1.2354
1.22687
1.21746
1.20664
1.19399
1.17955
1.16399
1.14858
1.13494
1.12468
1.11913
1.1193
1.12588
1.13922
1.15897
1.18387
1.21161
1.23905
1.26302
1.2812
1.29252
1.29716
1.29586
1.28956
1.27923
1.26617
1.25216
1.23914
1.2284
1.22018
1.21347
1.20643
1.19706
1.18409
1.1678
1.15024
1.13475
1.12505
1.12414
1.13322
1.15128
1.1753
1.20112
1.22484
1.24363
1.25611
1.26168
1.26025
1.25222
1.23874
1.22236
1.20696
1.19642
1.19295
1.19655
1.20566
1.21837
1.23307
1.24849
1.26358
1.27743
1.2892
1.29809
1.30355
1.3057
1.30564
1.30549
1.30752
1.31294
1.321
1.32932
1.33489
1.33531
1.32949
1.3177
1.30125
1.28193
1.26167
1.24255
1.22662
1.21541
1.20937
1.20755
1.20767
1.20685
1.20242
1.19268
1.17768
1.15929
1.14052
1.12423
1.11202
1.10395
1.09913
1.0968
1.09684
1.09969
1.10596
1.11599
1.12949
1.14545
1.16224
1.17812
1.19184
1.20308
1.21227
1.22046
1.22863
1.23747
1.24711
1.25714
1.26687
1.27586
1.2838
1.29007
1.2936
1.29312
1.28805
1.27879
1.26618
1.25085
1.23338
1.21455
1.19571
1.17904
1.16726
1.16308
1.16809
1.18212
1.20278
1.22605
1.24729
1.26261
1.26996
1.26941
1.26263
1.25213
1.2406
1.23045
1.22352
1.22078
1.22244
1.22822
1.23781
1.25068
1.26578
1.28139
1.29553
1.30646
1.31367
1.31797
1.32101
1.32439
1.32878
1.33326
1.33547
1.33225
1.32076
1.29963
1.2697
1.23412
1.19754
1.16491
1.14001
1.12498
1.12001
1.12349
1.13253
1.14394
1.15512
1.16445
1.17123
1.17511
1.17559
1.17247
1.16653
1.15992
1.15574
1.15665
1.16339
1.1745
1.18707
1.19818
1.20624
1.21127
1.21445
1.21727
1.22101
1.22627
1.23281
1.23947
1.24443
1.24608
1.24385
1.23825
1.23061
1.22241
1.21486
1.20848
1.20359
1.20058
1.20032
1.20395
1.21234
1.22576
1.24377
1.26517
1.28802
1.30991
1.32823
1.34062
1.34567
1.34333
1.3349
1.32209
1.30608
1.28713
1.26519
1.24122
1.21799
1.19968
1.19003
1.18961
1.19491
1.20038
1.20178
1.19813
1.19124
1.1835
1.17607
1.16844
1.15935
1.14823
1.13593
1.12476
1.11773
1.11749
1.12532
1.14066
1.16135
1.18434
1.20643
1.22466
1.23658
1.24044
1.23556
1.22264
1.20417
1.18439
1.16851
1.16134
1.16585
1.18214
1.20716
1.23521
1.25951
1.27415
1.27565
1.26392
1.2426
1.21834
1.19911
1.19147
1.19835
1.21853
1.24815
1.28278
1.31862
1.35296
1.38396
1.4105
1.43176
1.44701
1.45529
1.45537
1.44619
1.42757
1.40016
1.36515
1.32406
1.27883
1.23227
1.18795
1.14944
1.11936
1.09866
1.08692
1.08316
1.08658
1.09645
1.11167
1.13034
1.14969
1.16696
1.18037
1.18939
1.19465
1.19742
1.19907
1.2005
1.20189
1.20291
1.20323
1.20284
1.20195
1.20071
1.19908
1.19712
1.19542
1.19507
1.19709
1.20201
1.20941
1.21839
1.22824
1.23858
1.24928
1.26022
1.27051
1.27855
1.28241
1.28004
1.26996
1.25171
1.22623
1.196
1.16469
1.13628
1.11416
1.10057
1.09679
1.10344
1.12043
1.14663
1.17962
1.2159
1.25162
1.28357
1.30981
1.32945
1.34245
1.34923
1.35033
1.34667
1.33954
1.33021
1.3191
1.30538
1.28738
1.26369
1.23414
1.20028
1.16535
1.13373
1.11025
1.09913
1.10294
1.12197
1.15416
1.19546
1.24054
1.28386
1.32083
1.34877
1.36726
1.37725
1.37979
1.37516
1.36302
1.3432
1.31611
1.28285
1.24507
1.20483
1.16478
1.12816
1.09849
1.07912
1.07239
1.07908
1.09823
1.1272
1.16223
1.1991
1.23396
1.2638
1.28646
1.30028
1.30418
1.29804
1.28323
1.26255
1.23964
1.218
1.20014
1.18729
1.17969
1.17701
1.17869
1.1841
1.19251
1.20316
1.21544
1.22877
1.24263
1.25613
1.26799
1.27643
1.27969
1.27638
1.26592
1.24857
1.22546
1.19864
1.17112
1.14647
1.12838
1.11969
1.12158
1.13301
1.1508
1.17045
1.18727
1.19847
1.20511
1.21172
1.22256
1.23688
1.24968
1.25639
1.25621
1.25158
1.24593
1.24142
1.238
1.23416
1.22856
1.22101
1.21251
1.20453
1.19836
1.19473
1.19414
1.19707
1.20398
1.21489
1.22892
1.244
1.25757
1.26759
1.27316
1.27479
1.27402
1.27265
1.27193
1.27178
1.2707
1.26621
1.25557
1.23701
1.2106
1.17893
1.14717
1.12204
1.10982
1.11372
1.13248
1.16107
1.19334
1.22441
1.25132
1.27278
1.2886
1.29922
1.30575
1.30948
1.31146
1.31223
1.31183
1.30997
1.30628
1.30047
1.29231
1.28158
1.26811
1.25227
1.2351
1.21846
1.20494
1.19736
1.19807
1.20815
1.2267
1.25113
1.27758
1.30113
1.31693
1.32127
1.31287
1.29329
1.26657
1.23826
1.21382
1.19698
1.18857
1.18659
1.18769
1.18913
1.19017
1.19202
1.19715
1.20793
1.22517
1.24709
1.26967
1.2882
1.29893
1.30046
1.29378
1.28169
1.26783
1.25579
1.24839
1.24717
1.25189
1.26081
1.27137
1.28123
1.2888
1.29368
1.29586
1.29535
1.29172
1.284
1.27101
1.25225
1.2284
1.20144
1.17419
1.14948
1.12959
1.11617
1.1103
1.11241
1.12217
1.13834
1.15878
1.18068
1.20108
1.21733
1.22763
1.23112
1.22806
1.21962
1.20741
1.19319
1.17857
1.1651
1.15419
1.14696
1.14405
1.14547
1.15083
1.15944
1.17058
1.18335
1.19673
1.20984
1.2222
1.2339
1.24531
1.25653
1.26681
1.27499
1.28044
1.28369
1.28616
1.28914
1.29285
1.29644
1.29845
1.29736
1.292
1.2816
1.26581
1.24452
1.21821
1.18841
1.1584
1.13318
1.11864
1.11931
1.13653
1.16826
1.20994
1.25576
1.29968
1.33635
1.36162
1.3729
1.36952
1.3528
1.32593
1.29353
1.26104
1.2336
1.2147
1.20528
1.20358
1.20598
1.20867
1.20917
1.20669
1.2018
1.19545
1.18852
1.18161
1.17543
1.17092
1.16912
1.17099
1.17719
1.18797
1.20283
1.22064
1.23948
1.25711
1.27139
1.28047
1.28296
1.27792
1.2652
1.24579
1.22215
1.19798
1.17718
1.16262
1.15535
1.15474
1.15921
1.16707
1.17682
1.18707
1.19657
1.20428
1.20937
1.21148
1.2106
1.20715
1.202
1.19616
1.19038
1.1848
1.17866
1.17033
1.15803
1.14083
1.11947
1.0968
1.07723
1.06536
1.06442
1.07517
1.09595
1.12345
1.15377
1.18324
1.20895
1.22918
1.24411
1.25573
1.26698
1.2801
1.29539
1.31116
1.32458
1.33247
1.3321
1.32197
1.30239
1.27569
1.24587
1.21754
1.19486
1.18068
1.17622
1.18125
1.1945
1.21435
1.23925
1.26774
1.29799
1.32733
1.35253
1.37039
1.37835
1.37484
1.35956
1.3336
1.29966
1.2619
1.22519
1.19432
1.17295
1.16293
1.16444
1.17654
1.19746
1.22469
1.25492
1.28442
1.30948
1.32691
1.33424
1.33003
1.31404
1.28767
1.25373
1.21565
1.17693
1.14059
1.10893
1.08351
1.0655
1.056
1.05591
1.0655
1.08399
1.1094
1.13889
1.1696
1.19909
1.22545
1.24704
1.26196
1.2683
1.2647
1.25088
1.22804
1.19864
1.16612
1.13462
1.10836
1.09086
1.0843
1.08928
1.10508
1.13012
1.16237
1.19942
1.2386
1.27676
1.31064
1.33721
1.35412
1.36024
1.35575
1.34201
1.32118
1.29599
1.26949
1.24492
1.22558
1.21427
1.2126
1.22047
1.23607
1.25637
1.27787
1.29745
1.31283
1.32255
1.32572
1.32194
1.31123
1.29418
1.2723
1.24812
1.22496
1.20602
1.19342
1.1875
1.1871
1.191
1.19877
1.21051
1.22557
1.24219
1.25817
1.27181
1.2817
1.28643
1.28467
1.27561
1.25949
1.23797
1.21379
1.19025
1.17046
1.15668
1.14992
1.14983
1.1547
1.16214
1.16989
1.17692
1.18385
1.19234
1.20339
1.21611
1.22843
1.23832
1.24475
1.24786
1.24862
1.24858
1.24947
1.2527
1.25899
1.26813
1.27882
1.28879
1.2952
1.29537
1.28795
1.27346
1.25449
1.23494
1.21872
1.20848
1.20485
1.20654
1.21105
1.21578
1.21888
1.21987
1.21934
1.21859
1.21872
1.22035
1.22369
1.22842
1.23356
1.23752
1.23848
1.23608
1.233
1.23499
1.24659
1.26642
1.28765
1.30317
1.30888
1.30379
1.28895
1.26638
1.23876
1.20942
1.18204
1.16016
1.14631
1.14134
1.14424
1.1526
1.16346
1.17427
1.1834
1.19004
1.19386
1.19487
1.19339
1.19053
1.18818
1.18883
1.19486
1.20746
1.2257
1.24649
1.26562
1.27942
1.28592
1.28495
1.2775
1.26478
1.24815
1.22941
1.21095
1.19533
1.18465
1.18007
1.18165
1.18847
1.19901
1.21169
1.22506
1.23802
1.24986
1.26018
1.26895
1.27655
1.28365
1.29103
1.29906
1.30749
1.3152
1.32053
1.32164
1.31689
1.3052
1.28638
1.26129
1.23171
1.20039
1.17057
1.14566
1.12845
1.12055
1.12201
1.13146
1.14664
1.16516
1.18501
1.2047
1.22326
1.23984
1.25366
1.26412
1.27098
1.27476
1.27648
1.27719
1.27723
1.2759
1.27157
1.2622
1.24594
1.22178
1.19009
1.153
1.11463
1.08056
1.05676
1.04804
1.05667
1.08155
1.11855
1.16159
1.20407
1.24052
1.26755
1.28405
1.29073
1.28938
1.28208
1.27071
1.25702
1.24268
1.22969
1.22032
1.21697
1.22147
1.23429
1.25406
1.27781
1.30186
1.32282
1.33793
1.34531
1.34413
1.33481
1.31895
1.29871
1.27635
1.25358
1.23159
1.21107
1.19248
1.17627
1.16319
1.15435
1.15064
1.15207
1.15792
1.16719
1.17914
1.19317
1.20838
1.22334
1.23623
1.24521
1.24921
1.24824
1.24341
1.23635
1.22836
1.2197
1.20969
1.1974
1.18256
1.16616
1.15052
1.13877
1.13386
1.13733
1.14861
1.1654
1.18463
1.20356
1.22058
1.23504
1.24687
1.25599
1.26208
1.26504
1.26539
1.26412
1.26225
1.25998
1.25649
1.2504
1.24087
1.2284
1.21507
1.20391
1.19797
1.19923
1.2079
1.22233
1.23963
1.25627
1.26891
1.27521
1.27429
1.2672
1.25689
1.24763
1.24363
1.24718
1.25739
1.27041
1.28139
1.28643
1.28399
1.27511
1.2628
1.2507
1.24151
1.23588
1.23245
1.22863
1.2219
1.21076
1.19505
1.17583
1.15472
1.13339
1.11314
1.09492
1.07965
1.06863
1.06372
1.06733
1.08168
1.10794
1.14515
1.18995
1.23704
1.28034
1.31435
1.33522
1.34119
1.33269
1.31216
1.28384
1.25312
1.2258
1.20688
1.19929
1.20288
1.21445
1.22883
1.24092
1.24761
1.24916
1.24922
1.25313
1.26475
1.28403
1.30707
1.32828
1.34265
1.34713
1.34063
1.32352
1.29749
1.26533
1.23085
1.19851
1.17245
1.15539
1.14803
1.14948
1.15836
1.17378
1.19543
1.22267
1.25399
1.28678
1.31761
1.34271
1.35857
1.36252
1.35345
1.33219
1.30185
1.26701
1.23269
1.20294
1.17977
1.16318
1.15206
1.14531
1.14239
1.14301
1.14654
1.15154
1.15608
1.15883
1.16003
1.16155
1.16569
1.17387
1.18608
1.20116
1.21769
1.23438
1.25015
1.26447
1.27703
1.28747
1.29518
1.29954
1.30026
1.29791
1.29356
1.28845
1.28356
1.27952
1.27649
1.27412
1.27162
1.2681
1.26274
1.25508
1.24523
1.23365
1.22074
1.20654
1.19052
1.1719
1.15087
1.12955
1.11237
1.10501
1.11167
1.13266
1.16407
1.19977
1.2338
1.26182
1.28163
1.29303
1.2975
1.29745
1.29519
1.292
1.28749
1.28029
1.26921
1.2545
1.23844
1.22421
1.21443
1.21062
1.2136
1.22381
1.24062
1.26216
1.28526
1.3061
1.32096
1.32675
1.32173
1.30618
1.28266
1.25519
1.22808
1.20459
1.18663
1.17504
1.1702
1.17253
1.18241
1.19958
1.22244
1.24794
1.27198
1.29034
1.29952
1.29729
1.28347
1.26017
1.23178
1.20391
1.18155
1.16733
1.16105
1.16063
1.16368
1.1687
1.17504
1.18251
1.19069
1.19867
1.20549
1.21055
1.21396
1.2166
1.21968
1.2243
1.23103
1.23959
1.24889
1.2573
1.26305
1.2649
1.26257
1.25698
1.25013
1.24457
1.24254
1.24537
1.25354
1.26663
1.28325
1.3009
1.31648
1.32738
1.33233
1.33133
1.32525
1.31512
1.30182
1.2863
1.27009
1.25509
1.2428
1.23337
1.22534
1.21646
1.20477
1.18939
1.17076
1.15037
1.13052
1.11405
1.10381
1.102
1.10937
1.12475
1.14527
1.16726
1.18731
1.20317
1.21406
1.22049
1.22358
1.22448
1.22405
1.22273
1.22083
1.21879
1.21705
1.21586
1.21555
1.2167
1.21995
1.22569
1.23337
1.24134
1.24718
1.24898
1.24627
1.24012
1.2327
1.22589
1.22047
1.21625
1.21293
1.21104
1.21213
1.21802
1.22962
1.24606
1.26481
1.28263
1.29674
1.30556
1.30878
1.30723
1.30212
1.2944
1.28437
1.27179
1.25637
1.23855
1.22008
1.20397
1.19393
1.19319
1.20335
1.22354
1.25061
1.27984
1.30591
1.32413
1.33137
1.32661
1.31105
1.28797
1.26184
1.23697
1.21645
1.20097
1.189
1.17777
1.1647
1.14866
1.13059
1.11324
1.10028
1.09515
1.09983
1.11437
1.137
1.16482
1.19452
1.2229
1.24728
1.26583
1.27754
1.28233
1.2808
1.27404
1.26354
1.25102
1.23823
1.22667
1.21744
1.21129
1.2089
1.21067
1.21655
1.22597
1.23761
1.2497
1.26049
1.26868
1.27386
1.27648
1.2776
1.27842
1.27959
1.28083
1.28119
1.27957
1.27528
1.26848
1.26004
1.25131
1.24358
1.23771
1.23372
1.2309
1.22804
1.22419
1.21928
1.21433
1.21122
1.21179
1.21719
1.22725
1.24048
1.25432
1.26576
1.27203
1.27115
1.26278
1.24837
1.23088
1.21401
1.20143
1.19604
1.19943
1.21132
1.22921
1.24871
1.26468
1.27291
1.27123
1.25992
1.24138
1.21928
1.19779
1.18062
1.17003
1.16646
1.16858
1.17433
1.18209
1.19111
1.2011
1.21122
1.21975
1.22464
1.2246
1.21967
1.21133
1.20177
1.19341
1.18803
1.18639
1.18822
1.19264
1.19843
1.20424
1.20909
1.21267
1.21548
1.21862
1.22343
1.23096
1.24155
1.25451
1.26821
1.28028
1.28822
1.29048
1.28695
1.27895
1.26833
1.25699
1.24629
1.2375
1.23215
1.23209
1.23876
1.25221
1.27045
1.28968
1.30552
1.31404
1.31284
1.30178
1.28304
1.26036
1.2377
1.21798
1.20267
1.19197
1.18519
1.18122
1.1791
1.17826
1.17858
1.18047
1.18457
1.1912
1.19957
1.20761
1.21269
1.21317
1.20936
1.20373
1.20015
1.20233
1.21204
1.22783
1.24586
1.26211
1.27424
1.28163
1.28489
1.28522
1.28344
1.27975
1.27401
1.26614
1.25654
1.24606
1.23608
1.22795
1.22257
1.22035
1.22115
1.22446
1.22947
1.23486
1.23897
1.24024
1.23773
1.23144
1.22201
1.21047
1.1978
1.18475
1.17203
1.16068
1.15237
1.14915
1.15311
1.16514
1.18423
1.20749
1.23112
1.25179
1.26764
1.27854
1.28551
1.28987
1.29242
1.29316
1.29165
1.28771
1.28205
1.27621
1.27183
1.26972
1.26932
1.26923
1.268
1.26485
1.25986
1.25406
1.24898
1.24588
1.2451
1.24583
1.24639
1.24522
1.24189
1.23737
1.23341
1.23165
1.23262
1.23543
1.23843
1.23977
1.23819
1.23347
1.22656
1.21927
1.21339
1.20956
1.20692
1.20345
1.19685
1.18548
1.16911
1.14926
1.12933
1.11381
1.10682
1.11048
1.12423
1.1456
1.17142
1.19864
1.22463
1.247
1.26359
1.27281
1.27403
1.26793
1.25674
1.24404
1.23418
1.23109
1.23691
1.25119
1.27129
1.29328
1.313
1.32694
1.33306
1.33077
1.32058
1.30343
1.28044
1.25281
1.22215
1.19079
1.16166
1.13776
1.12135
1.11336
1.11321
1.1193
1.12978
1.14323
1.15922
1.17789
1.19917
1.22214
1.24499
1.26579
1.28318
1.29693
1.30777
1.31654
1.32364
1.32859
1.33017
1.32697
1.3179
1.30314
1.2844
1.26448
1.2459
1.22948
1.21396
1.19711
1.17739
1.15505
1.13213
1.11171
1.09678
1.08933
1.09007
1.0982
1.11206
1.12977
1.14977
1.17102
1.19279
1.21408
1.23315
1.24797
1.25671
1.25858
1.25378
1.24355
1.22994
1.21566
1.20358
1.19614
1.19482
1.19993
1.21066
1.22555
1.24279
1.26053
1.2771
1.29105
1.30117
1.30643
1.30621
1.30061
1.29045
1.27714
1.26224
1.2474
1.23394
1.22311
1.21603
1.2138
1.21717
1.22631
1.24032
1.25733
1.27491
1.29067
1.3027
1.30982
1.31149
1.30759
1.29829
1.28417
1.26634
1.24622
1.22531
1.20481
1.18551
1.16783
1.15197
1.13804
1.12617
1.11691
1.11116
1.11016
1.11518
1.12686
1.14462
1.16621
1.18805
1.20654
1.21932
1.22595
1.22774
1.22703
1.22636
1.22784
1.2328
1.24163
1.25379
1.26772
1.28111
1.29151
1.29716
1.29738
1.29261
1.28386
1.27221
1.25873
1.24465
1.23113
1.21888
1.20748
1.19598
1.18416
1.17322
1.16546
1.16344
1.1689
1.1821
1.20132
1.22308
1.24317
1.25784
1.26464
1.26278
1.25281
1.23603
1.21474
1.1928
1.17551
1.16831
1.1743
1.19238
1.21763
1.24343
1.264
1.27582
1.27816
1.27289
1.26365
1.25456
1.24892
1.24841
1.25286
1.26081
1.27039
1.27984
1.28794
1.2939
1.2973
1.2978
1.29478
1.28729
1.27433
1.25553
1.2318
1.20538
1.17956
1.15764
1.14219
1.13471
1.1355
1.14391
1.15857
1.17764
1.19929
1.22191
1.24413
1.26477
1.28281
1.29705
1.30601
1.30843
1.30411
1.29439
1.28137
1.26677
1.25144
1.23544
1.21922
1.20397
1.19161
1.18406
1.18273
1.18816
1.19982
1.2161
1.23449
1.25189
1.26532
1.27263
1.27281
1.26608
1.25373
1.23789
1.22117
1.20643
1.19614
1.19166
1.1929
1.19882
1.20817
1.21985
1.23263
1.24505
1.25521
1.26108
1.26084
1.25365
1.24015
1.22234
1.20289
1.18431
1.1682
1.15548
1.14673
1.14237
1.14298
1.1488
1.15957
1.17424
1.19092
1.20717
1.22047
1.22895
1.23187
1.22969
1.22395
1.21687
1.21068
1.20663
1.20453
1.20332
1.20215
1.2013
1.20209
1.20592
1.21342
1.22419
1.23724
1.25152
1.26638
1.28147
1.2964
1.31058
1.32316
1.33307
1.33916
1.34054
1.33659
1.327
1.31173
1.29118
1.26601
1.23713
1.20554
1.17276
1.14126
1.1149
1.09826
1.09502
1.10571
1.12679
1.15195
1.17466
1.19026
1.197
1.1954
1.18735
1.17516
1.16087
1.14621
1.13296
1.1234
1.12016
1.12534
1.13933
1.16031
1.18493
1.20963
1.2318
1.25011
1.26437
1.27489
1.28215
1.28648
1.28805
1.28706
1.28387
1.27925
1.27413
1.26927
1.2647
1.25967
1.25343
1.2461
1.23913
1.23503
1.23632
1.2444
1.25863
1.27623
1.29301
1.30448
1.30716
1.29967
1.28339
1.26262
1.24333
1.23125
1.22963
1.23886
1.25737
1.28246
1.31051
1.33709
1.35758
1.36794
1.36542
1.3487
1.3181
1.27533
1.22345
1.16644
1.10901
1.0563
1.01342
0.984736
0.972947
0.97838
0.998989
1.03119
1.07084
1.11415
1.15785
1.19925
1.23584
1.26531
1.28588
1.29665
1.29783
1.2909
1.27823
1.26259
1.24645
1.23168
1.21926
1.20955
1.20271
1.19872
1.19789
1.20061
1.20723
1.21779
1.2315
1.24672
1.26121
1.273
1.28114
1.28564
1.28706
1.28606
1.28356
1.28097
1.28018
1.28296
1.29044
1.30254
1.31775
1.33369
1.34753
1.3567
1.35922
1.35378
1.33969
1.31684
1.28577
1.24763
1.20467
1.16058
1.12044
1.09
1.07404
1.07416
1.08749
1.10772
1.12778
1.14235
1.14906
1.14812
1.14169
1.13282
1.12475
1.12036
1.12198
1.131
1.14768
1.1709
1.19819
1.22635
1.25212
1.27287
1.28671
1.29215
1.28784
1.27299
1.24826
1.21669
1.18348
1.15422
1.13285
1.12078
1.11795
1.12378
1.13718
1.15613
1.17778
1.19941
1.21903
1.2355
1.24821
1.25654
1.25978
1.25725
1.24878
1.23503
1.21803
1.20104
1.188
1.1824
1.18638
1.2006
1.22423
1.25516
1.29012
1.32478
1.35471
1.37659
1.38889
1.39167
1.38592
1.37289
1.35366
1.32904
1.30028
1.26918
1.23828
1.21075
1.18979
1.17832
1.17833
1.19011
1.21179
1.23951
1.26827
1.29294
1.30937
1.31496
1.30907
1.29277
1.26851
1.23916
1.20738
1.17508
1.14365
1.11429
1.08846
1.06841
1.05683
1.0559
1.0662
1.08615
1.11235
1.14038
1.16593
1.18556
1.1973
1.20104
1.19825
1.19148
1.1836
1.17718
1.17447
1.17734
1.18722
1.20472
1.22933
1.25945
1.29229
1.32453
1.35269
1.37366
1.38519
1.38609
1.37623
1.35626
1.32724
1.29118
1.2515
1.21261
1.17892
1.15402
1.1405
1.13951
1.15037
1.17045
1.19601
1.22312
1.24851
1.27001
1.28647
1.29764
1.30376
1.30538
1.30307
1.2971
1.28752
1.27443
1.25822
1.23983
1.22068
1.20253
1.1872
1.17617
1.17016
1.16944
1.17388
1.18296
1.19578
1.21079
1.22573
1.23795
1.24487
1.24493
1.23796
1.22569
1.21158
1.19978
1.19375
1.19464
1.20111
1.21025
1.21868
1.22351
1.22266
1.21518
1.20126
1.18233
1.161
1.14067
1.12466
1.11531
1.11367
1.11982
1.13326
1.15318
1.17856
1.20808
1.23982
1.27111
1.29853
1.3186
1.32851
1.32672
1.31332
1.28993
1.25954
1.22613
1.19412
1.1676
1.14973
1.14229
1.14552
1.15819
1.17779
1.20105
1.22442
1.24488
1.26039
1.27015
1.27464
1.27546
1.27467
1.27413
1.2748
1.2766
1.27885
1.28075
1.28195
1.28244
1.28219
1.28084
1.27743
1.2709
1.26062
1.24688
1.23109
1.21557
1.20325
1.19684
1.19799
1.20654
1.22068
1.23741
1.25332
1.26523
1.27073
1.26873
1.25962
1.24523
1.22806
1.21055
1.19495
1.18333
1.17751
1.1787
1.18694
1.20093
1.21826
1.23643
1.25366
1.2691
1.28264
1.29412
1.30283
1.30747
1.30635
1.29791
1.28134
1.25701
1.22673
1.19359
1.16121
1.13262
1.10965
1.09278
1.08179
1.07638
1.07655
1.08238
1.09356
1.10939
1.12883
1.15094
1.17506
1.20094
1.22848
1.2575
1.28732
1.31659
1.34344
1.36581
1.38178
1.39019
1.39086
1.38479
1.37375
1.35946
1.34322
1.32563
1.307
1.28771
1.26867
1.25088
1.23538
1.22328
1.21547
1.21188
1.21094
1.21013
1.207
1.20048
1.19113
1.18083
1.17197
1.1667
1.16674
1.17302
1.1852
1.20115
1.21763
1.23157
1.24148
1.24753
1.25072
1.2519
1.25104
1.24728
1.23955
1.22749
1.21198
1.19504
1.17925
1.16684
1.15895
1.15555
1.15564
1.15791
1.16122
1.16465
1.16753
1.16932
1.16971
1.16875
1.16703
1.16555
1.1655
1.16797
1.17379
1.18349
1.19706
1.21402
1.23388
1.2563
1.28077
1.30614
1.33074
1.35244
1.36924
1.37933
1.38134
1.37456
1.35914
1.33616
1.30776
1.27676
1.246
1.21765
1.19289
1.17193
1.15447
1.14043
1.13036
1.12547
1.1273
1.13694
1.15421
1.17676
1.19996
1.21837
1.22748
1.22525
1.21268
1.19311
1.17112
1.15111
1.13637
1.129
1.13031
1.14098
1.16105
1.18944
1.22392
1.26106
1.29662
1.32645
1.34747
1.35796
1.35768
1.34739
1.32859
1.30336
1.27444
1.2451
1.21896
1.19941
1.18858
1.18675
1.19215
1.20173
1.21228
1.22136
1.22753
1.23033
1.23002
1.22724
1.22302
1.21856
1.21486
1.21241
1.21103
1.2104
1.21027
1.21084
1.21292
1.21745
1.22507
1.23565
1.24819
1.26084
1.27152
1.27843
1.28049
1.27776
1.27139
1.26317
1.25479
1.24734
1.24121
1.23631
1.23235
1.22896
1.22538
1.22055
1.21316
1.20188
1.18595
1.16551
1.14187
1.11753
1.09601
1.08156
1.07839
1.08943
1.11503
1.15206
1.19479
1.23698
1.27361
1.30144
1.31909
1.32652
1.3247
1.31508
1.29931
1.27948
1.25832
1.23918
1.22554
1.21988
1.2225
1.23103
1.24095
1.24691
1.24464
1.233
1.2152
1.19796
1.18831
1.19017
1.20319
1.22435
1.24951
1.27414
1.29361
1.30407
1.30329
1.29138
1.27083
1.24602
1.22232
1.20468
1.19579
1.19503
1.19942
1.20576
1.21242
1.21947
1.22804
1.23938
1.25402
1.27131
1.28942
1.30568
1.31728
1.32201
1.31896
1.30875
1.29342
1.27614
1.26058
1.2499
1.24618
1.24992
1.26001
1.27397
1.28841
1.2998
1.30514
1.3025
1.29134
1.27211
1.24575
1.21328
1.17561
1.13423
1.09161
1.05145
1.01813
0.995685
0.986852
0.992542
1.01188
1.0424
1.08043
1.12183
1.16282
1.20081
1.23464
1.26389
1.28788
1.30527
1.31433
1.31382
1.30389
1.28606
1.26285
1.23727
1.21241
1.19072
1.17372
1.16174
1.15421
1.15044
1.15027
1.15435
1.16395
1.17991
1.20203
1.22872
1.25755
1.28594
1.31133
1.33113
1.34279
1.34442
1.33555
1.31761
1.29395
1.26917
1.24795
1.23397
1.22895
1.23251
1.24244
1.2555
1.26848
1.27896
1.28553
1.28769
1.28534
1.27837
1.26648
1.24934
1.22721
1.20151
1.17516
1.15207
1.13573
1.1276
1.12707
1.13259
1.14274
1.15646
1.17268
1.18978
1.20572
1.21832
1.22608
1.22852
1.22647
1.2217
1.21643
1.21247
1.21058
1.21046
1.21109
1.21145
1.21124
1.21101
1.21211
1.21592
1.22321
1.23361
1.24587
1.25821
1.2685
1.27459
1.27479
1.26842
1.25613
1.23972
1.22137
1.20302
1.18624
1.1726
1.16427
1.1637
1.17291
1.19238
1.22077
1.2551
1.29155
1.32639
1.35607
1.37752
1.38825
1.38654
1.37205
1.34602
1.31111
1.27107
1.23017
1.19226
1.16039
1.13652
1.12148
1.11524
1.11722
1.12655
1.14188
1.1612
1.18188
1.20086
1.21543
1.22367
1.22485
1.22006
1.21208
1.20478
1.2016
1.20439
1.21275
1.22448
1.23666
1.24686
1.25387
1.25795
1.2605
1.263
1.26595
1.26873
1.26997
1.26864
1.26462
1.25892
1.25323
1.24893
1.24635
1.24473
1.24278
1.23991
1.23696
1.2362
1.24005
1.24963
1.26419
1.28151
1.29884
1.31331
1.32216
1.32284
1.31319
1.29202
1.2596
1.21811
1.17137
1.12449
1.08331
1.0539
1.0417
1.05023
1.07934
1.12425
1.17678
1.22789
1.27008
1.29857
1.31144
1.3092
1.29439
1.27136
1.24556
1.22253
1.20637
1.19883
1.19955
1.20709
1.21947
1.23432
1.24877
1.25973
1.2645
1.26156
1.25093
1.23419
1.21407
1.19386
1.17662
1.16454
1.15858
1.15876
1.16433
1.17427
1.18745
1.20288
1.22003
1.23891
1.2597
1.28209
1.30498
1.32649
1.34472
1.35818
1.36612
1.36828
1.36473
1.35572
1.34151
1.32222
1.29808
1.2698
1.23867
1.20654
1.17543
1.14707
1.12263
1.10252
1.08662
1.07452
1.06597
1.06118
1.06072
1.06519
1.07462
1.08846
1.10574
1.12543
1.14655
1.16807
1.18903
1.20859
1.22641
1.24253
1.25707
1.26958
1.27915
1.28511
1.28744
1.28694
1.28508
1.28385
1.28523
1.29058
1.29977
1.31089
1.32095
1.3269
1.32666
1.31979
1.30754
1.29223
1.27654
1.2628
1.25265
1.2468
1.24524
1.24721
1.2515
1.25673
1.26146
1.26423
1.26352
1.25815
1.24757
1.23212
1.21327
1.19311
1.17358
1.15585
1.14026
1.1267
1.11486
1.10476
1.09693
1.09235
1.09201
1.0967
1.10681
1.12234
1.14283
1.16742
1.19455
1.22194
1.2471
1.26786
1.28298
1.29239
1.29672
1.29664
1.29236
1.28346
1.26932
1.24972
1.22534
1.19774
1.16923
1.14279
1.12199
1.11041
1.11074
1.12356
1.14722
1.17848
1.21354
1.24876
1.28111
1.30813
1.32806
1.3399
1.34341
1.33915
1.32856
1.31396
1.29815
1.28345
1.2705
1.25816
1.24469
1.22972
1.21473
1.2023
1.1946
1.19212
1.19351
1.19652
1.19915
1.20001
1.19835
1.19364
1.18558
1.17438
1.16115
1.14782
1.13686
1.13036
1.1294
1.13373
1.14182
1.15151
1.16092
1.16927
1.17731
1.18656
1.198
1.21122
1.22448
1.23585
1.24422
1.24953
1.25239
1.25367
1.25439
1.25559
1.25797
1.26167
1.26632
1.27088
1.27406
1.27474
1.27248
1.26776
1.26193
1.25646
1.25206
1.24839
1.24481
1.2411
1.2378
1.23593
1.23652
1.24023
1.24695
1.25563
1.26428
1.27049
1.27223
1.26824
1.25834
1.2432
1.22416
1.20302
1.18213
1.16428
1.15249
1.14948
1.15655
1.17283
1.19522
1.21955
1.24227
1.26147
1.27709
1.28992
1.30024
1.30716
1.30926
1.30534
1.29524
1.28004
1.26175
1.24291
1.22598
1.21276
1.20366
1.19777
1.19304
1.18715
1.17827
1.16572
1.14997
1.13232
1.1143
1.09733
1.08262
1.07122
1.06414
1.06241
1.06715
1.07924
1.09922
1.12697
1.1614
1.20007
1.23931
1.27484
1.30278
1.32034
1.32643
1.32164
1.30801
1.28838
1.26566
1.24232
1.2204
1.2018
1.1882
1.18099
1.18077
1.18701
1.19795
1.21123
1.22435
1.23534
1.24325
1.24889
1.25442
1.26231
1.27383
1.28848
1.30436
1.31915
1.33073
1.33711
1.33645
1.32774
1.31136
1.28938
1.26552
1.24426
1.22944
1.22299
1.22431
1.23057
1.23785
1.2423
1.24126
1.23382
1.22078
1.20417
1.18665
1.17056
1.15767
1.14922
1.14613
1.14925
1.15929
1.17654
1.20029
1.22877
1.25912
1.28787
1.31128
1.32591
1.32922
1.32014
1.29921
1.26844
1.2309
1.19012
1.14962
1.1125
1.0816
1.05939
1.04802
1.04922
1.06374
1.09017
1.12431
1.16067
1.19462
1.22356
1.24665
1.26404
1.27634
1.28439
1.2892
1.29176
1.29281
1.29268
1.29111
1.28734
1.28044
1.26989
1.25592
1.23955
1.22228
1.20587
1.19231
1.18374
1.18182
1.18695
1.19775
1.21153
1.22536
1.23686
1.24491
1.24969
1.25213
1.2535
1.25454
1.255
1.25379
1.24965
1.2422
1.23259
1.22298
1.2156
1.21184
1.21178
1.21497
1.22124
1.23079
1.24359
1.25855
1.27337
1.28508
1.29088
1.28904
1.27921
1.26234
1.2403
1.21529
1.18925
1.16371
1.14023
1.12161
1.11213
1.11568
1.13217
1.15656
1.18202
1.2038
1.22022
1.23137
1.23768
1.23923
1.23606
1.22861
1.2177
1.20423
1.18859
1.17074
1.15099
1.13062
1.11223
1.09912
1.09426
1.09934
1.11462
1.13916
1.17121
1.20834
1.24758
1.28569
1.31951
1.34638
1.36451
1.37328
1.37326
1.36613
1.35473
1.34246
1.33244
1.32679
1.32621
1.33019
1.33696
1.34369
1.34702
1.3438
1.33189
1.31057
1.28067
1.24437
1.20498
1.16614
1.13164
1.10514
1.08972
1.08739
1.09829
1.12032
1.14973
1.18204
1.21267
1.23755
1.25361
1.25896
1.25322
1.23744
1.21406
1.18647
1.15859
1.13419
1.11652
1.10792
1.10968
1.1221
1.14412
1.17309
1.20505
1.23555
1.26056
1.27708
1.28334
1.27881
1.26418
1.24131
1.21309
1.18306
1.15475
1.13119
1.11479
1.10734
1.10996
1.12286
1.14493
1.17334
1.20412
1.23304
1.25681
1.27376
1.28378
1.28816
1.289
1.28868
1.28941
1.29279
1.29991
1.31094
1.32526
1.3412
1.35579
1.3656
1.36732
1.35866
1.33899
1.30966
1.27419
1.2377
1.2056
1.18214
1.16954
1.16795
1.17617
1.19208
1.21311
1.2363
1.25844
1.2765
1.28804
1.29196
1.28863
1.27988
1.26832
1.25641
1.2459
1.23773
1.23224
1.22939
1.22863
1.22907
1.22937
1.22809
1.2243
1.21817
1.21096
1.20458
1.20064
1.19972
1.20149
1.20518
1.20985
1.21433
1.21743
1.21831
1.21727
1.21592
1.21669
1.22128
1.22941
1.23898
1.24721
1.2519
1.25199
1.24782
1.24105
1.23431
1.23014
1.22993
1.23309
1.23723
1.23925
1.23674
1.22881
1.21629
1.20156
1.18804
1.17932
1.17812
1.18519
1.19871
1.2148
1.229
1.23795
1.24045
1.23743
1.23176
1.22703
1.22636
1.23126
1.24171
1.25671
1.27475
1.29384
1.31097
1.32237
1.32458
1.31571
1.29647
1.27022
1.24208
1.21761
1.20108
1.19442
1.19683
1.20528
1.2157
1.22434
1.22843
1.22686
1.22013
1.20993
1.19844
1.18756
1.17851
1.17183
1.16783
1.16678
1.16904
1.17466
1.1834
1.19439
1.20632
1.21775
1.22775
1.23618
1.24352
1.25029
1.25643
1.26105
1.26269
1.25976
1.25108
1.23612
1.21524
1.18943
1.16026
1.12956
1.09936
1.07186
1.04986
1.03698
1.03724
1.05392
1.08801
1.13733
1.19668
1.25921
1.31791
1.36678
1.40157
1.41983
1.42089
1.40579
1.37713
1.33903
1.29669
1.25587
1.22187
1.19841
1.18702
1.18706
1.1962
1.21114
1.22842
1.24524
1.25966
1.27052
1.27709
1.27887
1.27579
1.26854
1.25852
1.24776
1.23821
1.23101
1.2263
1.22348
1.22184
1.22087
1.22024
1.21942
1.21807
1.21629
1.21465
1.21381
1.21399
1.21465
1.21445
1.2118
1.20562
1.19615
1.18493
1.17419
1.16578
1.16026
1.15667
1.15346
1.14957
1.14486
1.13995
1.13571
1.13344
1.13512
1.1428
1.1572
1.17701
1.19947
1.22179
1.24225
1.26048
1.27698
1.29215
1.30558
1.31606
1.32207
1.32269
1.31792
1.30858
1.29601
1.28177
1.2675
1.2547
1.24459
1.23768
1.23352
1.23078
1.22776
1.22274
1.21439
1.20207
1.18591
1.1671
1.14761
1.13003
1.11699
1.11078
1.11272
1.12285
1.13993
1.16191
1.18665
1.21224
1.23748
1.26141
1.28335
1.30275
1.31893
1.331
1.3377
1.33752
1.32911
1.31204
1.28726
1.25741
1.22634
1.19845
1.17782
1.16734
1.16791
1.17788
1.19363
1.21097
1.2267
1.23931
1.24865
1.25546
1.26081
1.26596
1.27207
1.28001
1.28989
1.30084
1.31115
1.31866
1.32125
1.3172
1.30586
1.28841
1.26786
1.24823
1.23317
1.22443
1.22147
1.22212
1.22414
1.22608
1.22726
1.22752
1.22654
1.22341
1.217
1.20647
1.1918
1.17382
1.15395
1.13388
1.11561
1.10156
1.09456
1.0976
1.11275
1.13985
1.17626
1.21742
1.25836
1.29473
1.32337
1.34225
1.35035
1.34758
1.335
1.31488
1.29014
1.26392
1.239
1.21747
1.20093
1.19026
1.18535
1.18524
1.18838
1.19333
1.19923
1.20602
1.21402
1.22332
1.23349
1.24361
1.25268
1.2599
1.26499
1.26812
1.26972
1.27025
1.26993
1.26858
1.26571
1.26098
1.25419
1.24543
1.23505
1.22375
1.2129
1.20471
1.20154
1.205
1.21513
1.2302
1.24721
1.26268
1.27342
1.27732
1.27392
1.26445
1.25131
1.23678
1.22189
1.20667
1.19117
1.17648
1.16468
1.1579
1.1572
1.16224
1.17138
1.18257
1.1939
1.20404
1.21222
1.21792
1.2209
1.22128
1.21966
1.21751
1.2169
1.21997
1.22794
1.24047
1.25539
1.26924
1.27864
1.28156
1.27772
1.26832
1.25548
1.24155
1.22859
1.21825
1.21155
1.20899
1.21077
1.2168
1.22642
1.23807
1.24938
1.25796
1.26192
1.26014
1.25255
1.23996
1.22388
1.20623
1.18911
1.17407
1.16187
1.15233
1.14474
1.13852
1.13384
1.13212
1.13583
1.14756
1.1688
1.19915
1.2361
1.27596
1.31446
1.34771
1.37267
1.38753
1.39185
1.38648
1.37327
1.35445
1.33237
1.30885
1.28521
1.26238
1.24099
1.22145
1.20407
1.18934
1.17792
1.1708
1.16857
1.17075
1.17547
1.18011
1.18233
1.18104
1.17639
1.1695
1.16175
1.15423
1.14725
1.14055
1.13367
1.12637
1.11868
1.11092
1.10351
1.09697
1.09226
1.0905
1.09274
1.09946
1.11094
1.12796
1.15197
1.18428
1.22446
1.26947
1.31424
1.35345
1.38285
1.39989
1.40396
1.39619
1.37897
1.35557
1.32969
1.30502
1.28468
1.27062
1.26334
1.26163
1.26324
1.26561
1.26643
1.26405
1.25732
1.24559
1.22894
1.20881
1.18803
1.17029
1.15881
1.15507
1.15852
1.16731
1.17893
1.19062
1.19983
1.20479
1.20499
1.2012
1.19501
1.18822
1.18235
1.17853
1.17778
1.18125
1.18966
1.20218
1.21606
1.22763
1.23397
1.23379
1.22779
1.21829
1.20845
1.20075
1.19623
1.19413
1.19301
1.19182
1.19044
1.1898
1.1912
1.19581
1.20394
1.21507
1.22813
1.24181
1.25491
1.26624
1.27481
1.27974
1.28059
1.27752
1.27118
1.26257
1.25274
1.2427
1.23335
1.2255
1.2195
1.21511
1.21178
1.20932
1.20813
1.20881
1.21177
1.21702
1.2243
1.23342
1.24413
1.25588
1.26776
1.27864
1.28764
1.29424
1.29855
1.30133
1.30389
1.3078
1.31439
1.32399
1.33529
1.34518
1.34952
1.34441
1.32761
1.29909
1.26107
1.21733
1.17206
1.1288
1.09045
1.06002
1.04107
1.0369
1.04892
1.07546
1.11203
1.15275
1.19203
1.22566
1.25109
1.26705
1.27296
1.26891
1.25569
1.23532
1.2111
1.18741
1.16892
1.15946
1.16129
1.17499
1.19964
1.23285
1.27112
1.31006
1.34482
1.37095
1.38491
1.38502
1.37172
1.34723
1.31462
1.27726
1.2389
1.20388
1.17673
1.16071
1.15638
1.16155
1.17254
1.18528
1.19616
1.20256
1.20331
1.1995
1.19482
1.19393
1.19984
1.21221
1.22867
1.24631
1.26241
1.27482
1.28259
1.2863
1.28754
1.28811
1.28915
1.29052
1.29083
1.28812
1.28067
1.2676
1.24929
1.2277
1.20621
1.18892
1.17929
1.17869
1.18573
1.19681
1.20774
1.21541
1.21852
1.21744
1.21355
1.20827
1.20248
1.19657
1.19092
1.18624
1.18326
1.18215
1.18198
1.1808
1.1764
1.16746
1.1547
1.1414
1.13309
1.13564
1.15224
1.18128
1.21694
1.25218
1.28115
1.30024
1.30784
1.30425
1.29094
1.27029
1.2456
1.22107
1.20174
1.19259
1.19665
1.21349
1.23907
1.26725
1.29196
1.30867
1.31496
1.31029
1.29563
1.27334
1.24646
1.21828
1.19153
1.16791
1.14807
1.13196
1.11959
1.11147
1.10873
1.11278
1.12417
1.1418
1.163
1.18495
1.20571
1.22439
1.24063
1.25453
1.26642
1.27683
1.2862
1.29515
1.30439
1.3147
1.32648
1.33913
1.35107
1.36015
1.36419
1.36141
1.35095
1.33319
1.30995
1.284
1.25847
1.236
1.21812
1.2052
1.19665
1.19137
1.18849
1.18746
1.18807
1.19007
1.19277
1.19484
1.1949
1.19205
1.18673
1.18105
1.17783
1.17932
1.18575
1.1951
1.20421
1.2106
1.21364
1.21455
1.21542
1.21806
1.22316
1.23015
1.23752
1.2435
1.24666
1.24624
1.24209
1.23456
1.22431
1.2119
1.19789
1.1827
1.16677
1.15057
1.13464
1.11975
1.1071
1.09861
1.09662
1.10336
1.12008
1.14626
1.17931
1.215
1.24861
1.27584
1.2938
1.3015
1.30005
1.29223
1.28184
1.2727
1.26767
1.26827
1.27466
1.2858
1.29981
1.31414
1.3257
1.33142
1.32874
1.31606
1.29325
1.26196
1.22583
1.19073
1.16405
1.15207
1.15695
1.17585
1.20259
1.23032
1.25276
1.26522
1.26539
1.25393
1.23438
1.21217
1.19294
1.18104
1.17861
1.18521
1.19843
1.21479
1.23073
1.24342
1.25126
1.2538
1.25151
1.2455
1.23702
1.2271
1.21621
1.20424
1.19081
1.17582
1.15999
1.14512
1.13377
1.12844
1.13061
1.14035
1.15655
1.17732
1.20025
1.22274
1.24256
1.25833
1.26951
1.27625
1.27901
1.27852
1.27561
1.27118
1.26595
1.26041
1.25467
1.2484
1.24091
1.23137
1.21899
1.20343
1.1853
1.16635
1.14948
1.13798
1.13453
1.14008
1.15332
1.17095
1.18886
1.20367
1.21352
1.21856
1.22046
1.22162
1.22402
1.22846
1.23428
1.23983
1.24339
1.24393
1.24156
1.23725
1.23224
1.22748
1.22341
1.22012
1.21737
1.21487
1.21223
1.20917
1.20558
1.20141
1.19671
1.1914
1.18533
1.17831
1.17043
1.16229
1.15496
1.14986
1.14829
1.15117
1.15896
1.17177
1.18935
1.21077
1.23446
1.25829
1.28
1.29755
1.30934
1.31435
1.31219
1.30322
1.28849
1.26966
1.24894
1.22918
1.2133
1.20366
1.20156
1.20682
1.21772
1.23153
1.24544
1.2574
1.26645
1.27282
1.27705
1.2791
1.27802
1.27241
1.26158
1.24617
1.22825
1.21084
1.1972
1.19022
1.19201
1.20322
1.22283
1.24819
1.27534
1.29955
1.31615
1.32188
1.3157
1.29959
1.27836
1.25809
1.24347
1.23613
1.23486
1.23721
1.24088
1.24421
1.24558
1.24344
1.23671
1.22528
1.21041
1.19474
1.18173
1.1745
1.17459
1.18093
1.19012
1.19772
1.2001
1.19561
1.18493
1.17052
1.15555
1.14301
1.13503
1.13255
1.13535
1.14228
1.15169
1.16209
1.17255
1.18296
1.1936
1.20474
1.21639
1.22833
1.24053
1.25304
1.26577
1.27799
1.28841
1.29564
1.29885
1.29813
1.29449
1.28951
1.28482
1.28146
1.27933
1.27697
1.27192
1.26164
1.24484
1.22278
1.20001
1.18379
1.18098
1.19433
1.22124
1.256
1.29252
1.32541
1.34991
1.36245
1.36126
1.34667
1.32099
1.2878
1.25125
1.21532
1.18314
1.15646
1.13598
1.12184
1.11432
1.11364
1.11952
1.13088
1.14608
1.1638
1.18319
1.2035
1.22329
1.24022
1.25158
1.25541
1.25126
1.24038
1.22568
1.21098
1.19979
1.19408
1.194
1.19808
1.20401
1.20941
1.2126
1.21303
1.21142
1.20942
1.20862
1.20956
1.21149
1.21327
1.21418
1.21445
1.21496
1.21684
1.22091
1.22723
1.23493
1.24254
1.24852
1.25184
1.25247
1.25141
1.25006
1.24976
1.25117
1.25415
1.2576
1.25992
1.25947
1.25501
1.24602
1.23283
1.21715
1.20237
1.19288
1.19215
1.2006
1.21527
1.23178
1.24609
1.25552
1.2589
1.25647
1.24985
1.24141
1.23315
1.22601
1.22019
1.21578
1.21332
1.21387
1.21823
1.22656
1.23795
1.25066
1.26257
1.27173
1.27673
1.27677
1.27156
1.26123
1.24622
1.2275
1.20646
1.18491
1.16468
1.147
1.13245
1.12108
1.11319
1.10952
1.11104
1.11832
1.13132
1.14937
1.17154
1.1968
1.22405
1.25212
1.27955
1.30432
1.32406
1.33688
1.34231
1.34168
1.33773
1.33317
1.32963
1.32747
1.32617
1.32469
1.32167
1.31573
1.30587
1.29171
1.27362
1.2523
1.22862
1.20355
1.17849
1.15537
1.13622
1.12259
1.11487
1.11239
1.11421
1.11991
1.12985
1.14458
1.16413
1.18751
1.21283
1.23759
1.25943
1.27645
1.2877
1.2934
1.29459
1.29277
1.28951
1.28603
1.28336
1.28234
1.28353
1.28691
1.29178
1.29694
1.3011
1.30311
1.30199
1.29704
1.28801
1.27515
1.25905
1.24047
1.22051
1.20078
1.18345
1.17051
1.16353
1.16318
1.16907
1.1798
1.19306
1.20609
1.21664
1.22379
1.22781
1.22978
1.23077
1.23191
1.23421
1.23848
1.24535
1.25512
1.26736
1.28094
1.29409
1.30468
1.31043
1.30947
1.30057
1.28365
1.26022
1.23326
1.20668
1.18409
1.16762
1.15752
1.15273
1.15159
1.15252
1.15404
1.15479
1.15355
1.14962
1.14308
1.13518
1.12848
1.12638
1.13221
1.14809
1.17382
1.20685
1.24276
1.27653
1.30379
1.32177
1.32947
1.32757
1.31792
1.30294
1.28498
1.26616
1.24833
1.23312
1.22186
1.21522
1.21299
1.21391
1.21638
1.21911
1.22187
1.22531
1.23058
1.23844
1.24869
1.25993
1.27016
1.27741
1.28055
1.27918
1.27342
1.26362
1.25035
1.23485
1.21949
1.20745
1.20172
1.20387
1.2134
1.22823
1.24554
1.26242
1.27656
1.28669
1.29271
1.29531
1.29575
1.29526
1.2944
1.29224
1.28694
1.27661
1.26024
1.23824
1.21237
1.18517
1.15951
1.13773
1.12148
1.1115
1.10783
1.11
1.11735
1.1291
1.14418
1.16122
1.17842
1.19383
1.20583
1.21318
1.21517
1.21162
1.20291
1.19016
1.17516
1.16019
1.14774
1.14
1.13844
1.14353
1.15517
1.17296
1.19666
1.22566
1.25831
1.29122
1.31998
1.34076
1.35186
1.35426
1.35105
1.34587
1.34152
1.33935
1.33934
1.34051
1.34193
1.34297
1.34324
1.34219
1.33879
1.33139
1.31822
1.29821
1.2716
1.24035
1.20787
1.17844
1.15586
1.1421
1.13689
1.13786
1.14164
1.1452
1.14684
1.14628
1.14431
1.14199
1.13999
1.13827
1.13652
1.13491
1.13446
1.13703
1.14433
1.15664
1.17239
1.18875
1.20271
1.21178
1.21479
1.21223
1.2067
1.2024
1.20368
1.21337
1.23148
1.2557
1.28283
1.31023
1.33609
1.35904
1.37741
1.38894
1.39122
1.38253
1.36273
1.33346
1.29779
1.25938
1.2214
1.18637
1.1566
1.13458
1.12263
1.12204
1.13249
1.15209
1.17757
1.20476
1.22951
1.24877
1.26107
1.2662
1.26441
1.25601
1.24205
1.2252
1.20988
1.20089
1.20089
1.20868
1.22018
1.23109
1.23873
1.24249
1.24331
1.24299
1.24355
1.24641
1.25175
1.25851
1.26501
1.27001
1.27294
1.27332
1.27012
1.2616
1.24617
1.22385
1.19728
1.17144
1.15205
1.14329
1.14571
1.15641
1.17102
1.18603
1.19997
1.21288
1.22538
1.23761
1.24903
1.25845
1.26466
1.2671
1.26604
1.26272
1.25868
1.25521
1.25309
1.25252
1.25312
1.25412
1.2545
1.25319
1.24936
1.24278
1.23385
1.22383
1.21451
1.20791
1.20583
1.20915
1.21727
1.22842
1.24027
1.25112
1.26013
1.26694
1.27071
1.26997
1.26354
1.25163
1.23629
1.22052
1.20694
1.19683
1.19025
1.1869
1.18686
1.19084
1.19966
1.21354
1.23148
1.25119
1.26945
1.28264
1.2875
1.28181
1.26475
1.23711
1.20144
1.16205
1.12453
1.0949
1.07824
1.07718
1.09116
1.11659
1.14812
1.18024
1.20856
1.23053
1.2455
1.25417
1.25789
1.25796
1.25527
1.25053
1.24445
1.23801
1.23258
1.22958
1.22995
1.23331
1.23768
1.2402
1.23853
1.23201
1.22216
1.21223
1.20596
1.20665
1.21615
1.23465
1.26064
1.29139
1.32368
1.35417
1.37981
1.39822
1.4082
1.40974
1.40394
1.39226
1.37605
1.35597
1.33223
1.30485
1.274
1.24039
1.20528
1.17059
1.13863
1.11165
1.09163
1.07996
1.07715
1.0826
1.09443
1.11007
1.12704
1.14368
1.15933
1.17382
1.18702
1.19862
1.20829
1.21567
1.22056
1.22281
1.2223
1.21897
1.21302
1.20517
1.1969
1.19041
1.18794
1.19069
1.19814
1.20822
1.21824
1.22587
1.22999
1.2313
1.23197
1.23444
1.24028
1.24951
1.2609
1.27282
1.2836
1.29169
1.29558
1.29406
1.28687
1.27528
1.26194
1.25032
1.24332
1.24261
1.24874
1.26153
1.27993
1.30171
1.32355
1.34159
1.35218
1.35238
1.34054
1.3167
1.28267
1.24181
1.19858
1.15786
1.12409
1.10026
1.08759
1.0855
1.09204
1.10468
1.12097
1.1386
1.15547
1.16959
1.17926
1.18342
1.18208
1.17636
1.16823
1.16012
1.15432
1.15269
1.15641
1.16566
1.17927
1.1949
1.20991
1.22238
1.23161
1.23793
1.242
1.24445
1.24583
1.24694
1.24894
1.25298
1.25967
1.26878
1.2791
1.28875
1.29594
1.29954
1.29946
1.29662
1.2925
1.28839
1.28511
1.28302
1.28221
1.2826
1.28373
1.2847
1.28419
1.28098
1.27421
1.26372
1.25009
1.23448
1.21838
1.20324
1.19005
1.17893
1.16903
1.15895
1.1475
1.13442
1.12053
1.1079
1.0995
1.09854
1.10722
1.12584
1.15292
1.18594
1.22212
1.25869
1.2931
1.32287
1.34571
1.35991
1.36454
1.35996
1.34778
1.3305
1.31104
1.29207
1.27549
1.26241
1.25322
1.24755
1.24453
1.24288
1.24136
1.23916
1.23631
1.23328
1.23033
1.22645
1.2194
1.20685
1.18761
1.16266
1.13511
1.1092
1.0891
1.07793
1.0773
1.08719
1.10631
1.13245
1.16281
1.19432
1.22412
1.24989
1.26967
1.28183
1.28528
1.27986
1.26684
1.24909
1.23052
1.21504
1.20548
1.20323
1.20829
1.2199
1.23712
1.25851
1.28175
1.3035
1.31993
1.32753
1.32416
1.30966
1.2862
1.25801
1.23054
1.20907
1.19704
1.19508
1.2012
1.21205
1.22441
1.2363
1.24734
1.2584
1.27106
1.28644
1.30446
1.32332
1.33993
1.35089
1.35369
1.3475
1.33316
1.31276
1.28877
1.2632
1.23716
1.211
1.18493
1.1594
1.13536
1.11445
1.0989
1.09132
1.09374
1.10651
1.12766
1.15323
1.17822
1.19802
1.20928
1.21049
1.2018
1.18454
1.16072
1.13282
1.1039
1.07778
1.05855
1.04981
1.05366
1.07003
1.09699
1.13153
1.17012
1.20904
1.24449
1.273
1.29211
1.30078
1.29991
1.29237
1.28222
1.2735
1.2689
1.26911
1.27306
1.27905
1.28599
1.29399
1.30379
1.31577
1.32886
1.34027
1.3467
1.34558
1.33562
1.31692
1.29072
1.25946
1.22673
1.19679
1.17374
1.16041
1.15727
1.16246
1.17301
1.18593
1.19879
1.2101
1.21913
1.22577
1.2304
1.23335
1.23481
1.23502
1.2344
1.23352
1.23323
1.23417
1.23662
1.24027
1.24419
1.24716
1.24826
1.24791
1.24819
1.25208
1.2615
1.27525
1.28894
1.29696
1.29487
1.28067
1.25513
1.22125
1.18368
1.14805
1.11981
1.103
1.09902
1.10676
1.12371
1.14717
1.17468
1.20389
1.2321
1.25655
1.27507
1.28641
1.2903
1.28714
1.27791
1.26408
1.24736
1.22942
1.21181
1.19596
1.18317
1.17465
1.17168
1.17529
1.18617
1.20438
1.22904
1.25805
1.28821
1.31585
1.33759
1.35095
1.3546
1.34821
1.33211
1.30753
1.27707
1.24514
1.21739
1.19902
1.19311
1.19973
1.21641
1.23916
1.26354
1.28537
1.30142
1.3097
1.30948
1.30126
1.2866
1.26756
1.24622
1.22418
1.20235
1.18126
1.16136
1.14326
1.12797
1.1167
1.11076
1.11098
1.11764
1.13044
1.14874
1.17154
1.19713
1.22298
1.2457
1.26166
1.26788
1.2629
1.24733
1.22407
1.19782
1.17398
1.15685
1.14852
1.14894
1.15722
1.17262
1.1943
1.22097
1.25073
1.28103
1.30932
1.33327
1.35118
1.36194
1.36486
1.35976
1.34723
1.32871
1.30657
1.28389
1.26403
1.25007
1.2441
1.2466
1.25576
1.26799
1.2792
1.28608
1.28687
1.28135
1.27028
1.25472
1.23556
1.21338
1.18855
1.16191
1.13493
1.10998
1.08977
1.07683
1.07282
1.07814
1.09176
1.11174
1.13557
1.16073
1.18501
1.20678
1.22513
1.23957
1.25001
1.25678
1.2604
1.26148
1.26057
1.25801
1.25401
1.2489
1.24339
1.23884
1.23675
1.23793
1.24177
1.2468
1.25175
1.25629
1.26066
1.26509
1.26907
1.27151
1.27115
1.26684
1.2577
1.24346
1.22458
1.20233
1.1792
1.15868
1.14465
1.13993
1.14486
1.15701
1.17246
1.18788
1.20171
1.21414
1.22618
1.23869
1.25186
1.26527
1.27807
1.28932
1.29792
1.30243
1.30136
1.2936
1.27931
1.2605
1.24075
1.22389
1.21248
1.20682
1.20507
1.2043
1.20155
1.19492
1.18401
1.16999
1.1553
1.14317
1.13681
1.13863
1.14964
1.16941
1.19618
1.22717
1.25927
1.28955
1.31567
1.33586
1.34891
1.35409
1.35088
1.33915
1.31948
1.29329
1.26268
1.23006
1.19784
1.16829
1.14377
1.12669
1.11941
1.12363
1.13967
1.16611
1.19984
1.2366
1.27187
1.3017
1.32325
1.33477
1.3356
1.32618
1.30798
1.28326
1.25499
1.22627
1.20016
1.17924
1.16528
1.15887
1.15928
1.16476
1.17333
1.18327
1.19372
1.20465
1.21621
1.22825
1.24007
1.25066
1.25898
1.26449
1.2674
1.26862
1.2693
1.27021
1.27137
1.27212
1.2716
1.26939
1.26587
1.2619
1.25825
1.25496
1.25112
1.24544
1.23709
1.2262
1.21392
1.20186
1.19176
1.18509
1.18264
1.18414
1.188
1.19172
1.19276
1.18969
1.1825
1.17242
1.16136
1.15102
1.14277
1.13741
1.13528
1.13637
1.14046
1.14726
1.15658
1.16852
1.1837
1.20302
1.2269
1.25465
1.28402
1.31196
1.33558
1.35292
1.36282
1.36463
1.35811
1.34368
1.32251
1.29672
1.26929
1.24379
1.2238
1.21182
1.20817
1.21092
1.21689
1.22307
1.22782
1.23124
1.23455
1.23894
1.24472
1.25116
1.25734
1.26255
1.26659
1.26929
1.2702
1.26845
1.26284
1.25238
1.23681
1.21705
1.19522
1.17423
1.15686
1.1447
1.13779
1.13492
1.13441
1.13491
1.13595
1.13813
1.14294
1.15228
1.16762
1.18929
1.21598
1.24502
1.27319
1.29766
1.3168
1.33037
1.33925
1.34467
1.34758
1.34814
1.34579
1.33965
1.32924
1.31493
1.29812
1.28103
1.26601
1.25463
1.24742
1.24366
1.24174
1.23953
1.23507
1.22727
1.21617
1.20285
1.18881
1.17526
1.16261
1.15074
1.13939
1.12902
1.121
1.11726
1.11935
1.12742
1.14006
1.15474
1.16889
1.18085
1.19061
1.19949
1.20952
1.22229
1.23806
1.25556
1.27253
1.28651
1.29555
1.2989
1.29695
1.2911
1.28306
1.27464
1.26739
1.26269
1.26189
1.26607
1.27494
1.28575
1.29375
1.29459
1.28667
1.27155
1.25293
1.2349
1.22058
1.21135
1.20648
1.2039
1.20171
1.19895
1.19565
1.19192
1.18744
1.18229
1.17773
1.17571
1.17759
1.18327
1.19119
1.19953
1.20712
1.21368
1.21961
1.22591
1.23421
1.2465
1.26425
1.28747
1.31425
1.34099
1.36352
1.37809
1.38221
1.37524
1.35814
1.33319
1.30348
1.27196
1.24097
1.21156
1.18379
1.15724
1.13192
1.10881
1.08969
1.07612
1.06824
1.06481
1.06476
1.06862
1.0789
1.09873
1.12983
1.1712
1.21899
1.26769
1.31161
1.34614
1.3682
1.37647
1.37145
1.35533
1.33161
1.3048
1.27984
1.26146
1.25392
1.26041
1.28098
1.31055
1.34016
1.36094
1.36762
1.35903
1.33693
1.30488
1.26764
1.23048
1.19836
1.17527
1.16326
1.16211
1.16956
1.18197
1.19529
1.20599
1.2116
1.21073
1.20297
1.18885
1.17003
1.14942
1.1311
1.11916
1.11624
1.12265
1.13664
1.15562
1.17716
1.19943
1.22101
1.24066
1.25713
1.26951
1.27747
1.28116
1.28115
1.27816
1.27282
1.26539
1.25596
1.24462
1.23168
1.21812
1.20574
1.19691
1.19391
1.19798
1.20894
1.22506
1.24354
1.26092
1.27353
1.27831
1.27346
1.25902
1.23693
1.21071
1.18498
1.16513
1.15662
1.16315
1.18437
1.21524
1.24801
1.27536
1.29261
1.29839
1.29379
1.28149
1.26506
1.2482
1.23439
1.22639
1.22545
1.23116
1.24138
1.25296
1.26241
1.26684
1.26449
1.25507
1.23995
1.22149
1.20254
1.18589
1.17367
1.16707
1.16619
1.17017
1.17779
1.18784
1.19903
1.20987
1.21844
1.22257
1.22026
1.21035
1.19293
1.16976
1.14407
1.12003
1.10177
1.09245
1.09361
1.1052
1.12607
1.15457
1.18902
1.22774
1.26866
1.30904
1.3457
1.37569
1.39659
1.40693
1.40611
1.39435
1.3725
1.34208
1.30518
1.2646
1.22385
1.18668
1.15647
1.13541
1.12431
1.12273
1.12942
1.14241
1.15929
1.17757
1.1951
1.21006
1.22104
1.22705
1.2279
1.2244
1.21839
1.21232
1.20826
1.20726
1.2092
1.21313
1.218
1.22307
1.22833
1.23457
1.24301
1.25465
1.26945
1.28643
1.30393
1.32007
1.33272
1.33956
1.33846
1.32809
1.30855
1.28157
1.25025
1.21811
1.18843
1.16374
1.14552
1.13402
1.12864
1.12831
1.13179
1.13738
1.14299
1.14639
1.14597
1.14125
1.13336
1.12484
1.11907
1.11915
1.12688
1.14204
1.16266
1.18561
1.20756
1.22582
1.23889
1.24662
1.24982
1.24981
1.24803
1.24596
1.24529
1.24766
1.25412
1.26449
1.27707
1.28901
1.29718
1.29927
1.29477
1.28523
1.27365
1.26317
1.25577
1.25151
1.24894
1.24625
1.24243
1.23752
1.23209
1.22691
1.22277
1.22061
1.22146
1.22601
1.23401
1.24396
1.25314
1.25855
1.25778
1.24948
1.23371
1.21166
1.18578
1.1599
1.13872
1.12654
1.12559
1.13495
1.15129
1.17055
1.18965
1.20689
1.22169
1.23422
1.24519
1.25541
1.26541
1.27507
1.28361
1.28982
1.29259
1.29118
1.28545
1.27572
1.26257
1.24679
1.22941
1.21163
1.19459
1.17919
1.16615
1.15627
1.15075
1.15102
1.15768
1.16954
1.1839
1.1977
1.20874
1.21636
1.22131
1.22561
1.23186
1.24225
1.2572
1.275
1.2925
1.30646
1.31466
1.31628
1.31168
1.3021
1.28923
1.27479
1.26001
1.2456
1.23187
1.21926
1.20869
1.20099
1.19631
1.19395
1.19254
1.19066
1.18706
1.18081
1.17137
1.15881
1.14414
1.12948
1.11787
1.11274
1.11698
1.13192
1.15671
1.18839
1.22291
1.25636
1.28587
1.30969
1.32701
1.33781
1.34275
1.34296
1.33967
1.33401
1.3266
1.31773
1.30751
1.29615
1.2841
1.27217
1.26145
1.25328
1.24892
1.24938
1.25494
1.26509
1.2783
1.29236
1.30459
1.31226
1.31297
1.30478
1.28643
1.25746
1.21863
1.17214
1.12184
1.07283
1.03021
0.998143
0.979344
0.975335
0.986628
1.01254
1.05066
1.09691
1.14646
1.19445
1.23697
1.2712
1.29543
1.30889
1.31174
1.30525
1.29185
1.27482
1.2574
1.24206
1.23006
1.22151
1.21564
1.21118
1.20644
1.1996
1.18913
1.1744
1.15627
1.13739
1.12175
1.11322
1.11395
1.12368
1.14042
1.16189
1.18617
1.21125
1.23489
1.25461
1.26837
1.27539
1.27649
1.27404
1.27131
1.27126
1.27557
1.28462
1.2975
1.3123
1.3265
1.3375
1.3434
1.34339
1.33813
1.32941
1.3196
1.31092
1.30487
1.30145
1.29944
1.29699
1.29251
1.28521
1.27484
1.2614
1.24467
1.22454
1.2014
1.17616
1.15026
1.12564
1.105
1.09115
1.08584
1.08839
1.09591
1.10479
1.11261
1.11905
1.12589
1.13549
1.14909
1.16562
1.18209
1.19512
1.20265
1.20449
1.20203
1.19745
1.19317
1.19145
1.19403
1.20165
1.21388
1.22924
1.24576
1.26139
1.27459
1.28469
1.29178
1.29662
1.30034
1.30407
1.30845
1.31339
1.31779
1.31963
1.31634
1.30544
1.28525
1.25574
1.21889
1.17831
1.13842
1.10315
1.07547
1.05767
1.05186
1.05969
1.08135
1.11456
1.15458
1.1955
1.23183
1.25957
1.27671
1.28285
1.27894
1.26685
1.24951
1.23075
1.21487
1.2055
1.20429
1.2104
1.22125
1.2341
1.24669
1.25732
1.2646
1.26705
1.26355
1.25357
1.23745
1.21671
1.19426
1.17433
1.16186
1.16112
1.17414
1.19955
1.23296
1.2684
1.29953
1.32114
1.33006
1.32574
1.30997
1.28619
1.25862
1.2313
1.20727
1.18824
1.17473
1.1668
1.16454
1.16811
1.17725
1.19089
1.20725
1.22435
1.24047
1.25418
1.26421
1.26944
1.26915
1.26355
1.25391
1.24242
1.2318
1.22438
1.22126
1.22207
1.2253
1.2289
1.23098
1.23013
1.22564
1.21746
1.20622
1.19299
1.17924
1.16664
1.15659
1.15003
1.14726
1.14828
1.1532
1.16229
1.17602
1.19467
1.21843
1.24707
1.27966
1.31401
1.34655
1.37308
1.38967
1.39365
1.38399
1.3613
1.32758
1.28573
1.23921
1.1918
1.14734
1.10952
1.08168
1.06632
1.06461
1.07591
1.09782
1.12656
1.15794
1.18838
1.21532
1.23745
1.25428
1.26571
1.27178
1.27277
1.26947
1.26363
1.25803
1.25631
1.2617
1.2752
1.29452
1.31461
1.32932
1.33346
1.32424
1.30175
1.26894
1.2311
1.19482
1.16631
1.14988
1.14695
1.15618
1.17461
1.19878
1.22532
1.25112
1.27347
1.29034
1.30049
1.30335
1.29875
1.28664
1.26736
1.24221
1.21394
1.18643
1.16347
1.14726
1.138
1.13446
1.13509
1.13881
1.14505
1.15342
1.1633
1.17388
1.18423
1.19332
1.20009
1.20362
1.20387
1.20201
1.2003
1.20143
1.20731
1.21844
1.23353
1.25015
1.26566
1.27834
1.28822
1.2969
1.3065
1.3183
1.33153
1.34368
1.35154
1.35229
1.34411
1.32644
1.29957
1.26486
1.2254
1.18636
1.15412
1.13409
1.1285
1.13569
1.15171
1.17241
1.19539
1.2199
1.2456
1.2711
1.29305
1.30685
1.30822
1.29503
1.26831
1.23196
1.19162
1.15316
1.12134
1.0997
1.09092
1.09677
1.11757
1.15138
1.19395
1.23942
1.28165
1.31548
1.33736
1.3458
1.34159
1.32717
1.30568
1.27997
1.25212
1.2244
1.20011
1.18305
1.1761
1.17965
1.19115
1.20628
1.22074
1.23152
1.23766
1.23986
1.23995
1.23977
1.24048
1.24228
1.2446
1.24673
1.24823
1.24918
1.25007
1.25137
1.25328
1.25542
1.25711
1.25768
1.25667
1.25398
1.25024
1.2465
1.24371
1.24226
1.24203
1.24262
1.24336
1.24323
1.24122
1.23688
1.23069
1.22419
1.21911
1.21675
1.21705
1.21851
1.2186
1.21469
1.20539
1.19124
1.17444
1.15835
1.14652
1.14192
1.14646
1.16049
1.18244
1.20848
1.23338
1.25208
1.26157
1.26192
1.25619
1.24928
1.24609
1.24946
1.2592
1.27267
1.2865
1.29787
1.3049
1.30654
1.3022
1.29173
1.27545
1.25431
1.22988
1.20439
1.1806
1.16131
1.14881
1.1441
1.14653
1.15362
1.16172
1.16719
1.16759
1.16235
1.15288
1.14195
1.13257
1.12715
1.12699
1.13218
1.14196
1.15517
1.17057
1.18731
1.20493
1.22332
1.24266
1.26321
1.28494
1.30719
1.3285
1.34678
1.3598
1.36571
1.36324
1.35202
1.33303
1.30849
1.28162
1.25583
1.23369
1.21634
1.20377
1.19502
1.18882
1.18413
1.18063
1.17885
1.17995
1.18489
1.19375
1.20533
1.21794
1.23006
1.24053
1.2482
1.25177
1.25018
1.2433
1.2321
1.21837
1.20427
1.19147
1.18096
1.17327
1.16885
1.16853
1.17359
1.18518
1.20364
1.22775
1.2547
1.28101
1.30304
1.31763
1.32226
1.3153
1.29637
1.26708
1.23128
1.19464
1.16365
1.14414
1.13989
1.1518
1.17791
1.21398
1.25468
1.29466
1.32941
1.35557
1.37104
1.37482
1.36685
1.34808
1.3207
1.28792
1.25347
1.22062
1.19118
1.16554
1.14345
1.1251
1.11155
1.10449
1.10558
1.11626
1.13719
1.16731
1.20336
1.2406
1.27434
1.30117
1.31944
1.32891
1.33059
1.32609
1.31734
1.30582
1.29218
1.27639
1.25855
1.23998
1.22366
1.21317
1.21033
1.2137
1.21979
1.2252
1.22762
1.22563
1.21849
1.2064
1.19102
1.17559
1.16425
1.16065
1.16657
1.18121
1.20157
1.22353
1.24291
1.2561
1.26071
1.25576
1.24179
1.22051
1.19482
1.16853
1.14597
1.13128
1.12744
1.13528
1.15342
1.17865
1.20704
1.23468
1.25809
1.2743
1.28109
1.27724
1.26293
1.24011
1.2125
1.18525
1.16381
1.15175
1.14941
1.15419
1.16238
1.17099
1.17851
1.18465
1.19
1.19557
1.20259
1.21254
1.22681
1.24625
1.27023
1.29648
1.32163
1.3425
1.35726
1.36585
1.36983
1.37132
1.37169
1.37088
1.36765
1.36055
1.34874
1.33202
1.31026
1.28331
1.25097
1.21347
1.17226
1.13034
1.0922
1.06296
1.04672
1.04511
1.05703
1.07951
1.10916
1.14283
1.17797
1.21274
1.24611
1.27782
1.30785
1.33591
1.36105
1.38155
1.3954
1.40091
1.39703
1.38352
1.36108
1.33114
1.29586
1.25834
1.22264
1.19337
1.17437
1.16718
1.17039
1.1802
1.19196
1.20191
1.20826
1.21123
1.2124
1.21366
1.21638
1.22075
1.22593
1.23046
1.2328
1.23196
1.22766
1.22047
1.21184
1.20393
1.19932
1.20017
1.20733
1.22003
1.23621
1.25317
1.26819
1.27882
1.28302
1.27931
1.2671
1.24725
1.22219
1.19569
1.17203
1.15521
1.14795
1.15074
1.16147
1.176
1.18941
1.19738
1.19717
1.18853
1.1735
1.15616
1.14148
1.13404
1.13659
1.14933
1.17032
1.19629
1.22356
1.24883
1.26951
1.28415
1.29218
1.29368
1.28903
1.27903
1.26505
1.24927
1.23455
1.22391
1.21991
1.22422
1.23718
1.25784
1.28402
1.3125
1.33934
1.36046
1.37246
1.37333
1.36277
1.34213
1.31397
1.28178
1.24953
1.22103
1.1991
1.18505
1.17895
1.17975
1.18545
1.19302
1.19914
1.20094
1.19686
1.18717
1.17422
1.16203
1.1548
1.15506
1.16251
1.17441
1.18771
1.2008
1.21422
1.22965
1.24826
1.26921
1.28973
1.30595
1.31445
1.31317
1.30195
1.28245
1.2577
1.23113
1.20558
1.18234
1.16108
1.14077
1.12094
1.10272
1.08923
1.08475
1.09297
1.11524
1.14972
1.19236
1.23857
1.28445
1.32726
1.36498
1.39596
1.41851
1.43054
1.42992
1.41518
1.38664
1.34698
1.3012
1.25525
1.21462
1.18288
1.16116
1.14862
1.14359
1.1443
1.14933
1.15762
1.16827
1.18029
1.19247
1.20338
1.21175
1.21688
1.2186
1.21733
1.21378
1.20886
1.20392
1.20067
1.2007
1.20458
1.21121
1.21816
1.22277
1.2232
1.21894
1.21087
1.201
1.19187
1.18589
1.18472
1.18909
1.19883
1.21318
1.23056
1.24859
1.26396
1.27328
1.27406
1.26543
1.24808
1.2241
1.19698
1.17171
1.15409
1.14883
1.1577
1.17909
1.20929
1.24392
1.27891
1.31079
1.33673
1.35466
1.36338
1.36256
1.35258
1.33433
1.30905
1.27831
1.2441
1.20891
1.17598
1.14961
1.13474
1.13522
1.15134
1.17907
1.21194
1.24384
1.27074
1.29082
1.30371
1.30961
1.30893
1.30227
1.29064
1.27536
1.25809
1.24045
1.22387
1.20946
1.19788
1.18926
1.18318
1.17875
1.17473
1.16988
1.16316
1.15385
1.14167
1.12685
1.11028
1.09343
1.07813
1.06621
1.05916
1.05808
1.06368
1.07623
1.09531
1.11978
1.14781
1.17736
1.20663
1.23456
1.26083
1.28527
1.30726
1.32575
1.33986
1.34951
1.35521
1.35727
1.35563
1.35023
1.34124
1.32875
1.31264
1.29277
1.26942
1.24365
1.21738
1.19298
1.17279
1.15846
1.15059
1.14865
1.15154
1.15798
1.16693
1.17761
1.18917
1.20056
1.21067
1.21852
1.22347
1.22533
1.22415
1.2203
1.21469
1.2087
1.20406
1.20219
1.20385
1.20865
1.2152
1.22154
1.22586
1.22698
1.22456
1.2191
1.21161
1.20315
1.19438
1.18521
1.17507
1.16364
1.15158
1.14082
1.13378
1.13248
1.13809
1.15065
1.16906
1.19101
1.21337
1.23292
1.24713
1.25454
1.2548
1.24875
1.23844
1.22707
1.21812
1.21457
1.21821
1.2296
1.24823
1.27238
1.29922
1.32521
1.34683
1.36149
1.36782
1.36571
1.35622
1.34136
1.3241
1.30792
1.29617
1.29121
1.29364
1.30223
1.31408
1.32529
1.33138
1.32812
1.31256
1.28437
1.24651
1.20475
1.16609
1.13615
1.11712
1.1071
1.10166
1.09621
1.08796
1.07677
1.06487
1.05574
1.05282
1.05822
1.07241
1.09418
1.12124
1.15096
1.18092
1.20914
1.23419
1.25536
1.27255
1.28599
1.2961
1.30303
1.3068
1.30767
1.30654
1.30504
1.30517
1.3084
1.31478
1.32296
1.33078
1.336
1.33683
1.33209
1.32134
1.30544
1.28734
1.27147
1.2618
1.25917
1.26045
1.26027
1.2538
1.23875
1.2155
1.1863
1.15456
1.12427
1.09934
1.08291
1.07657
1.07985
1.09042
1.10499
1.12077
1.13635
1.15227
1.17016
1.19141
1.21601
1.24219
1.267
1.28725
1.30023
1.30415
1.29832
1.28325
1.26089
1.23518
1.21212
1.19843
1.19825
1.21092
1.23161
1.25431
1.27411
1.28802
1.2947
1.29416
1.28709
1.2747
1.2586
1.24095
1.22447
1.21228
1.20714
1.21064
1.22263
1.24088
1.26132
1.27907
1.28985
1.29134
1.28376
1.26984
1.25398
1.2408
1.23392
1.23493
1.24318
1.25642
1.2718
1.28681
1.29976
1.30951
1.31497
1.31476
1.30754
1.2928
1.27153
1.24587
1.21869
1.1931
1.17222
1.15853
1.15343
1.1568
1.16695
1.18121
1.19645
1.20958
1.21788
1.21951
1.21386
1.20185
1.18587
1.16957
1.1573
1.15289
1.1581
1.17169
1.19019
1.21002
1.22899
1.24636
1.262
1.27553
1.28619
1.29323
1.2966
1.29712
1.29585
1.29352
1.29038
1.28647
1.28204
1.27728
1.27223
1.26668
1.26068
1.25506
1.25167
1.25338
1.2626
1.27905
1.29892
1.31677
1.32791
1.32958
1.32068
1.30127
1.27249
1.23653
1.19674
1.15723
1.12211
1.09496
1.07856
1.07465
1.08375
1.10454
1.134
1.16819
1.20329
1.23642
1.26574
1.29014
1.30888
1.32137
1.3271
1.32568
1.31684
1.30047
1.27664
1.24573
1.20898
1.16913
1.13058
1.09877
1.0789
1.07449
1.08622
1.11193
1.14745
1.18783
1.22845
1.26561
1.29672
1.32021
1.33514
1.34092
1.33746
1.32537
1.30604
1.28165
1.25495
1.22912
1.20734
1.19216
1.18483
1.18499
1.19086
1.20025
1.21136
1.22305
1.2348
1.24608
1.25591
1.26259
1.26382
1.25749
1.24266
1.22045
1.19418
1.16863
1.14855
1.13706
1.13506
1.14196
1.1569
1.17904
1.20713
1.23889
1.27098
1.29936
1.32017
1.3303
1.32807
1.31351
1.28838
1.25587
1.21999
1.18498
1.15498
1.13382
1.12412
1.1262
1.13818
1.15711
1.1799
1.20373
1.22618
1.24533
1.26025
1.27094
1.27784
1.28094
1.27934
1.27147
1.25619
1.23388
1.2069
1.17957
1.1571
1.14424
1.14376
1.1556
1.17733
1.20538
1.23618
1.2668
1.29488
1.31845
1.33604
1.34658
1.34964
1.34547
1.33526
1.32124
1.30609
1.29143
1.27685
1.26071
1.24186
1.2207
1.19938
1.18067
1.16699
1.15984
1.15971
1.16625
1.17823
1.19366
1.20985
1.22368
1.23219
1.23298
1.22472
1.20734
1.18222
1.15195
1.12004
1.09027
1.06613
1.05054
1.04577
1.05328
1.07331
1.10453
1.14398
1.18782
1.23211
1.27322
1.30791
1.33351
1.34835
1.35219
1.34647
1.33427
1.31981
1.30754
1.30101
1.30196
1.30988
1.3224
1.33628
1.34846
1.35667
1.3595
1.35618
1.34632
1.33031
1.30962
1.2867
1.26443
1.24548
1.23158
1.22327
1.21991
1.21973
1.22037
1.21939
1.21496
1.20597
1.19224
1.1742
1.15287
1.12982
1.10716
1.08765
1.07436
1.06982
1.07519
1.08942
1.10929
1.13032
1.14822
1.15999
1.16414
1.16075
1.15128
1.13858
1.1266
1.11987
1.12231
1.13601
1.16051
1.19329
1.23092
1.27003
1.30762
1.34101
1.36784
1.3864
1.39555
1.3948
1.38424
1.36462
1.33748
1.30518
1.27104
1.23913
1.21358
1.19755
1.19203
1.19525
1.20333
1.21173
1.21679
1.21698
1.2134
1.2094
1.20894
1.21472
1.22707
1.24416
1.2628
1.27944
1.29114
1.2963
1.29518
1.28928
1.28041
1.26948
1.25582
1.23776
1.21418
1.18604
1.15702
1.13296
1.12
1.12219
1.13946
1.16769
1.20067
1.23288
1.26126
1.28532
1.30586
1.32314
1.33585
1.34151
1.33783
1.32433
1.30287
1.27718
1.25133
1.22821
1.20871
1.19181
1.17576
1.15936
1.14285
1.12789
1.11684
1.11189
1.11449
1.12515
1.14337
1.16744
1.19469
1.22173
1.24525
1.26298
1.27411
1.27937
1.28058
1.28001
1.27952
1.28023
1.28238
1.28559
1.28922
1.29258
1.29512
1.29633
1.29577
1.29293
1.28732
1.27845
1.26602
1.24987
1.23001
1.20684
1.18168
1.15692
1.13585
1.12182
1.11715
1.12237
1.13612
1.1554
1.17632
1.19494
1.20826
1.21485
1.21514
1.21112
1.20563
1.2018
1.20224
1.20844
1.22024
1.23588
1.25238
1.26611
1.27376
1.27316
1.26382
1.24681
1.22453
1.20035
1.17834
1.16269
1.15723
1.16431
1.18398
1.21373
1.24889
1.28385
1.31324
1.33311
1.34148
1.33842
1.32568
1.30602
1.28259
1.25826
1.23536
1.21531
1.19846
1.18437
1.17185
1.15961
1.14659
1.13251
1.11793
1.10427
1.09337
1.08732
1.08789
1.09623
1.1124
1.1351
1.16193
1.18987
1.21592
1.23773
1.25383
1.26364
1.26718
1.26484
1.25742
1.24625
1.23343
1.22175
1.21384
1.2115
1.21537
1.22489
1.23889
1.2559
1.27429
1.2922
1.3073
1.31693
1.31908
1.31342
1.3021
1.28942
1.2799
1.27555
1.27502
1.27512
1.27304
1.26754
1.2588
1.24774
1.23548
1.22285
1.21036
1.19832
1.18719
1.17778
1.17113
1.16797
1.16843
1.17189
1.17712
1.18281
1.18783
1.19145
1.19323
1.19336
1.19292
1.1933
1.19552
1.19927
1.20293
1.20476
1.20432
1.20331
1.20498
1.21254
1.22741
1.24858
1.27333
1.29826
1.31971
1.33405
1.33798
1.32951
1.30918
1.28101
1.25171
1.22739
1.21059
1.20048
1.19524
1.19377
1.19568
1.20048
1.20733
1.21515
1.22281
1.22936
1.23423
1.23715
1.23816
1.23758
1.23611
1.23477
1.23481
1.23716
1.24176
1.24732
1.25171
1.25286
1.24916
1.23991
1.22527
1.20639
1.18548
1.16548
1.14949
1.14008
1.13859
1.14469
1.15653
1.17136
1.18649
1.19994
1.21075
1.21887
1.22474
1.22898
1.23202
1.234
1.23458
1.23307
1.22869
1.22094
1.21014
1.1975
1.18541
1.17725
1.1767
1.18657
1.20749
1.23729
1.27176
1.30588
1.33509
1.35598
1.36659
1.36658
1.35694
1.33946
1.31586
1.28748
1.25545
1.2211
1.18643
1.1542
1.12781
1.11066
1.10491
1.11059
1.12547
1.14577
1.16715
1.18571
1.19884
1.2055
1.20615
1.20248
1.19701
1.19228
1.19013
1.19104
1.19436
1.19894
1.2037
1.20842
1.2139
1.22156
1.23271
1.24777
1.26583
1.28487
1.30217
1.3149
1.3211
1.32007
1.31237
1.29927
1.28212
1.26222
1.24093
1.21975
1.20013
1.18309
1.16908
1.158
1.14941
1.14281
1.13796
1.13517
1.1351
1.13841
1.14522
1.15467
1.16517
1.17514
1.18385
1.19166
1.19966
1.20896
1.22023
1.23372
1.24941
1.26715
1.28652
1.30664
1.3261
1.3431
1.35565
1.36207
1.36145
1.35394
1.34066
1.32362
1.30541
1.28868
1.27539
1.26645
1.26152
1.25924
1.25779
1.25555
1.25166
1.24572
1.2374
1.22616
1.21139
1.19275
1.17082
1.14727
1.12449
1.10502
1.09058
1.08173
1.07791
1.07811
1.08163
1.08819
1.09773
1.11009
1.12466
1.14051
1.15642
1.1713
1.18436
1.19519
1.20387
1.21104
1.21773
1.22492
1.23366
1.24478
1.25895
1.27659
1.29755
1.32062
1.34344
1.36268
1.37492
1.37767
1.36989
1.35218
1.32616
1.29435
1.25949
1.22445
1.19198
1.16465
1.14459
1.13306
1.1303
1.13546
1.14703
1.1629
1.1806
1.19757
1.21147
1.22068
1.2245
1.22327
1.21831
1.21168
1.20588
1.20338
1.20605
1.21459
1.22834
1.24543
1.26309
1.27809
1.28774
1.29063
1.28708
1.27871
1.26735
1.25387
1.23835
1.22126
1.20436
1.19024
1.18108
1.17765
1.17912
1.18375
1.18998
1.19678
1.20369
1.21041
1.21656
1.22143
1.22416
1.22401
1.22079
1.21514
1.20868
1.20388
1.20375
1.21058
1.22465
1.24341
1.2621
1.27538
1.27908
1.27143
1.25336
1.22808
1.19993
1.17324
1.15148
1.13717
1.13216
1.13753
1.15303
1.17661
1.20432
1.23124
1.2528
1.26597
1.2701
1.26686
1.25942
1.25138
1.24583
1.24496
1.25011
1.2617
1.27901
1.29984
1.32066
1.33728
1.34604
1.34487
1.33375
1.31433
1.289
1.26032
1.23108
1.20429
1.18294
1.1692
1.16363
1.16497
1.17036
1.17593
1.17755
1.17175
1.15653
1.13232
1.10242
1.07281
1.05095
1.04354
1.05422
1.08263
1.12499
1.17566
1.22866
1.27868
1.3215
1.35399
1.37385
1.37985
1.37209
1.35241
1.32429
1.29199
1.25947
1.22931
1.20292
1.18135
1.16631
1.16047
1.16653
1.1855
1.21555
1.25218
1.28962
1.32243
1.3467
1.36051
1.36376
1.35766
1.34437
1.32647
1.3063
1.28554
1.26483
1.24405
1.22279
1.20097
1.1794
1.16003
1.14515
1.13608
1.13269
1.13382
1.13831
1.14583
1.1568
1.17162
1.19001
1.21056
1.23102
1.24856
1.2606
1.26557
1.26337
1.25541
1.24419
1.23255
1.22276
1.2156
1.21028
1.20496
1.19777
1.18783
1.1754
1.16167
1.14837
1.1374
1.13067
1.12971
1.13488
1.14565
1.16084
1.17925
1.19966
1.2207
1.24074
1.25824
1.27224
1.28276
1.29039
1.29587
1.29938
1.30037
1.29788
1.29107
1.28002
1.26624
1.25253
1.24232
1.23825
1.24131
1.25089
1.26521
1.28196
1.29887
1.31379
1.32473
1.32993
1.32803
1.31843
1.30151
1.2784
1.25052
1.21914
1.18526
1.15
1.11506
1.08311
1.05732
1.04076
1.03589
1.0442
1.06598
1.10004
1.14346
1.19189
1.24036
1.28415
1.31936
1.34326
1.35437
1.35272
1.33986
1.31886
1.29405
1.27007
1.25098
1.23902
1.23418
1.23467
1.23773
1.2408
1.2422
1.24146
1.23912
1.23633
1.2342
1.23353
1.23495
1.23868
1.24461
1.25212
1.26
1.26633
1.26855
1.26414
1.25132
1.22994
1.20202
1.17142
1.14328
1.12271
1.1134
1.11679
1.13174
1.15537
1.18409
1.21465
1.2443
1.27041
1.29049
1.30228
1.30447
1.29712
1.28163
1.26041
1.23633
1.21222
1.19049
1.17309
1.16145
1.15665
1.15949
1.17018
1.1882
1.21201
1.23939
1.26771
1.29438
1.31682
1.33255
1.33959
1.33709
1.32592
1.30863
1.28852
1.26859
1.25063
1.23491
1.22078
1.20745
1.19465
1.18249
1.17156
1.16275
1.1573
1.1566
1.16171
1.17284
1.18914
1.20856
1.22849
1.24631
1.26005
1.26872
1.27219
1.27099
1.26577
1.25711
1.24558
1.23193
1.21741
1.20365
1.19237
1.18496
1.18214
1.18379
1.18903
1.19623
1.20343
1.20877
1.21128
1.21112
1.20948
1.20763
1.20612
1.20466
1.20225
1.19806
1.19183
1.18411
1.17587
1.1685
1.16342
1.16178
1.16417
1.17046
1.18
1.19219
1.20678
1.224
1.24422
1.26743
1.29262
1.31756
1.33906
1.35355
1.35807
1.35074
1.33139
1.30147
1.26375
1.22183
1.17966
1.14101
1.10931
1.0874
1.07727
1.07963
1.09331
1.11588
1.14425
1.17545
1.20681
1.23585
1.26039
1.27877
1.29041
1.29596
1.29705
1.2959
1.29484
1.29608
1.30133
1.31135
1.32515
1.34001
1.35208
1.35748
1.35311
1.3373
1.31031
1.27421
1.23246
1.1893
1.14889
1.11487
1.0903
1.07757
1.07812
1.09194
1.11709
1.14991
1.18583
1.22059
1.2511
1.27563
1.29352
1.30485
1.31024
1.31073
1.30742
1.30147
1.29351
1.28348
1.27096
1.25586
1.23888
1.2216
1.20627
1.19504
1.18919
1.18874
1.19251
1.19878
1.20578
1.21215
1.21679
1.21896
1.21819
1.2142
1.20712
1.19774
1.18764
1.17869
1.17241
1.16942
1.16945
1.17199
1.17694
1.18484
1.1962
1.21125
1.22951
1.2498
1.27017
1.28809
1.30071
1.30541
1.30065
1.2862
1.2636
1.2363
1.20951
1.18893
1.17785
1.17488
1.17484
1.17244
1.16506
1.1532
1.13945
1.12718
1.11989
1.12098
1.13359
1.16
1.20057
1.25241
1.30943
1.36436
1.41065
1.44358
1.46024
1.45896
1.43928
1.40235
1.35136
1.29184
1.23111
1.17724
1.13714
1.11458
1.10912
1.1167
1.13154
1.14831
1.16373
1.17713
1.18953
1.20247
1.21654
1.23059
1.24238
1.2497
1.25117
1.2466
1.23676
1.22323
1.20824
1.19433
1.18408
1.17946
1.18138
1.18966
1.20288
1.21899
1.23564
1.25047
1.26118
1.26624
1.26531
1.25953
1.25111
1.24244
1.23518
1.22993
1.22625
1.22301
1.21864
1.21169
1.20135
1.18818
1.17443
1.16391
1.16103
1.16922
1.18929
1.21877
1.25283
1.28609
1.31419
1.33416
1.34423
1.34361
1.33273
1.31312
1.287
1.25697
1.22593
1.19688
1.17256
1.15488
1.14453
1.14078
1.14185
1.14559
1.15037
1.15564
1.16191
1.1703
1.18183
1.1971
1.21612
1.23842
1.26299
1.28826
1.31227
1.33297
1.34832
1.35627
1.35461
1.34109
1.31415
1.27383
1.2227
1.16578
1.10979
1.06198
1.02893
1.0154
1.02313
1.04999
1.09058
1.13787
1.18507
1.2266
1.25878
1.28002
1.29069
1.29255
1.28824
1.28082
1.27355
1.2693
1.26954
1.27358
1.27911
1.28347
1.28495
1.28315
1.27838
1.27106
1.26118
1.24837
1.23236
1.21373
1.19443
1.17766
1.16695
1.16499
1.17267
1.18906
1.21193
1.23836
1.2653
1.28982
1.30946
1.32245
1.32769
1.32478
1.31387
1.29569
1.27173
1.24435
1.21672
1.19236
1.17411
1.16361
1.1609
1.16483
1.17348
1.18487
1.19741
1.21006
1.22182
1.23145
1.23753
1.23887
1.23525
1.22736
1.21626
1.20265
1.18685
1.16918
1.15062
1.13323
1.11983
1.11308
1.11443
1.12382
1.14014
1.16173
1.18695
1.21429
1.24191
1.26755
1.28865
1.30301
1.30921
1.30687
1.29655
1.2794
1.25686
1.2306
1.20241
1.17434
1.14861
1.12754
1.11306
1.10644
1.10784
1.11658
1.1314
1.15097
1.17415
1.19991
1.22684
1.25278
1.27507
1.2914
1.30076
1.30381
1.30229
1.29795
1.29205
1.28587
1.2812
1.28006
1.28375
1.29236
1.30494
1.32012
1.33621
1.35114
1.36283
1.3694
1.3697
1.36347
1.35115
1.33359
1.31173
1.2867
1.25974
1.23247
1.20673
1.18404
1.16545
1.1513
1.14117
1.13405
1.12858
1.1236
1.11848
1.11345
1.1095
1.10819
1.11072
1.11732
1.12672
1.13631
1.14342
1.14662
1.14638
1.14486
1.14486
1.14876
1.15781
1.17209
1.19068
1.21201
1.23401
1.25453
1.27167
1.2843
1.29251
1.29758
1.3016
1.30653
1.31324
1.32136
1.32936
1.33519
1.337
1.3337
1.32505
1.31173
1.29526
1.27748
1.26003
1.24409
1.23023
1.21846
1.20857
1.20069
1.19547
1.19395
1.19726
1.20579
1.21887
1.23467
1.25028
1.26248
1.26848
1.26655
1.2567
1.24044
1.22055
1.2005
1.18368
1.17265
1.16822
1.16916
1.17281
1.17619
1.17707
1.17435
1.16777
1.15753
1.14404
1.12795
1.1103
1.09275
1.07758
1.06752
1.06519
1.07225
1.08882
1.11332
1.14273
1.17307
1.2006
1.2229
1.23971
1.25258
1.26306
1.271
1.27477
1.27297
1.26554
1.25424
1.24219
1.23314
1.23073
1.23733
1.2527
1.2738
1.2958
1.31421
1.32627
1.3312
1.3297
1.32297
1.31211
1.29798
1.28135
1.26336
1.24527
1.22826
1.21298
1.19932
1.18703
1.17643
1.16862
1.16487
1.16588
1.17127
1.18
1.19094
1.20336
1.21713
1.23244
1.24926
1.26673
1.28326
1.29685
1.30561
1.30834
1.3048
1.29571
1.28288
1.26874
1.25551
1.24406
1.2336
1.22242
1.20921
1.19367
1.17671
1.15997
1.14548
1.13538
1.13167
1.13599
1.14921
1.17084
1.19873
1.22957
1.25953
1.28502
1.30266
1.30956
1.30361
1.28434
1.25376
1.21638
1.17823
1.14497
1.12051
1.10671
1.10401
1.11175
1.12791
1.14914
1.17195
1.19407
1.21471
1.23375
1.25073
1.26463
1.27447
1.27981
1.28083
1.27808
1.27217
1.26376
1.25359
1.24259
1.23206
1.22353
1.2183
1.21689
1.21884
1.22294
1.22777
1.23223
1.23617
1.2406
1.24712
1.25681
1.26927
1.28255
1.29398
1.30118
1.30277
1.29837
1.2882
1.27278
1.25281
1.22933
1.20396
1.17928
1.15878
1.14609
1.14373
1.15208
1.16902
1.19069
1.21287
1.23235
1.24743
1.25782
1.26408
1.26731
1.26917
1.27129
1.27459
1.27863
1.28158
1.28077
1.27374
1.25925
1.23821
1.21353
1.18892
1.16752
1.15121
1.14069
1.136
1.13681
1.14224
1.15092
1.16085
1.16988
1.17599
1.17785
1.17498
1.16794
1.15814
1.14791
1.14011
1.13771
1.14291
1.15629
1.17664
1.2015
1.22781
1.2526
1.27369
1.29001
1.30157
1.3091
1.31334
1.31471
1.3134
1.30942
1.30333
1.29599
1.28813
1.27986
1.27055
1.25902
1.24454
1.22727
1.20884
1.19205
1.17982
1.17403
1.17483
1.18056
1.18842
1.19543
1.19919
1.19845
1.19323
1.1846
1.17435
1.16457
1.15737
1.15501
1.15964
1.17249
1.19254
1.21626
1.23878
1.256
1.26618
1.27015
1.27055
1.27067
1.27322
1.27984
1.29092
1.30572
1.32274
1.33988
1.35467
1.36471
1.36787
1.36254
1.34795
1.3242
1.29288
1.25686
1.21969
1.18447
1.15339
1.12817
1.11054
1.10208
1.1039
1.11626
1.13841
1.16855
1.20377
1.24015
1.27344
1.2996
1.31575
1.32072
1.3153
1.30196
1.28432
1.26635
1.25139
1.24106
1.23477
1.23041
1.22558
1.21882
1.21019
1.201
1.19357
1.19041
1.19345
1.20318
1.21821
1.23545
1.25102
1.26123
1.26349
1.25676
1.24164
1.21996
1.19431
1.1675
1.14247
1.12246
1.11093
1.11099
1.12446
1.15085
1.18712
1.22807
1.26766
1.30028
1.3225
1.33377
1.33614
1.33272
1.32588
1.31656
1.30479
1.2905
1.27412
1.25651
1.23886
1.22249
1.20886
1.19932
1.19496
1.19618
1.20247
1.2123
1.2232
1.23219
1.2369
1.23701
1.23508
1.23504
1.23897
1.24539
1.25124
1.25441
1.2544
1.25138
1.24497
1.23402
1.21755
1.19599
1.17186
1.14949
1.13322
1.12561
1.1267
1.13487
1.14817
1.16497
1.18395
1.20405
1.22452
1.24527
1.2668
1.28964
1.31387
1.33853
1.36147
1.38013
1.3923
1.39671
1.39314
1.38189
1.36341
1.33828
1.30758
1.27328
1.23868
1.20794
1.18471
1.1705
1.16403
1.16253
1.16335
1.16521
1.16829
1.17339
1.18109
1.19155
1.20448
1.21921
1.23451
1.24886
1.26051
1.26814
1.27101
1.26886
1.26179
1.25018
1.23484
1.21712
1.19878
1.18152
1.16689
1.15606
1.14948
1.14642
1.14491
1.14237
1.13654
1.12661
1.11383
1.10124
1.0927
1.0917
1.1002
1.11817
1.14391
1.17454
1.20683
1.23763
1.26435
1.28515
1.2989
1.3055
1.30582
1.30142
1.29411
1.28557
1.2769
1.26867
1.26122
1.25493
1.25032
1.24786
1.2476
1.24886
1.25025
1.25034
1.24818
1.24359
1.23694
1.22904
1.22093
1.21387
1.20959
1.21011
1.21706
1.23079
1.24991
1.27157
1.29225
1.30878
1.31878
1.32094
1.3152
1.30255
1.28494
1.26482
1.2448
1.22707
1.21313
1.20344
1.19702
1.19142
1.18344
1.17058
1.15255
1.13151
1.11144
1.09642
1.08945
1.09178
1.10295
1.12093
1.14265
1.16454
1.18337
1.1967
1.20336
1.20345
1.19817
1.18942
1.17941
1.17028
1.164
1.16211
1.1654
1.17365
1.18539
1.19872
1.21211
1.2251
1.23824
1.25218
1.26684
1.28129
1.29406
1.30367
1.30895
1.30925
1.30473
1.29658
1.28691
1.27804
1.27188
1.26946
1.27073
1.27477
1.28018
1.28551
1.28958
1.29171
1.29139
1.28785
1.27995
1.26681
1.24856
1.22728
1.2066
1.19029
1.18056
1.17704
1.17731
1.17835
1.17782
1.17478
1.16945
1.16318
1.15785
1.15545
1.15781
1.1663
1.18145
1.20263
1.22775
1.25352
1.27612
1.29221
1.2998
1.29887
1.29135
1.28079
1.27114
1.2655
1.26517
1.26957
1.27658
1.2831
1.28571
1.28129
1.26765
1.24416
1.212
1.17416
1.13502
1.09985
1.07376
1.06055
1.06162
1.07561
1.09902
1.1275
1.15695
1.18429
1.20783
1.22706
1.24249
1.25521
1.26641
1.27694
1.28699
1.29609
1.30315
1.30683
1.30573
1.29891
1.28623
1.26879
1.24923
1.23158
1.22032
1.21883
1.22783
1.24513
1.26647
1.28725
1.30385
1.31429
1.31821
1.31643
1.31038
1.30111
1.28906
1.27436
1.25744
1.23917
1.22042
1.20153
1.18209
1.16166
1.1406
1.12094
1.1062
1.09989
1.10338
1.11528
1.13267
1.15262
1.17295
1.19205
1.20859
1.22133
1.22941
1.23249
1.23102
1.22628
1.22028
1.21523
1.21268
1.21285
1.21475
1.21687
1.21798
1.218
1.21789
1.21914
1.22267
1.22832
1.23476
1.2401
1.24286
1.24241
1.2391
1.23373
1.22716
1.22023
1.2137
1.20821
1.20424
1.20218
1.20241
1.20531
1.21131
1.22065
1.23307
1.24772
1.26289
1.27632
1.28583
1.28988
1.28802
1.28104
1.27093
1.26051
1.25279
1.25005
1.2531
1.26081
1.27059
1.27934
1.2847
1.28563
1.28256
1.27667
1.26922
1.26078
1.25111
1.23954
1.22554
1.2094
1.19229
1.17603
1.16264
1.15383
1.15062
1.15314
1.16045
1.17078
1.18227
1.19345
1.20323
1.2106
1.21418
1.21234
1.20363
1.18749
1.16496
1.13891
1.11332
1.09239
1.07958
1.07698
1.08533
1.10415
1.13198
1.16673
1.20576
1.24582
1.28334
1.31491
1.33772
1.34985
1.3507
1.34114
1.32367
1.30204
1.28039
1.26214
1.24926
1.24208
1.23992
1.24163
1.24607
1.25243
1.25998
1.26802
1.27591
1.28324
1.28983
1.29568
1.3004
1.30296
1.30167
1.29478
1.28105
1.26046
1.23448
1.20591
1.17855
1.15574
1.13891
1.12705
1.11795
1.11024
1.10399
1.10041
1.10076
1.1057
1.11524
1.12869
1.14475
1.16162
1.17751
1.19111
1.20232
1.21218
1.22218
1.23352
1.2464
1.26036
1.27482
1.28938
1.30349
1.31614
1.32591
1.33117
1.33069
1.32402
1.31172
1.29527
1.27642
1.2565
1.2357
1.21345
1.18926
1.16378
1.13885
1.11662
1.09885
1.08672
1.08143
1.08418
1.0955
1.11465
1.13964
1.16775
1.1963
1.22301
1.2461
1.26416
1.27619
1.28166
1.28082
1.27469
1.26481
1.25283
1.24017
1.22785
1.21672
1.20744
1.20047
1.19579
1.19303
1.19178
1.19176
1.19312
1.19644
1.20281
1.21361
1.22985
1.25165
1.27785
1.30626
1.33425
1.35898
1.37744
1.38688
1.38585
1.37483
1.35599
1.33236
1.30658
1.28035
1.25436
1.22889
1.20441
1.18203
1.16298
1.14795
1.13707
1.12994
1.1259
1.12427
1.12471
1.12745
1.13315
1.14225
1.15466
1.17006
1.18843
1.21012
1.23534
1.2634
1.29259
1.32034
1.34362
1.35951
1.36551
1.36005
1.34302
1.316
1.28208
1.24536
1.21042
1.18169
1.1628
1.15591
1.16134
1.17734
1.20018
1.22476
1.24605
1.2604
1.2664
1.26464
1.25684
1.24467
1.22939
1.21174
1.19226
1.17171
1.15136
1.13302
1.1188
1.11051
1.10909
1.11425
1.12448
1.13797
1.15342
1.17052
1.1896
1.21076
1.23328
1.25543
1.27502
1.28988
1.29849
1.30018
1.29509
1.28409
1.26864
1.25071
1.23264
1.21668
1.20485
1.19855
1.1985
1.20492
1.21746
1.23527
1.25711
1.28141
1.30619
1.32921
1.34806
1.36051
1.36486
1.36023
1.34655
1.32444
1.29504
1.26002
1.2216
1.18239
1.14521
1.11283
1.08771
1.07144
1.06415
1.0646
1.07104
1.08228
1.0981
1.11877
1.14426
1.17358
1.20502
1.23656
1.26623
1.29192
1.31151
1.32274
1.32366
1.31299
1.29066
1.25821
1.21882
1.17686
1.13712
1.10407
1.08163
1.07327
1.08199
1.10904
1.15204
1.2044
1.25691
1.30084
1.33063
1.34495
1.34616
1.33881
1.32786
1.31715
1.30864
1.30258
1.29804
1.2939
1.28939
1.28455
1.27989
1.27609
1.27372
1.27331
1.275
1.27794
1.28021
1.27912
1.27235
1.25926
1.24132
1.22177
1.20425
1.19132
1.18343
1.17924
1.17689
1.17538
1.17511
1.17767
1.18475
1.19691
1.21281
1.2293
1.24244
1.24884
1.24662
1.23567
1.21731
1.19353
1.16658
1.13858
1.11183
1.08859
1.07122
1.06223
1.06426
1.07974
1.10971
1.15227
1.20212
1.25211
1.2957
1.32855
1.34926
1.35898
1.36056
1.35736
1.35178
1.34465
1.33482
1.32
1.29792
1.26766
1.23061
1.19117
1.15645
1.13415
1.12942
1.14252
1.16929
1.20328
1.2379
1.26739
1.2875
1.29603
1.29353
1.28322
1.26999
1.25871
1.25218
1.25034
1.25137
1.25324
1.25472
1.25552
1.25622
1.2578
1.26133
1.26733
1.2754
1.28404
1.29093
1.29398
1.29212
1.28559
1.2757
1.26424
1.25271
1.24195
1.23169
1.22086
1.20824
1.19335
1.17682
1.16019
1.14492
1.13173
1.12027
1.10969
1.09929
1.089
1.07962
1.07271
1.07013
1.07346
1.08361
1.10085
1.1248
1.1547
1.18921
1.2261
1.26237
1.29442
1.31875
1.33273
1.33483
1.32512
1.3052
1.27796
1.24699
1.21621
1.18947
1.17014
1.16063
1.16189
1.17304
1.19154
1.21374
1.23559
1.25357
1.26537
1.27025
1.26962
1.26708
1.26729
1.27337
1.28443
1.29613
1.30362
1.30361
1.29454
1.27603
1.2488
1.21503
1.1794
1.14877
1.13013
1.12713
1.13804
1.15689
1.17694
1.19334
1.2037
1.20781
1.20693
1.20323
1.19938
1.19799
1.20096
1.20906
1.22166
1.23678
1.25173
1.26383
1.27115
1.2732
1.27093
1.2665
1.26205
1.25862
1.25566
1.25158
1.24475
1.2345
1.22144
1.20725
1.19441
1.18569
1.1836
1.18986
1.20466
1.2263
1.2514
1.2758
1.29604
1.31042
1.31889
1.32216
1.32106
1.31624
1.30821
1.29752
1.28502
1.2718
1.25919
1.24831
1.23954
1.23218
1.22484
1.21617
1.20557
1.19366
1.18197
1.17226
1.166
1.16416
1.16722
1.17515
1.18728
1.20217
1.21815
1.23387
1.24863
1.26213
1.27378
1.28255
1.28713
1.28661
1.28133
1.27332
1.26585
1.26221
1.26398
1.26989
1.27624
1.27813
1.2716
1.2549
1.22892
1.19681
1.16314
1.13278
1.10981
1.09683
1.09456
1.102
1.11697
1.13649
1.15729
1.17641
1.19195
1.20396
1.21443
1.22607
1.24032
1.25627
1.27136
1.28343
1.29156
1.29573
1.29633
1.29437
1.29152
1.28964
1.28995
1.29246
1.29633
1.30024
1.3029
1.30344
1.30169
1.29871
1.29656
1.29716
1.30085
1.30595
1.30972
1.30981
1.30511
1.29584
1.28314
1.26836
1.2527
1.23688
1.22099
1.20468
1.18743
1.16889
1.1489
1.12799
1.10725
1.08832
1.07292
1.06235
1.05696
1.05634
1.05967
1.06622
1.07549
1.08706
1.10027
1.11408
1.12742
1.13962
1.15097
1.16263
1.17601
1.19211
1.21109
1.23227
1.25421
1.27517
1.29319
1.30656
1.31407
1.31521
1.31027
1.30009
1.28593
1.26941
1.25266
1.2382
1.22834
1.22446
1.2267
1.23407
1.24493
1.2574
1.26977
1.2806
1.28849
1.29208
1.28998
1.28148
1.26747
1.25065
1.23486
1.2234
1.21816
1.21981
1.22813
1.24174
1.25783
1.27224
1.28061
1.27962
1.26805
1.24677
1.21842
1.18692
1.15692
1.13313
1.11932
1.11758
1.12757
1.14684
1.17186
1.19896
1.22495
1.24729
1.26399
1.27371
1.27601
1.27181
1.26339
1.25388
1.24633
1.24274
1.24397
1.2497
1.25895
1.27012
1.28117
1.28977
1.29398
1.29263
1.2856
1.27365
1.25801
1.23966
1.21925
1.19721
1.17395
1.15031
1.12753
1.10742
1.09232
1.08486
1.08775
1.10276
1.12985
1.16678
1.20925
1.25222
1.29083
1.32106
1.33993
1.34624
1.34104
1.32741
1.30904
1.28803
1.26484
1.24005
1.21602
1.19649
1.185
1.18328
1.1905
1.20368
1.21906
1.23344
1.24544
1.25551
1.26492
1.27415
1.28202
1.28656
1.28633
1.28117
1.27182
1.25922
1.24389
1.22584
1.20489
1.18119
1.15575
1.13088
1.10995
1.09714
1.09645
1.11059
1.13987
1.18156
1.22995
1.278
1.31926
1.34936
1.36632
1.37021
1.36231
1.34456
1.31925
1.28915
1.25757
1.22848
1.20539
1.19035
1.18301
1.18102
1.18104
1.18013
1.17649
1.16951
1.15975
1.1486
1.13827
1.13118
1.12936
1.13431
1.14754
1.17059
1.20323
1.24211
1.28154
1.31611
1.34227
1.35869
1.36563
1.36452
1.35781
1.34823
1.33837
1.33011
1.32426
1.32062
1.31786
1.31398
1.30709
1.29607
1.28121
1.26402
1.2465
1.23036
1.21664
1.20577
1.1977
1.19193
1.18758
1.18372
1.1796
1.17495
1.16996
1.16514
1.1612
1.15878
1.15786
1.15767
1.15685
1.15391
1.1483
1.14058
1.13231
1.12544
1.12162
1.12176
1.12611
1.13445
1.14631
1.16105
1.17768
1.19497
1.21157
1.22644
1.23929
1.25089
1.26259
1.27537
1.28896
1.30172
1.31142
1.31636
1.31616
1.31153
1.30342
1.2924
1.27861
1.26241
1.24504
1.2286
1.21508
1.20564
1.20015
1.19737
1.1956
1.19351
1.19035
1.18574
1.17963
1.17257
1.16609
1.16257
1.16442
1.17296
1.18761
1.206
1.22454
1.23988
1.25003
1.25474
1.25563
1.25538
1.25666
1.26099
1.26827
1.27716
1.28587
1.29294
1.29735
