           0   0.0256496           0           0
           1   0.0512993           0           0
           2   0.0769489           0           0
           3    0.102599           0           0
           4    0.128248           0           0
           5    0.153898           0           0
           6    0.179547           0           0
           7    0.205197           0           0
           8    0.230847           0           0
           9    0.256496           0           0
          10    0.282146           0           0
          11    0.307796           0           0
          12    0.333445           0           0
          13    0.359095           0           0
          14    0.384745           0           0
          15    0.410394           0           0
          16    0.436044           0           0
          17    0.461694           0           0
          18    0.487343           0           0
          19    0.512993           0           0
          20    0.538642           0           0
          21    0.564292           0           0
          22    0.589942           0           0
          23    0.615591           0           0
          24    0.641241           0           0
          25    0.666891           0           0
          26     0.69254           0           0
          27     0.71819           0           0
          28     0.74384           0           0
          29    0.769489           0           0
          30    0.795139           0           0
          31    0.820788           0           0
          32    0.846438           0           0
          33    0.872088 0.000362038 0.000219828
          34    0.897737   0.0140191  0.00184471
          35    0.923387    0.252292  0.00783827
          36    0.949037     1.67182   0.0230892
          37    0.974686      5.6014   0.0419017
          38     1.00034     11.6476   0.0613936
          39     1.02599     17.8039   0.0824502
          40     1.05164     22.1161   0.0873624
          41     1.07728     23.9225    0.094915
          42     1.10293      23.823    0.093654
          43     1.12858     22.4048   0.0879041
          44     1.15423     20.4051   0.0833581
          45     1.17988       18.44   0.0750686
          46     1.20553     16.4984   0.0706905
          47     1.23118     14.6514   0.0607211
          48     1.25683     13.0384    0.067794
          49     1.28248     11.6876   0.0654842
          50     1.30813     10.6498   0.0554714
          51     1.33378       9.713   0.0557199
          52     1.35943     8.95169   0.0579046
          53     1.38508     8.32611   0.0504757
          54     1.41073     7.78577   0.0439033
          55     1.43638      7.3976   0.0459207
          56     1.46203      7.1265   0.0420386
          57     1.48768     6.80971   0.0405138
          58     1.51333     6.58396    0.036509
          59     1.53898     6.44379    0.040332
          60     1.56463     6.41881   0.0345703
          61     1.59028      6.4072   0.0394598
          62     1.61593     6.49023   0.0377159
          63     1.64158     6.65913   0.0377621
          64     1.66723     6.74817   0.0410666
          65     1.69288     7.01688   0.0345072
          66     1.71853     7.29291   0.0378399
          67     1.74418     7.57653   0.0373778
          68     1.76983     7.90704   0.0352461
          69     1.79547     8.20185   0.0352578
          70     1.82112     8.55131   0.0327836
          71     1.84677     9.01515   0.0397298
          72     1.87242     9.41129   0.0370278
          73     1.89807     9.78069   0.0408492
          74     1.92372     10.1311   0.0420585
          75     1.94937     10.5233    0.038729
          76     1.97502     10.8557   0.0399025
          77     2.00067     11.1562   0.0416467
          78     2.02632     11.4411   0.0428768
          79     2.05197      11.617   0.0345772
          80     2.07762     11.6751   0.0372282
          81     2.10327     11.6679   0.0347608
          82     2.12892     11.6379   0.0331485
          83     2.15457      11.493   0.0327294
          84     2.18022     11.2406   0.0321071
          85     2.20587     11.0558   0.0354608
          86     2.23152      10.759   0.0362201
          87     2.25717      10.479   0.0361833
          88     2.28282      10.239    0.034873
          89     2.30847     9.98259   0.0340399
          90     2.33412     9.73561   0.0401846
          91     2.35977     9.53435   0.0324191
          92     2.38542     9.32869   0.0319629
          93     2.41107     9.16107   0.0314628
          94     2.43672     8.98048   0.0332511
          95     2.46237     8.80513   0.0329437
          96     2.48802     8.69787   0.0291694
          97     2.51366     8.67621    0.028633
          98     2.53931     8.64165   0.0270851
          99     2.56496     8.66542   0.0275577
