           1     1.29473     1.29473           0
           2     1.44058     1.36766   0.0729255
           3     1.50911     1.41481   0.0632149
           4     1.35237      1.3992    0.047347
           5     1.46328     1.41202     0.03885
           6      1.3981      1.4097   0.0318055
           7     1.44387     1.41458   0.0273203
           8     1.32381     1.40323   0.0262397
           9     1.41341     1.40436   0.0231688
          10     1.29232     1.39316   0.0235577
          11     1.48441     1.40146   0.0228664
          12     1.42516     1.40343   0.0209673
          13     1.38497     1.40201   0.0193393
          14     1.49026     1.40831   0.0189821
          15     1.45793     1.41162   0.0179782
          16     1.31156     1.40537   0.0179422
          17     1.36637     1.40307   0.0170092
          18     1.49579     1.40822   0.0168433
          19     1.39834      1.4077   0.0159407
          20     1.42627     1.40863   0.0151511
          21     1.30292      1.4036   0.0152654
          22     1.53072     1.40938   0.0156601
          23     1.35094     1.40684   0.0151779
          24     1.40477     1.40675    0.014532
          25     1.49226     1.41017   0.0143521
          26     1.33786     1.40739   0.0140668
          27     1.36859     1.40595   0.0136118
          28      1.3158     1.40273   0.0135061
          29     1.35244       1.401   0.0131469
          30     1.25607     1.39617   0.0135888
          31     1.46919     1.39852   0.0133526
          32     1.42054     1.39921   0.0129469
          33     1.33852     1.39737   0.0126825
          34     1.31058     1.39482   0.0125658
          35     1.43375     1.39593   0.0122521
          36     1.42572     1.39676   0.0119356
          37     1.39694     1.39676   0.0116086
          38     1.32185     1.39479   0.0114696
          39      1.3584     1.39386   0.0112106
          40     1.32445     1.39212   0.0110636
          41     1.28577     1.38953   0.0110978
          42      1.4114     1.39005   0.0108429
          43     1.34625     1.38903   0.0106366
          44     1.34684     1.38807   0.0104362
          45     1.38891     1.38809   0.0102017
          46      1.3968     1.38828  0.00997921
          47     1.43794     1.38934  0.00982157
          48     1.37399     1.38902  0.00962009
          49     1.32327     1.38768  0.00951679
          50     1.43457     1.38861  0.00937155
          51     1.33052     1.38748  0.00925631
          52     1.31568     1.38609  0.00918096
          53     1.39757     1.38631  0.00900867
          54     1.48078     1.38806  0.00901172
          55     1.39925     1.38826  0.00884869
          56     1.38978     1.38829  0.00868928
          57     1.46837      1.3897  0.00865034
          58     1.47914     1.39124  0.00863865
          59      1.4327     1.39194     0.00852
          60     1.28571     1.39017  0.00856188
          61     1.43448      1.3909  0.00845163
          62     1.40197     1.39108  0.00831611
          63     1.38829     1.39103  0.00818316
          64     1.43479     1.39171  0.00808326
          65      1.3806     1.39154  0.00795977
          66     1.46029     1.39259  0.00790715
          67     1.58044     1.39539  0.00827755
          68     1.43862     1.39602  0.00817966
          69     1.49331     1.39743  0.00818264
          70     1.48974     1.39875  0.00817198
          71     1.29548      1.3973  0.00818633
          72     1.42736     1.39772  0.00808261
          73     1.26249     1.39586  0.00818355
          74     1.38778     1.39575  0.00807294
          75      1.3807     1.39555  0.00796711
          76     1.41064     1.39575  0.00786408
          77      1.3011     1.39452  0.00785802
          78     1.32821     1.39367  0.00780308
          79     1.40118     1.39377  0.00770426
          80     1.45216      1.3945  0.00764228
          81     1.46109     1.39532  0.00759199
          82     1.34889     1.39475  0.00752018
          83     1.36602     1.39441  0.00743709
          84     1.33539     1.39371  0.00738153
          85     1.55145     1.39556  0.00752656
          86     1.31295      1.3946  0.00750029
          87     1.31856     1.39373  0.00746493
          88     1.37976     1.39357  0.00738132
          89     1.36658     1.39326  0.00730421
          90      1.4924     1.39437  0.00730611
          91     1.53305     1.39589  0.00738436
          92     1.34334     1.39532  0.00732595
          93     1.33486     1.39467  0.00727586
          94     1.32593     1.39394  0.00723509
          95     1.31536     1.39311  0.00720615
          96     1.43374     1.39353  0.00714324
          97      1.4363     1.39397  0.00708295
          98     1.46989     1.39475  0.00705297
          99     1.42512     1.39506   0.0069881
         100     1.41623     1.39527  0.00692111
