           0   0.0256496           0           0
           1   0.0512993           0           0
           2   0.0769489           0           0
           3    0.102599           0           0
           4    0.128248           0           0
           5    0.153898           0           0
           6    0.179547           0           0
           7    0.205197           0           0
           8    0.230847           0           0
           9    0.256496           0           0
          10    0.282146           0           0
          11    0.307796           0           0
          12    0.333445           0           0
          13    0.359095           0           0
          14    0.384745           0           0
          15    0.410394           0           0
          16    0.436044           0           0
          17    0.461694           0           0
          18    0.487343           0           0
          19    0.512993           0           0
          20    0.538642           0           0
          21    0.564292           0           0
          22    0.589942           0           0
          23    0.615591           0           0
          24    0.641241           0           0
          25    0.666891           0           0
          26     0.69254           0           0
          27     0.71819           0           0
          28     0.74384           0           0
          29    0.769489           0           0
          30    0.795139           0           0
          31    0.820788           0           0
          32    0.846438           0           0
          33    0.872088 0.000131239 3.92814e-05
          34    0.897737   0.0125317 0.000393744
          35    0.923387    0.224589  0.00190038
          36    0.949037     1.54447  0.00539409
          37    0.974686     5.27688   0.0130615
          38     1.00034     11.2658   0.0170459
          39     1.02599     17.4808   0.0203307
          40     1.05164     21.9708   0.0183044
          41     1.07728     24.0358   0.0152739
          42     1.10293     24.0039   0.0138795
          43     1.12858     22.7122   0.0161938
          44     1.15423     20.7535   0.0138271
          45     1.17988     18.6523   0.0138949
          46     1.20553      16.592   0.0153199
          47     1.23118     14.7523   0.0153716
          48     1.25683     13.1795   0.0137652
          49     1.28248     11.8034   0.0117146
          50     1.30813     10.6776   0.0104729
          51     1.33378     9.72138  0.00962343
          52     1.35943     8.94214  0.00920818
          53     1.38508     8.29347  0.00791601
          54     1.41073     7.77585  0.00791999
          55     1.43638     7.35768  0.00735961
          56     1.46203     7.01794  0.00736337
          57     1.48768     6.77907  0.00771989
          58     1.51333     6.59406  0.00855124
          59     1.53898     6.47522  0.00804165
          60     1.56463      6.4345  0.00908089
          61     1.59028     6.41857   0.0086287
          62     1.61593     6.46231  0.00798448
          63     1.64158     6.56804  0.00810187
          64     1.66723     6.72544  0.00728606
          65     1.69288     6.93241  0.00711549
          66     1.71853     7.17844  0.00723219
          67     1.74418     7.48187  0.00728066
          68     1.76983     7.82054  0.00723333
          69     1.79547     8.18179  0.00685089
          70     1.82112     8.57588  0.00722094
          71     1.84677     8.96746  0.00762047
          72     1.87242     9.38762  0.00751176
          73     1.89807      9.7756  0.00781431
          74     1.92372     10.1622  0.00770319
          75     1.94937     10.5316  0.00782005
          76     1.97502     10.8693  0.00720016
          77     2.00067     11.1769  0.00673773
          78     2.02632     11.4174  0.00620965
          79     2.05197     11.5923  0.00666062
          80     2.07762     11.6845  0.00607593
          81     2.10327     11.7048  0.00666822
          82     2.12892     11.6489  0.00640443
          83     2.15457     11.5136  0.00711912
          84     2.18022     11.3237  0.00642037
          85     2.20587     11.0925  0.00761655
          86     2.23152      10.836  0.00778553
          87     2.25717      10.569  0.00701506
          88     2.28282     10.2894  0.00723402
          89     2.30847     10.0299  0.00639187
          90     2.33412     9.77297  0.00614802
          91     2.35977     9.53786    0.006367
          92     2.38542     9.33197  0.00538592
          93     2.41107     9.14683  0.00556938
          94     2.43672     9.00067  0.00616359
          95     2.46237     8.87908  0.00597276
          96     2.48802     8.78573  0.00636522
          97     2.51366     8.65537  0.00585424
          98     2.53931     8.57121  0.00630388
          99     2.56496     8.57325  0.00633222
