           1    -5.48607    -5.48607           0
           2    -5.45336    -5.46972   0.0163516
           3    -5.44185    -5.46043   0.0132445
           4    -5.47165    -5.46323  0.00977661
           5    -5.45493    -5.46157    0.007753
           6    -5.46139    -5.46154  0.00633037
           7    -5.45506    -5.46061  0.00542967
           8    -5.48082    -5.46314  0.00533758
           9    -5.46638     -5.4635  0.00472109
          10    -5.48823    -5.46597  0.00489373
          11    -5.45107    -5.46462  0.00462919
          12    -5.46277    -5.46447  0.00422866
          13    -5.47121    -5.46498  0.00392426
          14    -5.44396    -5.46348  0.00393143
          15    -5.45011    -5.46259  0.00376689
          16    -5.48421    -5.46394  0.00377368
          17    -5.46973    -5.46428  0.00356109
          18    -5.44951    -5.46346  0.00345634
          19     -5.4633    -5.46345  0.00326938
          20    -5.46422    -5.46349  0.00310185
          21    -5.48422    -5.46448  0.00311118
          22    -5.44431    -5.46356  0.00310487
          23    -5.47154    -5.46391    0.002987
          24    -5.46003    -5.46375  0.00286439
          25    -5.44703    -5.46308  0.00282761
          26    -5.47747    -5.46363  0.00277247
          27    -5.46718    -5.46376  0.00267105
          28    -5.47297    -5.46409  0.00259483
          29     -5.4734    -5.46441  0.00252422
          30    -5.49121    -5.46531  0.00259708
          31    -5.44659     -5.4647  0.00258347
          32    -5.45956    -5.46454   0.0025066
          33    -5.47147    -5.46475   0.0024385
          34    -5.47711    -5.46512  0.00239343
          35     -5.4559    -5.46485  0.00233892
          36    -5.46111    -5.46475   0.0022754
          37    -5.46358    -5.46472  0.00221327
          38    -5.48264    -5.46519  0.00220525
          39    -5.47084    -5.46533  0.00215284
          40    -5.47837    -5.46566  0.00212349
          41    -5.48761    -5.46619  0.00213911
          42    -5.46077    -5.46607  0.00209154
          43    -5.47318    -5.46623  0.00204902
          44    -5.47301    -5.46638  0.00200783
          45    -5.47433    -5.46656  0.00197063
          46    -5.46073    -5.46643  0.00193149
          47    -5.45722    -5.46624  0.00190009
          48    -5.46455     -5.4662  0.00186041
          49     -5.4849    -5.46658  0.00186158
          50    -5.45733     -5.4664  0.00183334
          51    -5.46792    -5.46643  0.00179728
          52    -5.47809    -5.46665  0.00177658
          53    -5.46429    -5.46661  0.00174331
          54    -5.44617    -5.46623  0.00175211
          55    -5.46107    -5.46614  0.00172252
          56    -5.46219    -5.46607  0.00169295
          57    -5.45275    -5.46583  0.00167932
          58    -5.44477    -5.46547  0.00168958
          59    -5.45957    -5.46537   0.0016637
          60    -5.48805    -5.46575  0.00167885
          61    -5.45896    -5.46564  0.00165485
          62     -5.4602    -5.46555   0.0016303
          63    -5.46445    -5.46553  0.00160431
          64    -5.45457    -5.46536  0.00158831
          65    -5.47058    -5.46544  0.00156574
          66    -5.45871    -5.46534  0.00154521
          67    -5.42481    -5.46473  0.00163778
          68    -5.45015    -5.46452   0.0016277
          69    -5.44128    -5.46418  0.00163891
          70      -5.448    -5.46395  0.00163179
          71    -5.48475    -5.46424  0.00163509
          72    -5.46118     -5.4642  0.00161279
          73    -5.49067    -5.46456  0.00163134
          74    -5.46936    -5.46463  0.00161045
          75    -5.47093    -5.46471  0.00159105
          76    -5.46547    -5.46472  0.00157001
          77     -5.4842    -5.46498     0.00157
          78    -5.47525    -5.46511  0.00155533
          79    -5.46168    -5.46506  0.00153613
          80    -5.45057    -5.46488  0.00152758
          81    -5.45005     -5.4647  0.00151967
          82    -5.46886    -5.46475  0.00150188
          83    -5.46241    -5.46472  0.00148394
          84     -5.4818    -5.46493  0.00148021
          85    -5.43786    -5.46461  0.00149694
          86    -5.47883    -5.46477  0.00148865
          87    -5.48111    -5.46496  0.00148337
          88    -5.47275    -5.46505  0.00146909
          89     -5.4726    -5.46513  0.00145497
          90    -5.44575    -5.46492  0.00145475
          91    -5.44098    -5.46466  0.00146252
          92    -5.47067    -5.46472  0.00144801
          93    -5.47097    -5.46479  0.00143393
          94     -5.4758     -5.4649  0.00142343
          95    -5.48104    -5.46507  0.00141857
          96    -5.45296    -5.46495  0.00140938
          97    -5.44929    -5.46479  0.00140409
          98    -5.44694     -5.4646  0.00140156
          99    -5.46024    -5.46456  0.00138803
         100     -5.4584     -5.4645  0.00137546
