           0    0.064633           0           0
           1    0.129266           0           0
           2    0.193899           0           0
           3    0.258532           0           0
           4    0.323165           0           0
           5    0.387798           0           0
           6    0.452431           0           0
           7    0.517064           0           0
           8    0.581697           0           0
           9     0.64633           0           0
          10    0.710963           0           0
          11    0.775596           0           0
          12     0.84023           0           0
          13    0.904863  0.00921991  0.00366773
          14    0.969496     1.33991    0.066423
          15     1.03413      8.7215    0.209811
          16     1.09876     16.7879    0.319008
          17     1.16339     17.5562    0.344357
          18     1.22803     16.7386     0.29313
          19     1.29266     15.0901    0.235747
          20     1.35729     13.5368     0.24215
          21     1.42193     12.3277    0.218946
          22     1.48656     11.4537     0.19325
          23     1.55119     10.8111    0.173448
          24     1.61583     10.1629    0.173439
          25     1.68046     10.0923    0.172616
          26     1.74509     9.68516    0.142058
          27     1.80973     9.39468    0.139833
          28     1.87436     9.37319    0.139679
          29     1.93899     9.55615    0.132252
          30     2.00362     9.52712      0.1424
          31     2.06826     9.37174    0.121664
          32     2.13289     9.50813    0.131239
          33     2.19752     9.50593    0.126508
          34     2.26216     9.44906    0.124288
          35     2.32679     9.33271    0.111535
          36     2.39142     9.35001    0.116958
          37     2.45606     9.64322    0.133819
          38     2.52069     9.65236    0.129715
          39     2.58532     9.38942    0.128359
          40     2.64995      9.3102    0.109432
          41     2.71459     9.37145    0.115846
          42     2.77922     9.27275    0.108203
          43     2.84385     9.25419   0.0925702
          44     2.90849     9.21513    0.103701
          45     2.97312     9.29609    0.108905
          46     3.03775      9.1835    0.095389
          47     3.10239     9.13211    0.104286
          48     3.16702     9.17758   0.0894856
          49     3.23165     9.23049   0.0865927
          50     3.29629     9.29284   0.0891978
          51     3.36092     9.28473   0.0841761
          52     3.42555     9.14998   0.0872847
          53     3.49018     9.31942   0.0871969
          54     3.55482      9.2752    0.074697
          55     3.61945     9.27084   0.0783996
          56     3.68408     9.24703   0.0769839
          57     3.74872     9.25331    0.077205
          58     3.81335      9.3234   0.0750243
          59     3.87798     9.31588   0.0751494
          60     3.94262     9.34478    0.075627
          61     4.00725     9.31393   0.0674302
          62     4.07188     9.28941   0.0746546
          63     4.13651     9.30242   0.0655387
          64     4.20115     9.23643   0.0716797
          65     4.26578     9.28782   0.0649515
          66     4.33041     9.35285   0.0664237
          67     4.39505     9.28885   0.0664816
          68     4.45968     9.38718   0.0574502
          69     4.52431     9.37781   0.0621285
          70     4.58895     9.36919   0.0592756
          71     4.65358     9.41129   0.0585011
          72     4.71821     9.36666   0.0569208
          73     4.78285     9.50614   0.0507294
          74     4.84748     9.43362   0.0495754
          75     4.91211     9.57455   0.0598691
          76     4.97674     9.54225   0.0547502
          77     5.04138     9.53422   0.0538003
          78     5.10601     9.52863   0.0558731
          79     5.17064     9.52592   0.0566957
          80     5.23528     9.58699   0.0558207
          81     5.29991     9.42338   0.0570807
          82     5.36454     9.43578   0.0558541
          83     5.42918     9.46879   0.0526678
          84     5.49381     9.54933    0.056132
          85     5.55844     9.49076   0.0520281
          86     5.62307     9.52438   0.0434378
          87     5.68771     9.55865   0.0512472
          88     5.75234     9.44748   0.0467332
          89     5.81697     9.57723   0.0529299
          90     5.88161     9.58238   0.0537172
          91     5.94624     9.60635   0.0539391
          92     6.01087     9.60459   0.0487208
          93     6.07551     9.60562   0.0437368
          94     6.14014     9.58456   0.0436528
          95     6.20477     9.59053   0.0500942
          96      6.2694     9.57811   0.0444992
          97     6.33404     9.56473    0.045177
          98     6.39867     9.63218   0.0475034
          99      6.4633     9.70679   0.0448958
