           1    -7.55184    -7.55184           0
           2    -7.55422    -7.55303  0.00119119
           3     -7.5411    -7.54905  0.00403602
           4    -7.54316    -7.54758  0.00321174
           5    -7.55662    -7.54939  0.00307619
           6    -7.55133    -7.54971  0.00253258
           7     -7.5598    -7.55115  0.00258087
           8    -7.53618    -7.54928  0.00291538
           9    -7.54934    -7.54929  0.00257113
          10    -7.55055    -7.54941  0.00230313
          11    -7.54298    -7.54883  0.00216383
          12    -7.55216    -7.54911  0.00199468
          13    -7.54407    -7.54872  0.00187521
          14    -7.54294    -7.54831  0.00178451
          15    -7.54287    -7.54794  0.00170036
          16    -7.54735    -7.54791  0.00159097
          17    -7.54891    -7.54797  0.00149561
          18    -7.54095    -7.54758  0.00146293
          19    -7.54132    -7.54725  0.00142242
          20    -7.55296    -7.54753  0.00137935
          21    -7.54544    -7.54743  0.00131581
          22    -7.54296    -7.54723  0.00127093
          23    -7.54189      -7.547  0.00123636
          24    -7.54262    -7.54681   0.0011977
          25    -7.55401     -7.5471  0.00118433
          26    -7.53466    -7.54662  0.00123441
          27    -7.54353    -7.54651  0.00119334
          28    -7.54893     -7.5466  0.00115318
          29    -7.53759    -7.54629  0.00115519
          30    -7.54765    -7.54633  0.00111694
          31     -7.5503    -7.54646  0.00108787
          32    -7.54604    -7.54645   0.0010534
          33    -7.53922    -7.54623  0.00104421
          34    -7.54093    -7.54607  0.00102495
          35    -7.53665     -7.5458  0.00103099
          36    -7.55416    -7.54603  0.00102852
          37    -7.54505    -7.54601  0.00100068
          38      -7.539    -7.54582 0.000991309
          39    -7.55149    -7.54597 0.000976411
          40    -7.55486    -7.54619 0.000977299
          41    -7.54088    -7.54606 0.000961922
          42    -7.53478    -7.54579 0.000976422
          43    -7.54751    -7.54583 0.000954279
          44    -7.54226    -7.54575 0.000935857
          45    -7.54055    -7.54564 0.000922084
          46    -7.54016    -7.54552 0.000909644
          47    -7.54973    -7.54561 0.000894576
          48    -7.54298    -7.54555 0.000877445
          49    -7.55801    -7.54581 0.000896165
          50    -7.54341    -7.54576 0.000879365
          51    -7.54746    -7.54579 0.000862597
          52     -7.5572    -7.54601 0.000873857
          53    -7.55277    -7.54614 0.000866636
          54    -7.54454    -7.54611 0.000850952
          55    -7.54705    -7.54613 0.000835511
          56    -7.54986    -7.54619 0.000823166
          57    -7.53065    -7.54592 0.000853345
          58    -7.54172    -7.54585 0.000841625
          59    -7.53994    -7.54575 0.000833282
          60    -7.53888    -7.54563 0.000827228
          61    -7.54572    -7.54563 0.000813556
          62    -7.54558    -7.54563 0.000800327
          63    -7.54541    -7.54563 0.000787529
          64    -7.55158    -7.54572 0.000780691
          65    -7.55161    -7.54581 0.000773904
          66    -7.54656    -7.54582 0.000762173
          67    -7.54536    -7.54582 0.000750743
          68    -7.54079    -7.54574 0.000743301
          69    -7.55407    -7.54586 0.000742313
          70    -7.54209    -7.54581 0.000733615
          71    -7.54299    -7.54577 0.000724296
          72    -7.55943    -7.54596 0.000738933
          73    -7.54082    -7.54589 0.000732137
          74    -7.53963    -7.54581 0.000727114
          75    -7.54075    -7.54574 0.000720518
          76    -7.53538     -7.5456 0.000723908
          77    -7.54391    -7.54558 0.000714782
          78    -7.54696     -7.5456 0.000705782
          79     -7.5523    -7.54568 0.000701931
          80    -7.54033    -7.54562 0.000696326
          81    -7.55282     -7.5457 0.000693409
          82    -7.54708    -7.54572 0.000685107
          83    -7.53174    -7.54555 0.000697438
          84    -7.53773    -7.54546 0.000695352
          85    -7.54515    -7.54546 0.000687132
          86    -7.55034    -7.54551 0.000681468
          87    -7.55634    -7.54564  0.00068498
          88    -7.54556    -7.54564 0.000677152
          89    -7.55913    -7.54579 0.000686444
          90    -7.54371    -7.54576 0.000679167
          91    -7.54299    -7.54573 0.000672353
          92    -7.54389    -7.54571 0.000665307
          93    -7.54607    -7.54572 0.000658126
          94    -7.54632    -7.54572 0.000651118
          95    -7.55053    -7.54577 0.000646207
          96    -7.55185    -7.54584 0.000642563
          97    -7.54357    -7.54581 0.000636334
          98    -7.54147    -7.54577 0.000631363
          99    -7.53139    -7.54563 0.000641603
         100     -7.5447    -7.54562 0.000635222
