           1     7.56372     7.56372           0
           2      7.5519     7.55781   0.0059072
           3     7.62583     7.58048     0.02293
           4     7.61179     7.58831   0.0180043
           5     7.53725      7.5781   0.0172851
           6     7.56752     7.57634    0.014223
           7     7.51982     7.56826   0.0144803
           8     7.65094      7.5786   0.0162504
           9     7.58083     7.57885   0.0143336
          10     7.57258     7.57822   0.0128357
          11       7.614     7.58147   0.0120574
          12     7.56141      7.5798   0.0111332
          13     7.60728     7.58191    0.010457
          14     7.61333     7.58416  0.00993799
          15     7.61399     7.58615  0.00946311
          16     7.58871     7.58631  0.00885338
          17     7.57883     7.58587  0.00832794
          18     7.62494     7.58804  0.00814616
          19     7.62034     7.58974  0.00789083
          20     7.55972     7.58824  0.00763484
          21     7.59765     7.58869    0.007276
          22     7.61255     7.58977  0.00702169
          23     7.61661     7.59094  0.00681018
          24     7.61554     7.59196  0.00660033
          25     7.54867     7.59023  0.00656341
          26     7.65749     7.59282  0.00681596
          27       7.612     7.59353  0.00659702
          28     7.57973     7.59303  0.00637612
          29     7.64261     7.59474   0.0063854
          30     7.58627     7.59446  0.00617535
          31      7.5681     7.59361  0.00603305
          32     7.59798     7.59375  0.00584307
          33     7.63475     7.59499  0.00579794
          34     7.62671     7.59592  0.00570169
          35     7.64596     7.59735  0.00571797
          36     7.55467     7.59617  0.00568192
          37     7.60563     7.59642  0.00553214
          38     7.63576     7.59746  0.00548321
          39     7.56565     7.59664  0.00540269
          40     7.54672     7.59539  0.00541178
          41     7.62456     7.59611  0.00532585
          42     7.65998     7.59763  0.00541546
          43     7.58901     7.59743  0.00529181
          44     7.61692     7.59787   0.0051891
          45     7.62584     7.59849  0.00511042
          46     7.62813     7.59914  0.00503943
          47     7.57621     7.59865   0.0049551
          48     7.61304     7.59895  0.00486003
          49     7.53015     7.59754  0.00496254
          50     7.61219     7.59784  0.00487109
          51     7.58812     7.59765  0.00477842
          52     7.53528     7.59645  0.00483669
          53      7.5595     7.59575   0.0047955
          54     7.60419     7.59591  0.00470845
          55     7.59127     7.59582  0.00462282
          56      7.5795     7.59553  0.00454886
          57     7.68373     7.59708  0.00472869
          58     7.62146      7.5975  0.00466543
          59     7.62813     7.59802  0.00461496
          60      7.6351     7.59863  0.00457928
          61     7.59894     7.59864  0.00450359
          62     7.60052     7.59867  0.00443046
          63     7.60099     7.59871  0.00435972
          64     7.56576     7.59819  0.00432182
          65     7.56708     7.59771  0.00428165
          66     7.59295     7.59764  0.00421689
          67     7.59933     7.59767  0.00415355
          68     7.62264     7.59803  0.00410846
          69     7.55363     7.59739   0.0040993
          70      7.6156     7.59765  0.00404869
          71     7.61574     7.59791  0.00399938
          72     7.52237     7.59686  0.00408061
          73     7.62679     7.59727  0.00404515
          74     7.63352     7.59776  0.00402008
          75     7.62636     7.59814   0.0039844
          76     7.65553     7.59889  0.00400349
          77     7.60756     7.59901  0.00395275
          78     7.58932     7.59888  0.00390372
          79     7.55985     7.59839  0.00388553
          80     7.62486     7.59872  0.00385089
          81     7.56022     7.59824  0.00383264
          82     7.58879     7.59813  0.00378737
          83     7.67569     7.59906   0.0038564
          84     7.64185     7.59957  0.00384411
          85     7.60202      7.5996  0.00379873
          86     7.57035     7.59926  0.00376967
          87     7.54043     7.59858  0.00378695
          88     7.59621     7.59856  0.00374377
          89     7.52617     7.59774  0.00378977
          90     7.61022     7.59788  0.00374999
          91     7.61441     7.59806    0.003713
          92     7.60687     7.59816  0.00367366
          93     7.59555     7.59813  0.00363405
          94      7.5925     7.59807  0.00359569
          95     7.57389     7.59782  0.00356673
          96     7.56256     7.59745  0.00354844
          97     7.60974     7.59758  0.00351395
          98     7.62258     7.59783  0.00348725
          99     7.67689     7.59863  0.00354302
         100     7.60389     7.59868   0.0035078
