0.490395   -0.492334   -0.48897
-0.3348   -0.356431   -0.481847
-0.488531   -0.33715   -0.314989
-0.346523   0.494256   -0.316055
-0.164824   -0.49895   0.489504
0.000525944   -0.329124   -0.499763
-0.165164   -0.368766   -0.329445
0.00394051   -0.487657   -0.331472
0.160465   0.493011   -0.487088
0.355667   -0.337078   -0.488863
0.18011   -0.342107   -0.326383
0.335608   0.478806   -0.318907
-0.492885   -0.169003   -0.482187
-0.326036   0.00422171   -0.492486
-0.478449   0.00893573   -0.321788
-0.334081   -0.160604   -0.329128
-0.175218   -0.200195   -0.492654
-0.00277173   -0.0205169   0.487632
-0.169064   -0.0138277   -0.348596
0.0136546   -0.17128   -0.334214
0.1636   -0.174689   -0.499713
0.330402   -0.000583828   0.487526
0.161606   -0.00419551   -0.324163
0.335785   -0.143101   -0.343147
0.484862   0.174646   -0.489907
-0.341041   0.319078   0.481007
0.487698   0.325922   -0.352064
-0.327424   0.158179   -0.324236
-0.163597   0.164931   -0.475834
0.0128349   0.315401   -0.486863
-0.166797   0.34976   -0.318548
-0.00364073   0.157517   -0.325229
0.163787   0.148839   -0.467163
0.336349   0.351568   0.496209
0.171677   0.298609   -0.302989
0.328777   0.132863   -0.322252
0.490103   0.49858   -0.16158
-0.326877   -0.350737   -0.157868
-0.483926   -0.334574   -0.0057142
-0.3574   0.475168   0.0145471
-0.170569   -0.497716   -0.145009
0.0120186   -0.312898   -0.167602
-0.152636   -0.33378   0.0118179
0.00668906   -0.47972   -0.00270823
0.153744   0.497638   -0.166439
0.340074   -0.329346   -0.179245
0.180059   -0.328306   -0.0182379
0.32305   -0.498784   -0.019253
-0.496784   -0.170169   -0.15233
-0.330971   0.00239734   -0.168466
0.497692   0.000902832   0.013229
-0.326382   -0.154651   0.00334662
-0.171962   -0.190499   -0.18357
0.0104056   -0.0224617   -0.164144
-0.160348   -0.0086807   -0.008679
-0.0060602   -0.158294   -0.000818871
0.169319   -0.17377   -0.165246
0.322781   -0.0231989   -0.157036
0.153597   -0.00290328   0.00425
0.342762   -0.191521   -0.00477606
0.492999   0.162591   -0.165899
-0.346173   0.313342   -0.165228
0.492776   0.321561   0.00326029
-0.331143   0.150509   -0.0074246
-0.160567   0.158267   -0.164923
-0.00156577   0.326387   -0.146157
-0.174331   0.333086   0.00526802
-0.0223573   0.151091   0.00649103
0.155099   0.156018   -0.145514
0.333125   0.317187   -0.151325
0.189052   0.338275   0.00567399
0.339568   0.166326   0.00653724
0.498146   0.49837   0.187682
-0.332749   -0.34559   0.158206
-0.499821   -0.341438   0.34641
-0.334852   -0.497703   0.328268
-0.170388   0.498168   0.145018
0.0216612   -0.31426   0.166722
-0.16563   -0.336993   0.303486
0.014103   0.495058   0.321295
0.154851   0.499158   0.163978
0.32694   -0.352093   0.150327
0.153754   -0.337139   0.354814
0.316022   0.497929   0.327811
0.49439   -0.183359   0.175395
-0.325189   -0.00867756   0.177473
-0.499536   -0.0214894   0.341212
-0.318299   -0.166803   0.330779
-0.146259   -0.142291   0.165039
0.00640761   0.0224577   0.167744
-0.170437   0.00617637   0.347579
0.0239133   -0.16491   0.334188
0.195088   -0.182063   0.164033
0.346372   0.000973657   0.173401
0.182291   0.0101729   0.343082
0.342981   -0.183016   0.339131
-0.492565   0.167764   0.163331
-0.339814   0.317371   0.187804
0.496867   0.360377   0.34726
-0.310916   0.170745   0.338688
-0.16435   0.157749   0.186299
0.0111613   0.326472   0.156029
-0.161016   0.329142   0.34949
0.00891541   0.158063   0.348128
0.182331   0.166463   0.17652
0.342897   0.331385   0.173957
0.154833   0.329361   0.321121
0.354663   0.171168   0.329555
