1.76738
1.77109
1.7761
1.78148
1.78644
1.79044
1.79321
1.79464
1.7948
1.79383
1.79193
1.78937
1.78637
1.78312
1.77963
1.77576
1.77132
1.76614
1.76036
1.75444
1.74914
1.74525
1.74316
1.7428
1.74377
1.74572
1.74858
1.75257
1.75792
1.76464
1.77238
1.78055
1.78855
1.79592
1.8024
1.80791
1.81249
1.81626
1.81933
1.82183
1.82386
1.82549
1.82679
1.82777
1.82845
1.82881
1.82881
1.82837
1.82742
1.82585
1.82352
1.82034
1.81624
1.81127
1.80565
1.79985
1.79454
1.79051
1.78843
1.78856
1.79067
1.79411
1.79805
1.80165
1.80425
1.8053
1.80445
1.80144
1.7963
1.78946
1.782
1.77559
1.77207
1.77264
1.77724
1.78462
1.79311
1.80128
1.80833
1.81395
1.8181
1.82077
1.82182
1.8209
1.81743
1.81065
1.79985
1.78498
1.76759
1.75158
1.74231
1.74336
1.75368
1.76865
1.78348
1.79547
1.8039
1.80915
1.81189
1.81277
1.81234
1.81097
1.80895
1.80644
1.80348
1.80005
1.79605
1.79136
1.78593
1.77986
1.77354
1.76766
1.76315
1.76092
1.76145
1.76459
1.7696
1.77545
1.78121
1.78623
1.79017
1.79296
1.79466
1.79542
1.7954
1.79479
1.79372
1.79233
1.79075
1.78906
1.78735
1.78569
1.78411
1.78263
1.78127
1.78
1.77878
1.77758
1.77632
1.7749
1.77322
1.77114
1.76851
1.76518
1.761
1.75594
1.75015
1.74401
1.73826
1.73381
1.73153
1.73191
1.73481
1.73956
1.74524
1.751
1.75623
1.76057
1.76388
1.76611
1.76728
1.7674
1.76652
1.76474
1.76219
1.75907
1.75562
1.75202
1.74834
1.74452
1.74035
1.73561
1.73022
1.72437
1.71853
1.71336
1.70948
1.70739
1.70733
1.70941
1.71361
1.7198
1.72754
1.7362
1.74499
1.7532
1.76034
1.76617
1.77063
1.77385
1.77598
1.7772
1.77769
1.77758
1.77701
1.77606
1.77484
1.77339
1.77181
1.77014
1.76847
1.76685
1.76537
1.7641
1.76311
1.76243
1.76212
1.76217
1.76257
1.76332
1.76436
1.76567
1.76719
1.76889
1.77072
1.77262
1.77455
1.77644
1.77823
1.77989
1.78138
1.78268
1.78376
1.78462
1.78525
1.78564
1.78576
1.78559
1.78509
1.78423
1.78301
1.78142
1.77951
1.77737
1.77512
1.77289
1.77083
1.76907
1.76767
1.76665
1.76597
1.76559
1.76542
1.76541
1.76554
1.76577
1.76607
1.76637
1.76659
1.76659
1.76625
1.76548
1.76428
1.76273
1.76104
1.75944
1.75817
1.75741
1.75722
1.75761
1.75849
1.75975
1.76129
1.76299
1.76476
1.76652
1.76816
1.76963
1.77087
1.7719
1.77276
1.77357
1.77448
1.77561
1.77706
1.77882
1.78084
1.78297
1.78506
1.78697
1.78859
1.78986
1.79077
1.79134
1.79162
1.79166
1.7915
1.79119
1.79075
1.79019
1.78951
1.78868
1.78769
1.78651
1.78513
1.78352
1.78167
1.77961
1.77735
1.77494
1.77246
1.76998
1.76761
1.76541
1.76346
1.76181
1.76046
1.75941
1.75862
1.75807
1.75775
1.75765
1.7578
1.75822
1.75893
1.75994
1.76123
1.76276
1.76444
1.76618
1.76785
1.76933
1.77048
1.77122
1.77145
1.77115
1.77031
1.76897
1.76718
1.76503
1.76254
1.75973
1.75658
1.75302
1.74904
1.74469
1.74017
1.73589
1.73235
1.7301
1.72952
1.73071
1.73345
1.73727
1.74161
1.74595
1.7499
1.75321
1.75575
1.75751
1.75853
1.75893
1.75886
1.75852
1.75814
1.75793
1.75808
1.7587
1.75983
1.7614
1.76328
1.76533
1.76738
1.7693
1.771
1.77243
1.77356
1.77439
1.77495
1.77526
1.77534
1.77523
1.77495
1.77454
1.77404
1.77347
1.77286
1.77225
1.77165
1.77104
1.77041
1.76969
1.7688
1.76764
1.76608
1.764
1.76128
1.75784
1.75363
1.74869
1.74318
1.73736
1.73171
1.72687
1.72366
1.72283
1.72481
1.72944
1.73602
1.74348
1.75081
1.75724
1.76238
1.76613
1.76862
1.77006
1.77072
1.77086
1.77069
1.77039
1.77008
1.76981
1.76962
1.76956
1.76963
1.76988
1.77033
1.77104
1.77202
1.77327
1.77476
1.77644
1.77823
1.78003
1.78174
1.78327
1.78454
1.78551
1.78616
1.78648
1.78652
1.78633
1.78598
1.78553
1.78502
1.78444
1.78378
1.78299
1.78206
1.78104
1.7801
1.77947
1.77939
1.77996
1.78105
1.7822
1.78276
1.78197
1.77918
1.77393
1.76611
1.756
1.74433
1.73229
1.72129
1.71272
1.70759
1.70622
1.70831
1.71311
1.71972
1.72731
1.73523
1.74298
1.75016
1.75648
1.7617
1.7657
1.76843
1.76995
1.77038
1.76991
1.76874
1.76707
1.76508
1.76288
1.76055
1.75807
1.75541
1.7525
1.74931
1.74589
1.74237
1.73898
1.73598
1.73352
1.73167
1.7303
1.72924
1.72834
1.72766
1.72743
1.72805
1.72984
1.73288
1.73696
1.74159
1.74619
1.75028
1.7535
1.75568
1.75679
1.75687
1.75602
1.75433
1.75196
1.74905
1.74584
1.7426
1.73969
1.73747
1.73628
1.73626
1.73739
1.7394
1.74185
1.7443
1.74631
1.74755
1.74783
1.74706
1.74525
1.74254
1.73914
1.73536
1.73158
1.7282
1.72556
1.72388
1.72319
1.72336
1.72413
1.72516
1.72614
1.72682
1.72701
1.72661
1.72555
1.72381
1.72143
1.7185
1.71522
1.71189
1.70897
1.70692
1.70619
1.707
1.70936
1.71301
1.71759
1.7227
1.72802
1.73329
1.73837
1.74315
1.74755
1.75154
1.75508
1.75812
1.76066
1.76268
1.76415
1.76505
1.76537
1.76505
1.76407
1.76237
1.75993
1.75673
1.75285
1.74844
1.74374
1.73916
1.73511
1.73201
1.73017
1.72965
1.73033
1.73191
1.73399
1.73616
1.73807
1.73939
1.7399
1.73941
1.73789
1.7354
1.73221
1.72871
1.72546
1.72298
1.72173
1.72194
1.72364
1.72666
1.73065
1.73519
1.73982
1.74412
1.74776
1.75052
1.75231
1.75312
1.75299
1.75197
1.75008
1.74733
1.74367
1.7391
1.73377
1.7281
1.72284
1.71896
1.7173
1.71822
1.72132
1.72565
1.73009
1.73373
1.73605
1.7369
1.73644
1.73496
1.73288
1.73062
1.72861
1.72719
1.72659
1.7269
1.72803
1.72972
1.73152
1.73286
1.73312
1.73176
1.72851
1.72358
1.71788
1.71292
1.71035
1.71115
1.71506
1.72065
1.72614
1.73009
1.73182
1.7314
1.72943
1.7269
1.72488
1.72434
1.72584
1.72945
1.7348
1.74122
1.74794
1.7543
1.75978
1.76406
1.76698
1.76851
1.76869
1.76758
1.76532
1.76201
1.75778
1.75277
1.7471
1.7409
1.73431
1.72753
1.72077
1.71436
1.70869
1.7042
1.70131
1.70034
1.70142
1.7044
1.70887
1.71425
1.71989
1.72522
1.72985
1.7336
1.73646
1.73853
1.74
1.74105
1.74187
1.74257
1.74324
1.74387
1.7445
1.74524
1.74629
1.74794
1.75041
1.75379
1.75793
1.76253
1.76718
1.77151
1.77527
1.77831
1.78059
1.78213
1.78297
1.78314
1.78267
1.78154
1.7797
1.77711
1.77372
1.76953
1.76468
1.75945
1.75429
1.74981
1.74659
1.74505
1.74532
1.74726
1.75057
1.7549
1.75995
1.76546
1.77117
1.77686
1.7823
1.78734
1.79185
1.7958
1.79917
1.80198
1.80423
1.80592
1.80703
1.80751
1.80731
1.80635
1.80458
1.80193
1.79837
1.79391
1.78862
1.78265
1.77627
1.76982
1.76371
1.75834
1.75405
1.75104
1.74943
1.74919
1.75023
1.75237
1.75534
1.75881
1.76241
1.76584
1.7689
1.77152
1.7738
1.77593
1.77813
1.78057
1.78331
1.78629
1.78934
1.79222
1.79469
1.79656
1.79769
1.79808
1.79778
1.79693
1.79568
1.79419
1.79256
1.79081
1.78892
1.78686
1.78458
1.78214
1.7796
1.77708
1.77465
1.77238
1.77028
1.76833
1.76658
1.76509
1.76402
1.76347
1.76351
1.76408
1.76503
1.76611
1.76707
1.7677
1.76788
1.76754
1.76672
1.76544
1.7638
1.76186
1.75972
1.75746
1.75514
1.75286
1.75068
1.7487
1.74701
1.74568
1.74478
1.74432
1.7443
1.74466
1.74531
1.74614
1.74706
1.74797
1.74882
1.74955
1.75015
1.75062
1.75097
1.75123
1.75141
1.75155
1.75166
1.75178
1.75192
1.75209
1.7523
1.75254
1.75282
1.75311
1.75339
1.75361
1.75373
1.75368
1.75337
1.75273
1.75168
1.75017
1.74821
1.74592
1.74353
1.7414
1.73996
1.73957
1.74043
1.74245
1.74523
1.74817
1.75062
1.752
1.75186
1.74994
1.7462
1.74083
1.7343
1.72723
1.72032
1.71411
1.7088
1.70425
1.70015
1.69631
1.69301
1.69122
1.69234
1.6975
1.70673
1.71877
1.73171
1.74383
1.75412
1.76225
1.76836
1.77278
1.77591
1.77809
1.77961
1.78069
1.78148
1.78211
1.78265
1.78315
1.78362
1.78407
1.78446
1.78475
1.78487
1.78473
1.7842
1.78314
1.78139
1.77879
1.77522
1.77064
1.76516
1.75914
1.75322
1.74826
1.74519
1.74474
1.7472
1.75229
1.75925
1.76713
1.77498
1.78207
1.78791
1.79225
1.79506
1.79638
1.79638
1.79528
1.79334
1.79086
1.78814
1.78546
1.78302
1.78096
1.7793
1.77799
1.77695
1.7761
1.77538
1.7748
1.77438
1.77412
1.77406
1.77422
1.77463
1.77535
1.77642
1.77789
1.7798
1.78213
1.78482
1.78779
1.79091
1.79407
1.79711
1.79991
1.8023
1.80416
1.80534
1.80567
1.80502
1.80325
1.80028
1.79616
1.79114
1.7857
1.7806
1.7767
1.77476
1.77512
1.77759
1.78157
1.78629
1.79103
1.79524
1.79858
1.80089
1.80211
1.80227
1.80147
1.79988
1.79769
1.79516
1.79253
1.79004
1.78788
1.78615
1.78485
1.78393
1.78324
1.78268
1.78216
1.78162
1.78108
1.78055
1.78004
1.77949
1.77886
1.77806
1.77701
1.77568
1.77408
1.77229
1.77041
1.76856
1.76687
1.76545
1.76435
1.76358
1.76314
1.76296
1.76297
1.76312
1.76336
1.7637
1.76412
1.76465
1.7653
1.76607
1.76692
1.76784
1.76879
1.76971
1.7706
1.77141
1.77216
1.77283
1.77343
1.77396
1.77443
1.77483
1.77518
1.77548
1.77571
1.7759
1.77602
1.77609
1.77608
1.77599
1.7758
1.77549
1.77504
1.77441
1.77357
1.77249
1.77114
1.76951
1.76762
1.76551
1.76324
1.76092
1.75866
1.75659
1.75478
1.75328
1.75212
1.75128
1.7508
1.75072
1.75111
1.75205
1.75355
1.75552
1.75782
1.7602
1.76241
1.76423
1.76552
1.76623
1.76638
1.7661
1.76554
1.76488
1.76426
1.7638
1.7635
1.76333
1.76317
1.76293
1.76252
1.76195
1.76133
1.76082
1.76065
1.76097
1.76189
1.76339
1.76534
1.7676
1.76999
1.77236
1.77459
1.77659
1.7783
1.77963
1.7805
1.78076
1.78023
1.77873
1.77609
1.7723
1.76759
1.76255
1.75803
1.755
1.75419
1.75587
1.75976
1.76524
1.77146
1.77763
1.78312
1.7875
1.79061
1.79251
1.79338
1.79353
1.7932
1.79257
1.79168
1.79038
1.78837
1.78529
1.78078
1.77464
1.76697
1.75832
1.74968
1.74231
1.73741
1.73563
1.73684
1.74023
1.74463
1.74899
1.75268
1.75549
1.75761
1.75935
1.76107
1.76301
1.76522
1.76766
1.77015
1.77254
1.77466
1.77644
1.77788
1.77905
1.78005
1.78101
1.78203
1.78318
1.78441
1.78565
1.7867
1.78733
1.7872
1.78594
1.78309
1.77817
1.77077
1.76075
1.74862
1.73583
1.72467
1.71746
1.71521
1.71714
1.72139
1.72629
1.73111
1.73592
1.74101
1.74647
1.75211
1.7575
1.76224
1.76605
1.76881
1.77052
1.77127
1.77118
1.77038
1.76898
1.7671
1.76483
1.76225
1.75944
1.7565
1.75351
1.75057
1.74778
1.74521
1.74293
1.74097
1.73932
1.73794
1.73677
1.73577
1.73489
1.73411
1.73345
1.73295
1.73265
1.73261
1.73284
1.73338
1.73422
1.73534
1.73674
1.73838
1.74023
1.74226
1.74441
1.74662
1.74884
1.75099
1.75302
1.75486
1.75648
1.75786
1.75899
1.75987
1.76053
1.76098
1.76128
1.76147
1.76159
1.76169
1.76179
1.76194
1.76215
1.76242
1.76274
1.76309
1.76346
1.76384
1.76421
1.76459
1.76502
1.76553
1.76617
1.76699
1.768
1.76917
1.77044
1.77169
1.77279
1.77357
1.7739
1.77368
1.77288
1.77153
1.76978
1.76785
1.76598
1.76436
1.76309
1.76208
1.76108
1.75972
1.75761
1.75444
1.75004
1.74447
1.738
1.73113
1.72449
1.71872
1.71444
1.71214
1.71215
1.7146
1.71944
1.72632
1.7347
1.74393
1.75334
1.76236
1.77061
1.77785
1.78397
1.78896
1.79287
1.79575
1.79767
1.79872
1.79898
1.79857
1.79761
1.79624
1.7946
1.79282
1.791
1.78923
1.78753
1.78591
1.78432
1.78274
1.78114
1.77953
1.77796
1.77652
1.77534
1.77455
1.77425
1.77449
1.77526
1.77645
1.77791
1.77945
1.78086
1.78196
1.7826
1.78264
1.78197
1.78047
1.77801
1.77442
1.76962
1.76371
1.75712
1.75065
1.74534
1.74197
1.74068
1.74079
1.74117
1.74077
1.73907
1.73628
1.73333
1.73146
1.73175
1.73446
1.73903
1.74444
1.74975
1.75449
1.75859
1.76223
1.76561
1.76881
1.7718
1.77446
1.77665
1.77826
1.77925
1.77962
1.77945
1.77886
1.778
1.77703
1.77611
1.77538
1.77497
1.77497
1.77541
1.77632
1.77765
1.77934
1.7813
1.78341
1.78558
1.78772
1.78975
1.79163
1.79333
1.79486
1.79623
1.79748
1.79866
1.7998
1.80094
1.8021
1.80326
1.80441
1.80553
1.80656
1.80746
1.80819
1.80872
1.80899
1.80899
1.80868
1.80807
1.80718
1.80611
1.80499
1.80408
1.80367
1.80406
1.80548
1.80793
1.81116
1.81465
1.81779
1.81997
1.82075
1.81993
1.81751
1.81365
1.80854
1.80244
1.79575
1.78909
1.78333
1.77944
1.77826
1.78026
1.7855
1.79361
1.80394
1.81563
1.82778
1.83949
1.85003
1.85888
1.86583
1.8709
1.87433
1.87647
1.87774
1.87847
1.87893
1.87921
1.87932
1.87914
1.87852
1.87731
1.87535
1.87249
1.86865
1.86379
1.85803
1.85167
1.84529
1.83966
1.83561
1.83378
1.8343
1.83677
1.84033
1.84396
1.84678
1.84818
1.84795
1.84623
1.8435
1.84045
1.83789
1.83651
1.83671
1.83847
1.84137
1.84479
1.84804
1.85058
1.85207
1.85242
1.85174
1.85023
1.84816
1.84579
1.84336
1.84103
1.83889
1.837
1.83537
1.83396
1.83275
1.83169
1.83074
1.82986
1.82901
1.82813
1.82717
1.82603
1.82463
1.82284
1.82057
1.81774
1.81435
1.81048
1.80635
1.80228
1.79868
1.79593
1.79429
1.79378
1.79422
1.79524
1.79645
1.79748
1.79808
1.7981
1.79752
1.79635
1.79469
1.79264
1.79032
1.78786
1.78541
1.78308
1.78099
1.77924
1.77786
1.77688
1.77627
1.77597
1.7759
1.77598
1.7761
1.77618
1.77614
1.77589
1.77539
1.77455
1.77333
1.77166
1.76953
1.76691
1.76387
1.76052
1.75707
1.7538
1.75106
1.74922
1.74854
1.74913
1.75089
1.7535
1.75652
1.75944
1.76179
1.76319
1.76338
1.76229
1.76004
1.757
1.75377
1.75106
1.7495
1.7494
1.75067
1.75284
1.75528
1.75745
1.75899
1.75976
1.75981
1.75934
1.75862
1.75802
1.75789
1.75849
1.75994
1.76216
1.7649
1.76786
1.77076
1.7734
1.77565
1.77749
1.77894
1.78007
1.78097
1.7817
1.78226
1.78255
1.78234
1.78129
1.77911
1.7757
1.77144
1.76722
1.76436
1.764
1.76652
1.77131
1.77707
1.78248
1.78665
1.78927
1.79048
1.79069
1.79043
1.79019
1.79034
1.79111
1.79255
1.79459
1.79707
1.7998
1.8026
1.8053
1.80777
1.8099
1.81161
1.81282
1.81346
1.81346
1.8128
1.81145
1.80943
1.80683
1.8038
1.80055
1.79736
1.79455
1.79238
1.79106
1.79063
1.79102
1.79197
1.79313
1.79414
1.7947
1.79468
1.79421
1.79363
1.79341
1.79392
1.79528
1.79727
1.79945
1.80138
1.8028
1.80364
1.80407
1.80439
1.80492
1.80594
1.80762
1.80995
1.81276
1.81572
1.81844
1.82052
1.82161
1.82147
1.82001
1.81729
1.81354
1.80913
1.80457
1.80038
1.79708
1.79497
1.79415
1.79452
1.7958
1.7977
1.79998
1.80248
1.80507
1.80766
1.81015
1.81244
1.81442
1.81603
1.81722
1.81802
1.81846
1.81861
1.81857
1.81842
1.81827
1.81823
1.81836
1.81872
1.81934
1.8202
1.82123
1.82236
1.82349
1.82453
1.82542
1.82611
1.82656
1.82679
1.8268
1.82662
1.82627
1.82579
1.82519
1.82451
1.82378
1.82302
1.82228
1.82161
1.82104
1.82062
1.82038
1.82031
1.8204
1.82062
1.82093
1.82128
1.82165
1.82203
1.82243
1.82289
1.82348
1.82425
1.82526
1.82652
1.82804
1.82974
1.83155
1.83334
1.83503
1.83653
1.83779
1.83876
1.83946
1.83987
1.83999
1.83982
1.8393
1.83838
1.83696
1.83494
1.83223
1.82876
1.82451
1.81957
1.81411
1.8084
1.80279
1.79767
1.7935
1.79082
1.79017
1.79199
1.79636
1.80292
1.81085
1.81907
1.82649
1.83229
1.83606
1.83796
1.83862
1.83899
1.83999
1.84215
1.84542
1.84934
1.85329
1.85678
1.8596
1.86174
1.86331
1.86446
1.86528
1.86578
1.86592
1.86563
1.86481
1.86337
1.86119
1.85816
1.85417
1.84913
1.84301
1.83597
1.82838
1.82085
1.81417
1.80913
1.80634
1.80605
1.80817
1.81228
1.8178
1.82411
1.83062
1.83681
1.84224
1.84655
1.84951
1.85101
1.85109
1.84993
1.84783
1.84518
1.84238
1.8398
1.8377
1.83625
1.83557
1.8358
1.83703
1.83925
1.84229
1.8458
1.84933
1.85248
1.85498
1.85674
1.8578
1.85833
1.85851
1.85855
1.85857
1.85864
1.85877
1.8589
1.85891
1.85871
1.85816
1.8572
1.85579
1.85393
1.85172
1.84929
1.8468
1.84443
1.84237
1.84074
1.83962
1.839
1.83886
1.83912
1.83969
1.84049
1.84147
1.84259
1.84384
1.8452
1.8467
1.84831
1.85003
1.85182
1.85363
1.8554
1.85705
1.85849
1.85963
1.86035
1.86056
1.8601
1.85884
1.85666
1.85352
1.84947
1.84482
1.84006
1.83589
1.83293
1.83148
1.83134
1.83184
1.83218
1.83177
1.83049
1.82877
1.8274
1.82721
1.82868
1.83175
1.8359
1.8404
1.84464
1.84823
1.85106
1.85318
1.85476
1.85598
1.85702
1.85802
1.85905
1.86016
1.86131
1.86246
1.86353
1.86443
1.86508
1.86543
1.8655
1.86532
1.86501
1.86471
1.86456
1.86468
1.86509
1.86573
1.86646
1.86712
1.86754
1.86769
1.8676
1.86745
1.8675
1.86803
1.86926
1.87133
1.8742
1.87767
1.88145
1.8852
1.88861
1.8914
1.89338
1.89437
1.89424
1.8929
1.89029
1.88646
1.88156
1.8759
1.86987
1.86387
1.85823
1.85319
1.84893
1.84572
1.84393
1.84405
1.84649
1.85143
1.85862
1.8674
1.87681
1.88576
1.89324
1.89839
1.90057
1.89944
1.89499
1.88759
1.87813
1.86795
1.8586
1.85156
1.84781
1.84757
1.85025
1.85463
1.85936
1.86327
1.8657
1.86648
1.86584
1.86424
1.86223
1.86035
1.85903
1.85859
1.85923
1.86101
1.86392
1.86779
1.8724
1.87745
1.88266
1.88774
1.89249
1.89677
1.90049
1.90357
1.90597
1.90763
1.90846
1.90833
1.90706
1.90447
1.90037
1.89471
1.88766
1.87979
1.87211
1.86588
1.86224
1.86167
1.86379
1.86761
1.87198
1.876
1.87919
1.88139
1.88266
1.88314
1.883
1.88241
1.88157
1.88073
1.8802
1.88037
1.88153
1.88374
1.88674
1.88994
1.89261
1.89414
1.89418
1.89274
1.89013
1.88685
1.88341
1.88022
1.87747
1.87523
1.87345
1.87211
1.8712
1.87074
1.87072
1.87111
1.87183
1.87278
1.87386
1.87498
1.87609
1.87715
1.87811
1.87894
1.8796
1.88009
1.88039
1.88055
1.8806
1.88058
1.88047
1.88019
1.87961
1.87857
1.87695
1.87471
1.87193
1.86883
1.86566
1.86266
1.85999
1.85765
1.85554
1.85356
1.85163
1.84981
1.84824
1.84714
1.84672
1.8471
1.84827
1.85014
1.85248
1.85507
1.85766
1.8601
1.86224
1.86404
1.86548
1.86656
1.86733
1.86781
1.86805
1.86806
1.86784
1.86736
1.86659
1.86544
1.86384
1.86166
1.8588
1.85519
1.8508
1.84572
1.84016
1.83442
1.82887
1.82379
1.81926
1.81515
1.81117
1.80704
1.80264
1.79813
1.79394
1.79071
1.78911
1.78966
1.79255
1.79757
1.80417
1.81157
1.81898
1.82573
1.83136
1.83565
1.83857
1.84026
1.84099
1.84108
1.8409
1.84071
1.84073
1.84101
1.8415
1.84207
1.84258
1.84289
1.84295
1.84273
1.84226
1.84159
1.84081
1.83996
1.83911
1.83828
1.83747
1.83664
1.83566
1.83437
1.83249
1.82973
1.8258
1.82045
1.81358
1.80529
1.79591
1.78601
1.77637
1.768
1.76216
1.76017
1.76287
1.76985
1.77935
1.78891
1.79645
1.80101
1.80288
1.80332
1.80392
1.80595
1.80985
1.81522
1.82117
1.82683
1.83162
1.83532
1.83795
1.83969
1.84072
1.84126
1.84145
1.84143
1.84129
1.84111
1.84094
1.84082
1.84076
1.84077
1.84083
1.84091
1.84096
1.84091
1.84071
1.84026
1.83951
1.8384
1.83691
1.83507
1.83294
1.83063
1.82827
1.82598
1.82382
1.82179
1.8198
1.81773
1.81551
1.8131
1.81057
1.80804
1.8056
1.80325
1.80086
1.79821
1.79506
1.79126
1.78688
1.78219
1.77768
1.77393
1.77149
1.77069
1.7715
1.77357
1.77622
1.77866
1.78017
1.78033
1.77924
1.77761
1.77666
1.77767
1.78136
1.78752
1.79509
1.80278
1.80954
1.81479
1.81839
1.82047
1.82128
1.8211
1.82018
1.81873
1.81691
1.81482
1.81256
1.81017
1.80768
1.80514
1.80253
1.79987
1.79718
1.79446
1.79176
1.78909
1.78653
1.78415
1.782
1.78017
1.77871
1.77762
1.77687
1.77641
1.77612
1.77585
1.77545
1.77476
1.77365
1.77202
1.76984
1.7672
1.76425
1.76132
1.75879
1.75705
1.75639
1.75692
1.75851
1.76086
1.76356
1.76623
1.76856
1.77034
1.77143
1.77177
1.77134
1.77015
1.76824
1.76567
1.76258
1.75916
1.75568
1.75247
1.74988
1.74826
1.74784
1.74872
1.7508
1.75384
1.75753
1.76151
1.76549
1.76923
1.77259
1.7755
1.77792
1.77988
1.7814
1.78254
1.78335
1.78387
1.78415
1.78424
1.78419
1.78402
1.78379
1.78351
1.78321
1.78289
1.78256
1.78224
1.78191
1.7816
1.78134
1.78117
1.78114
1.78129
1.78164
1.78212
1.78259
1.78281
1.78243
1.78106
1.77833
1.77398
1.76807
1.76107
1.75394
1.74801
1.74453
1.74427
1.7472
1.75258
1.7593
1.76621
1.77236
1.77703
1.77986
1.78081
1.78012
1.77829
1.77595
1.77362
1.77159
1.76973
1.76765
1.7649
1.76131
1.75719
1.7534
1.75116
1.75151
1.75485
1.76076
1.76826
1.77623
1.7838
1.79045
1.79599
1.80043
1.80388
1.80647
1.80838
1.80973
1.81064
1.81123
1.81158
1.81177
1.81187
1.81191
1.81192
1.8119
1.81185
1.81171
1.81144
1.81099
1.8103
1.80934
1.80809
1.80656
1.80479
1.80283
1.80071
1.79846
1.79608
1.79356
1.79088
1.78803
1.78498
1.78174
1.77835
1.77492
1.77161
1.76863
1.7661
1.76403
1.76222
1.76041
1.75836
1.75605
1.75371
1.75188
1.75125
1.75252
1.7561
1.762
1.76978
1.7787
1.78788
1.79658
1.80423
1.81057
1.81549
1.8191
1.82153
1.82298
1.82364
1.82368
1.82324
1.82244
1.82139
1.82017
1.81886
1.81755
1.8163
1.81521
1.81438
1.81388
1.81379
1.81415
1.81492
1.81604
1.81735
1.81867
1.81982
1.82059
1.82082
1.82041
1.81929
1.81751
1.81517
1.81241
1.80941
1.8063
1.80313
1.79985
1.7964
1.79274
1.78901
1.78551
1.78272
1.78111
1.78097
1.78226
1.7847
1.78787
1.7914
1.7951
1.7989
1.80284
1.80689
1.81095
1.81483
1.81826
1.82101
1.82291
1.8239
1.82406
1.82357
1.82272
1.82187
1.82134
1.82137
1.82205
1.82327
1.82482
1.82637
1.82759
1.82818
1.82786
1.82638
1.82358
1.81933
1.81371
1.80705
1.80004
1.7937
1.78922
1.78755
1.78906
1.79337
1.79959
1.80663
1.81356
1.81973
1.82481
1.82868
1.83139
1.83307
1.83389
1.834
1.83357
1.83271
1.83154
1.83015
1.8286
1.82698
1.82534
1.82374
1.82223
1.82086
1.81969
1.81877
1.8182
1.81806
1.81844
1.81934
1.82067
1.82223
1.82371
1.82478
1.82508
1.82429
1.82217
1.81851
1.81322
1.80629
1.79789
1.78837
1.77832
1.7686
1.76022
1.75421
1.75134
1.75185
1.75541
1.76118
1.76812
1.77524
1.78182
1.78741
1.79184
1.79509
1.79724
1.79842
1.79878
1.79846
1.79758
1.79626
1.79458
1.79265
1.79055
1.78841
1.78642
1.78481
1.78381
1.78364
1.78438
1.78596
1.78817
1.79072
1.7933
1.79567
1.79767
1.79921
1.80028
1.80088
1.80106
1.80085
1.80029
1.7994
1.7982
1.79671
1.79493
1.79289
1.79059
1.78807
1.78536
1.7825
1.77954
1.77654
1.77358
1.77073
1.7681
1.76582
1.76403
1.76286
1.76241
1.76272
1.76375
1.76538
1.76746
1.76978
1.77219
1.77454
1.77673
1.7787
1.78038
1.78175
1.78279
1.78346
1.78376
1.7837
1.78327
1.78249
1.78141
1.78006
1.77848
1.77673
1.77486
1.77292
1.77096
1.76902
1.76712
1.76527
1.76344
1.7616
1.75969
1.75766
1.75548
1.75318
1.75089
1.7488
1.74719
1.74636
1.74651
1.74768
1.7497
1.75222
1.75477
1.7568
1.75774
1.75702
1.75406
1.74839
1.73992
1.7293
1.71834
1.70965
1.70544
1.70599
1.70933
1.71276
1.71474
1.71578
1.71783
1.72287
1.73147
1.74248
1.75398
1.76432
1.77267
1.77886
1.78317
1.78601
1.78777
1.78875
1.78918
1.78919
1.78882
1.78807
1.78684
1.78503
1.78249
1.77906
1.77463
1.76917
1.76283
1.75595
1.74913
1.7431
1.73861
1.73618
1.73593
1.73751
1.74021
1.74319
1.74576
1.74756
1.74868
1.74955
1.7508
1.75294
1.75617
1.76029
1.76485
1.76935
1.77337
1.77667
1.77918
1.78095
1.7821
1.78275
1.78305
1.78312
1.78305
1.78292
1.7828
1.78273
1.78272
1.7828
1.78297
1.7832
1.78348
1.78381
1.78414
1.78447
1.78479
1.7851
1.78539
1.78568
1.78599
1.78632
1.78666
1.78701
1.78733
1.78754
1.78754
1.78721
1.78637
1.78485
1.78246
1.77904
1.77447
1.7688
1.76222
1.7552
1.74843
1.74279
1.73912
1.738
1.73956
1.74344
1.74894
1.75523
1.76156
1.76739
1.77241
1.77648
1.77956
1.78169
1.78292
1.78327
1.7828
1.78155
1.77956
1.77697
1.77394
1.77078
1.76787
1.76567
1.76458
1.76489
1.76662
1.76953
1.77321
1.77718
1.78101
1.78436
1.78701
1.78879
1.78961
1.78935
1.78791
1.78522
1.78128
1.77623
1.77053
1.76495
1.76052
1.75828
1.75884
1.76211
1.76731
1.77326
1.77884
1.7832
1.78584
1.78658
1.78544
1.7826
1.7783
1.77284
1.76657
1.75987
1.75314
1.74685
1.74146
1.73733
1.73462
1.73324
1.7329
1.73335
1.73447
1.73634
1.73909
1.74278
1.7473
1.75236
1.75754
1.76241
1.76658
1.76975
1.77172
1.77238
1.77165
1.76956
1.76621
1.76183
1.7568
1.7517
1.7472
1.74398
1.74246
1.74272
1.74444
1.74706
1.74997
1.75267
1.75482
1.75629
1.75703
1.75709
1.75657
1.75556
1.75416
1.75247
1.75058
1.74858
1.74655
1.74458
1.74272
1.74105
1.73961
1.73843
1.73753
1.73689
1.7365
1.73632
1.73629
1.73636
1.7365
1.73665
1.73678
1.73684
1.73683
1.73671
1.73648
1.73611
1.73562
1.73498
1.73421
1.7333
1.73225
1.73106
1.72974
1.72829
1.72672
1.725
1.72315
1.72112
1.71891
1.7165
1.71389
1.71114
1.70839
1.70592
1.70408
1.70328
1.70387
1.706
1.70954
1.71415
1.71932
1.72455
1.72945
1.73375
1.73734
1.74018
1.7423
1.74375
1.74461
1.74493
1.74477
1.74421
1.7433
1.74213
1.74079
1.7394
1.73807
1.73692
1.73604
1.73545
1.73515
1.73504
1.73498
1.7348
1.7343
1.73334
1.7318
1.72967
1.72703
1.72406
1.72108
1.71842
1.71643
1.71538
1.71536
1.7163
1.71791
1.71976
1.72136
1.72231
1.72239
1.72169
1.7206
1.71971
1.71963
1.72078
1.72318
1.72658
1.73054
1.73463
1.73859
1.74229
1.74571
1.74889
1.75188
1.75467
1.75726
1.7596
1.76162
1.76323
1.76435
1.76488
1.76472
1.76378
1.762
1.75937
1.75601
1.75215
1.74815
1.74444
1.74141
1.7393
1.73809
1.73762
1.73769
1.73822
1.73925
1.74092
1.74326
1.7461
1.7491
1.7518
1.75375
1.75463
1.75426
1.75261
1.74975
1.74583
1.74107
1.73575
1.73018
1.7247
1.71965
1.71538
1.71215
1.71015
1.70946
1.71009
1.71193
1.71478
1.71836
1.72226
1.72599
1.72907
1.73104
1.73155
1.73039
1.72756
1.72337
1.71855
1.71426
1.71181
1.71223
1.71573
1.72162
1.72861
1.73541
1.74108
1.74513
1.74745
1.74813
1.7474
1.74549
1.74269
1.73924
1.7354
1.73141
1.72744
1.7236
1.7199
1.71629
1.7127
1.70913
1.7057
1.70266
1.70031
1.69892
1.69857
1.69911
1.70017
1.70131
1.70213
1.70235
1.70187
1.70073
1.6991
1.69721
1.69531
1.69362
1.69231
1.69145
1.69104
1.691
1.69125
1.69167
1.69218
1.69271
1.69324
1.69376
1.69425
1.69475
1.69527
1.69582
1.69642
1.69706
1.69776
1.69852
1.69931
1.70013
1.70096
1.7018
1.70261
1.7034
1.70414
1.70483
1.70545
1.706
1.70647
1.70686
1.70716
1.70736
1.70747
1.70748
1.70738
1.70717
1.70684
1.70638
1.70576
1.70498
1.70401
1.70283
1.70145
1.69986
1.69812
1.69631
1.69457
1.69307
1.692
1.69155
1.69181
1.6928
1.69445
1.69659
1.69904
1.70161
1.70415
1.70657
1.70881
1.71086
1.71272
1.7144
1.7159
1.71723
1.71839
1.71939
1.72022
1.72088
1.72139
1.72178
1.72206
1.72227
1.72247
1.72269
1.72299
1.72338
1.7239
1.72453
1.72524
1.72599
1.72671
1.72733
1.72776
1.72796
1.7279
1.7276
1.72711
1.72656
1.72609
1.72589
1.72615
1.72702
1.72859
1.73085
1.73373
1.73707
1.74067
1.74434
1.7479
1.75119
1.75411
1.75657
1.75853
1.75995
1.76081
1.7611
1.76081
1.75996
1.75857
1.7567
1.75445
1.75196
1.74944
1.7471
1.74519
1.7439
1.74334
1.74352
1.74432
1.74555
1.74697
1.74837
1.74956
1.75047
1.75108
1.75145
1.7517
1.75197
1.75237
1.75294
1.75362
1.75419
1.75437
1.75383
1.7523
1.74965
1.74598
1.74164
1.73724
1.73349
1.73109
1.73043
1.73152
1.734
1.73734
1.74097
1.74446
1.74755
1.75009
1.75205
1.75344
1.75429
1.75467
1.75462
1.75425
1.75365
1.75296
1.75231
1.75181
1.7515
1.75139
1.75141
1.75145
1.75138
1.75109
1.75047
1.74947
1.74808
1.74632
1.74425
1.74196
1.73955
1.73715
1.73489
1.73289
1.73124
1.73002
1.72925
1.72893
1.72901
1.72941
1.73006
1.73085
1.73172
1.73259
1.73341
1.73416
1.73482
1.73541
1.73596
1.73649
1.73705
1.73767
1.73834
1.73904
1.73965
1.74002
1.73994
1.73918
1.73753
1.7349
1.73144
1.72758
1.72405
1.72172
1.72124
1.72279
1.72593
1.72982
1.73356
1.73647
1.7382
1.7387
1.73817
1.73691
1.73531
1.73369
1.73236
1.73146
1.73109
1.73121
1.73175
1.73263
1.73373
1.73491
1.73604
1.73701
1.73772
1.73812
1.73819
1.73795
1.73746
1.73684
1.73632
1.73626
1.73708
1.73918
1.7428
1.74786
1.75405
1.76083
1.76765
1.774
1.77948
1.7838
1.78676
1.78826
1.78822
1.78668
1.78378
1.77984
1.77536
1.77103
1.76757
1.76563
1.76552
1.76722
1.77036
1.77438
1.77869
1.7827
1.78584
1.78749
1.78696
1.78342
1.77612
1.76468
1.74998
1.73506
1.72495
1.72431
1.73395
1.75018
1.76783
1.78322
1.79494
1.80304
1.80809
1.81075
1.81148
1.81065
1.80849
1.8052
1.80103
1.79627
1.79134
1.7867
1.78283
1.78008
1.77857
1.77811
1.77829
1.77861
1.77871
1.77845
1.77789
1.77717
1.77633
1.77526
1.77371
1.77141
1.76825
1.7644
1.76034
1.75671
1.75419
1.7532
1.75385
1.75593
1.75909
1.76297
1.7673
1.77188
1.77658
1.78131
1.78598
1.79056
1.79501
1.7993
1.8034
1.80723
1.81071
1.8137
1.81609
1.81775
1.8186
1.81856
1.81761
1.81575
1.81301
1.80946
1.80524
1.80055
1.79568
1.79096
1.7867
1.78314
1.78034
1.77825
1.77673
1.77559
1.77459
1.7734
1.77157
1.76854
1.76389
1.75751
1.74995
1.74248
1.73694
1.73508
1.73786
1.74496
1.75495
1.76595
1.77631
1.78497
1.79146
1.7958
1.79824
1.79916
1.79895
1.798
1.79663
1.79512
1.79366
1.79238
1.79131
1.79045
1.78973
1.78904
1.78827
1.7873
1.78605
1.78442
1.78235
1.77982
1.77682
1.77339
1.76959
1.76554
1.76139
1.75733
1.75354
1.75021
1.7475
1.74555
1.74444
1.74423
1.74491
1.74638
1.74852
1.75114
1.75399
1.75687
1.75958
1.76198
1.76398
1.76555
1.76672
1.76754
1.76812
1.76855
1.76893
1.76933
1.7698
1.77032
1.77087
1.77136
1.77173
1.77191
1.77184
1.77154
1.77106
1.77054
1.77014
1.77004
1.7704
1.77129
1.77271
1.77453
1.77655
1.77851
1.78016
1.78127
1.78165
1.7812
1.77987
1.77769
1.77474
1.77122
1.76737
1.76352
1.76002
1.75724
1.75553
1.75514
1.75622
1.75878
1.76266
1.7676
1.77329
1.77938
1.78555
1.79156
1.79721
1.80237
1.80696
1.81097
1.81438
1.8172
1.81945
1.82113
1.82227
1.82284
1.82284
1.82226
1.8211
1.81936
1.81708
1.81434
1.81123
1.80792
1.80457
1.80137
1.79849
1.79604
1.79411
1.79273
1.79192
1.79169
1.79206
1.79305
1.79464
1.79681
1.79947
1.80251
1.80577
1.8091
1.81232
1.81525
1.81776
1.81973
1.8211
1.82187
1.82207
1.82179
1.82117
1.82035
1.81951
1.81886
1.81859
1.81889
1.81991
1.82175
1.82441
1.82777
1.83166
1.83581
1.83992
1.8437
1.8469
1.84933
1.85082
1.85129
1.85069
1.84905
1.84648
1.84318
1.83952
1.83595
1.833
1.83109
1.83044
1.83095
1.83224
1.83376
1.8349
1.83517
1.83415
1.83157
1.82727
1.82121
1.8136
1.80497
1.79636
1.78923
1.78509
1.7849
1.78851
1.79466
1.80157
1.80763
1.81186
1.81397
1.81421
1.81314
1.81141
1.80955
1.80782
1.80617
1.8043
1.80173
1.79789
1.79227
1.78454
1.77474
1.76347
1.75209
1.74272
1.73785
1.73945
1.74801
1.76208
1.77897
1.79588
1.81076
1.82262
1.8313
1.83713
1.84064
1.84238
1.84281
1.8423
1.8411
1.83936
1.8372
1.83465
1.83175
1.82854
1.82506
1.82141
1.81773
1.81419
1.81094
1.80811
1.80577
1.80391
1.80247
1.80139
1.80066
1.80034
1.80057
1.80149
1.80323
1.80577
1.80897
1.81258
1.81626
1.81966
1.82251
1.82458
1.82575
1.82595
1.82516
1.82343
1.8208
1.81743
1.81364
1.80998
1.80728
1.80646
1.80822
1.8127
1.81933
1.82707
1.8348
1.84167
1.84721
1.8513
1.85408
1.85582
1.85686
1.85753
1.85816
1.85904
1.86037
1.86228
1.8648
1.86786
1.87132
1.87502
1.87875
1.88233
1.88558
1.88837
1.89057
1.89209
1.89285
1.89281
1.89197
1.8904
1.88822
1.88565
1.88294
1.88036
1.87815
1.87644
1.87523
1.87439
1.87376
1.87312
1.87236
1.87139
1.87026
1.86901
1.86767
1.8662
1.86449
1.86236
1.8597
1.85656
1.85325
1.8504
1.84882
1.84932
1.85244
1.85823
1.86617
1.87538
1.88477
1.89342
1.90063
1.90603
1.90946
1.91095
1.91054
1.90826
1.90405
1.89776
1.88914
1.8781
1.86495
1.85079
1.83768
1.82823
1.82441
1.82649
1.83301
1.84178
1.85087
1.8591
1.86592
1.87113
1.87468
1.87657
1.87677
1.87526
1.87199
1.86699
1.86034
1.85229
1.84322
1.83375
1.82463
1.81678
1.81112
1.80847
1.80917
1.81289
1.81863
1.82503
1.83086
1.83534
1.83814
1.83931
1.83914
1.83797
1.83618
1.83407
1.83192
1.82991
1.82815
1.82671
1.82557
1.8247
1.82404
1.82351
1.82304
1.82257
1.82202
1.82134
1.82047
1.81932
1.81783
1.81591
1.81349
1.81049
1.80691
1.80281
1.79835
1.79384
1.78971
1.78644
1.78445
1.78393
1.78481
1.78676
1.78934
1.79207
1.79458
1.79664
1.79814
1.79904
1.79939
1.79924
1.79864
1.79765
1.79631
1.79465
1.79269
1.79046
1.78795
1.78518
1.78218
1.77901
1.77576
1.77256
1.76959
1.76705
1.76511
1.7639
1.76342
1.7636
1.76429
1.76529
1.76639
1.76743
1.76827
1.7688
1.76896
1.76872
1.76809
1.76712
1.76595
1.76472
1.76364
1.76288
1.76259
1.76283
1.76359
1.76478
1.76626
1.76785
1.76938
1.77071
1.77173
1.77237
1.7726
1.77244
1.77193
1.77116
1.77024
1.76927
1.76836
1.76763
1.76714
1.76692
1.76699
1.76735
1.76796
1.76879
1.76981
1.77096
1.7722
1.77347
1.77471
1.77586
1.77684
1.77762
1.77814
1.77838
1.77831
1.77791
1.77716
1.77603
1.7745
1.77253
1.77011
1.7673
1.76422
1.76113
1.75837
1.75632
1.7553
1.75543
1.75658
1.75841
1.76048
1.76242
1.764
1.76519
1.76612
1.76703
1.76816
1.76969
1.77166
1.77402
1.77661
1.77923
1.78171
1.78393
1.7858
1.78729
1.7884
1.78914
1.78953
1.7896
1.78936
1.78886
1.78812
1.78723
1.78629
1.78542
1.78475
1.78443
1.78455
1.78516
1.78624
1.78769
1.78941
1.79123
1.793
1.79459
1.79587
1.79675
1.79714
1.79696
1.79616
1.79472
1.79267
1.79008
1.78708
1.78384
1.78049
1.77714
1.77382
1.77046
1.76703
1.76359
1.76045
1.75825
1.75778
1.75974
1.76433
1.77118
1.77946
1.78825
1.79684
1.8048
1.81194
1.81816
1.82337
1.8274
1.83001
1.83091
1.8299
1.82696
1.82246
1.81726
1.81274
1.81036
1.81113
1.81508
1.8213
1.82845
1.8353
1.84109
1.84551
1.84856
1.85038
1.85114
1.85094
1.84983
1.84775
1.84456
1.84007
1.8341
1.8266
1.81776
1.80813
1.79859
1.79026
1.78407
1.78049
1.77933
1.78005
1.78213
1.78528
1.78944
1.79452
1.80031
1.8064
1.81239
1.81794
1.82287
1.82712
1.83071
1.83365
1.83599
1.83771
1.83876
1.83904
1.83837
1.83655
1.8333
1.82831
1.82131
1.81219
1.80115
1.7889
1.77673
1.7663
1.75926
1.75672
1.75892
1.76516
1.77408
1.78401
1.79346
1.80145
1.80751
1.81161
1.81395
1.81486
1.81467
1.81369
1.81219
1.81037
1.80844
1.80655
1.80484
1.80342
1.80237
1.80177
1.80165
1.80199
1.80279
1.80399
1.80553
1.80733
1.80933
1.81144
1.81362
1.81582
1.81798
1.8201
1.82214
1.82411
1.82597
1.82774
1.82939
1.8309
1.83223
1.83334
1.83415
1.83455
1.83439
1.8335
1.8317
1.82882
1.8248
1.81978
1.81423
1.809
1.80516
1.80365
1.80489
1.80856
1.81379
1.81952
1.82493
1.82954
1.83323
1.83609
1.83834
1.84019
1.84186
1.84352
1.84527
1.84717
1.84923
1.85146
1.85381
1.85625
1.85873
1.86121
1.86365
1.86602
1.8683
1.87047
1.87249
1.87435
1.87601
1.87743
1.87858
1.87941
1.87988
1.87995
1.8796
1.87881
1.8776
1.87599
1.87404
1.87181
1.86941
1.86694
1.86449
1.86213
1.85989
1.85773
1.85554
1.85316
1.85044
1.8473
1.84375
1.83998
1.83626
1.83291
1.83018
1.8282
1.82694
1.82629
1.82613
1.82641
1.8272
1.82864
1.83087
1.83394
1.83774
1.84204
1.8465
1.85079
1.85465
1.8579
1.86049
1.86245
1.86388
1.86488
1.86558
1.86609
1.86646
1.86672
1.86686
1.86681
1.86648
1.86573
1.86444
1.86244
1.85961
1.85589
1.85131
1.84609
1.84063
1.83553
1.83149
1.82905
1.82849
1.82967
1.83213
1.83532
1.83869
1.84188
1.84468
1.84701
1.84887
1.85028
1.85124
1.85179
1.85192
1.85166
1.85101
1.85002
1.84873
1.8472
1.84549
1.84364
1.84165
1.8395
1.83717
1.83467
1.83211
1.82967
1.82765
1.82633
1.82589
1.8263
1.82731
1.8285
1.82946
1.82988
1.82967
1.82901
1.82823
1.82772
1.82778
1.82845
1.82954
1.83072
1.83163
1.83211
1.83231
1.83263
1.83366
1.83589
1.83953
1.84438
1.84993
1.85554
1.86064
1.86479
1.86772
1.86929
1.86946
1.86824
1.86572
1.86202
1.85733
1.85188
1.84594
1.83975
1.83346
1.82705
1.82029
1.81278
1.80419
1.7945
1.78432
1.77502
1.76837
1.76593
1.76828
1.77479
1.784
1.79437
1.80471
1.81439
1.82313
1.8308
1.83732
1.84256
1.84638
1.84867
1.84934
1.84838
1.84584
1.84193
1.83702
1.83172
1.82685
1.82326
1.82159
1.82201
1.82418
1.82738
1.83084
1.83393
1.8363
1.83783
1.83855
1.83858
1.83806
1.83716
1.83607
1.83494
1.83394
1.83317
1.83268
1.83241
1.83223
1.83196
1.83141
1.83047
1.82912
1.82748
1.82579
1.8244
1.82365
1.82381
1.82504
1.82727
1.83033
1.83392
1.83772
1.84143
1.84481
1.84772
1.85006
1.85181
1.85299
1.85366
1.8539
1.85382
1.85353
1.85317
1.85285
1.85268
1.85274
1.85308
1.85374
1.85473
1.85604
1.85763
1.85942
1.86126
1.86297
1.86434
1.86512
1.86506
1.86396
1.8616
1.85783
1.85254
1.84574
1.83755
1.82831
1.8186
1.80923
1.80113
1.79512
1.79172
1.79107
1.79306
1.79746
1.80401
1.8123
1.82167
1.83125
1.84014
1.84759
1.85309
1.8564
1.85749
1.85643
1.85344
1.84882
1.84302
1.83662
1.8303
1.82477
1.82056
1.81795
1.81687
1.81703
1.81801
1.81946
1.8211
1.82281
1.8246
1.82649
1.82855
1.83078
1.83317
1.83564
1.8381
1.84047
1.84265
1.84461
1.84631
1.84775
1.84893
1.84985
1.8505
1.85083
1.85071
1.84995
1.84821
1.84505
1.83984
1.83194
1.82091
1.80709
1.79241
1.78054
1.77561
1.77956
1.79057
1.80453
1.8177
1.82812
1.83534
1.83973
1.84189
1.8423
1.84133
1.83916
1.83587
1.83149
1.82602
1.81958
1.81238
1.80484
1.79758
1.79129
1.78656
1.78374
1.78275
1.78324
1.7847
1.78667
1.78891
1.79132
1.79395
1.7969
1.80019
1.80379
1.80761
1.8115
1.81531
1.81892
1.82224
1.82522
1.82785
1.83011
1.83201
1.83353
1.83466
1.83538
1.83567
1.83553
1.83497
1.83403
1.83277
1.83129
1.82968
1.82806
1.82654
1.82521
1.82412
1.82329
1.82271
1.82231
1.82201
1.82172
1.82132
1.82072
1.81983
1.8186
1.81699
1.81502
1.81273
1.81023
1.80768
1.80526
1.80316
1.80154
1.80051
1.80011
1.80031
1.80106
1.80224
1.80376
1.80553
1.80746
1.80948
1.81151
1.8135
1.81535
1.81699
1.81836
1.8194
1.82006
1.82032
1.82019
1.81969
1.81887
1.81781
1.81661
1.81537
1.81422
1.81325
1.81254
1.81215
1.81208
1.81229
1.81273
1.81333
1.814
1.81469
1.81536
1.81601
1.81666
1.81738
1.81824
1.81931
1.82065
1.82228
1.82419
1.8263
1.82853
1.83074
1.83282
1.83463
1.83607
1.83707
1.8376
1.83767
1.83736
1.83684
1.83633
1.83607
1.83633
1.8373
1.83906
1.84157
1.84465
1.84806
1.85155
1.85486
1.85776
1.86001
1.86141
1.86175
1.86086
1.85863
1.85506
1.85033
1.84481
1.83904
1.83363
1.82922
1.8263
1.82516
1.82584
1.8282
1.83185
1.83628
1.84085
1.84489
1.84778
1.849
1.84819
1.84516
1.83996
1.833
1.82514
1.81775
1.81252
1.81089
1.81346
1.8197
1.8283
1.83776
1.84691
1.85506
1.86191
1.86741
1.87165
1.87473
1.87679
1.87792
1.87823
1.87777
1.87664
1.87491
1.87264
1.86992
1.86682
1.86339
1.85969
1.85572
1.85147
1.84686
1.84181
1.8362
1.82994
1.82308
1.81589
1.80898
1.80328
1.79979
1.79921
1.8016
1.80633
1.81234
1.81859
1.8243
1.82904
1.83262
1.83503
1.83633
1.83658
1.83589
1.83434
1.83205
1.82919
1.82596
1.82263
1.81951
1.81688
1.81498
1.81391
1.81365
1.81406
1.8149
1.81594
1.81698
1.81786
1.8185
1.81884
1.81889
1.81863
1.81809
1.81725
1.81612
1.81466
1.81286
1.81067
1.80809
1.80512
1.80181
1.79828
1.79472
1.79138
1.78853
1.78642
1.78518
1.78479
1.78513
1.78596
1.78704
1.78817
1.78922
1.79013
1.79088
1.79151
1.79203
1.79245
1.79278
1.79301
1.79313
1.79316
1.79315
1.79315
1.79329
1.79368
1.79443
1.79561
1.79726
1.79934
1.80178
1.80445
1.8072
1.80988
1.81235
1.81451
1.81628
1.81762
1.81853
1.81902
1.81913
1.81891
1.81845
1.81784
1.81717
1.81655
1.81608
1.81585
1.81592
1.81634
1.81712
1.81821
1.81956
1.82109
1.82269
1.82426
1.8257
1.82693
1.82787
1.82849
1.82877
1.82876
1.82851
1.82811
1.82766
1.82723
1.82687
1.82654
1.82619
1.82567
1.82485
1.8236
1.82187
1.81963
1.81696
1.81397
1.81079
1.80759
1.80449
1.80161
1.79906
1.79692
1.79524
1.79406
1.79335
1.79308
1.79327
1.79402
1.79552
1.79802
1.80166
1.80644
1.81216
1.81846
1.82495
1.83128
1.83718
1.84247
1.84703
1.85083
1.85382
1.85601
1.85739
1.85792
1.8576
1.85637
1.8542
1.85106
1.84693
1.84184
1.8359
1.82926
1.82217
1.81498
1.80811
1.80204
1.79732
1.79441
1.79357
1.79467
1.7972
1.80038
1.80341
1.80571
1.80704
1.80751
1.80751
1.80758
1.80825
1.80991
1.8127
1.81653
1.82108
1.82595
1.83071
1.83499
1.83852
1.84115
1.8428
1.8435
1.8433
1.84229
1.84059
1.8383
1.83556
1.83249
1.82921
1.82588
1.82266
1.81971
1.81721
1.81531
1.8141
1.8136
1.81374
1.81444
1.81553
1.81689
1.81837
1.81988
1.82134
1.82269
1.82391
1.82497
1.82586
1.82658
1.82714
1.82755
1.82783
1.82801
1.82812
1.8282
1.82831
1.82848
1.82877
1.82918
1.82972
1.83033
1.8309
1.83129
1.83128
1.83065
1.82915
1.82657
1.82278
1.81781
1.81191
1.80557
1.79958
1.79485
1.79229
1.79251
1.79565
1.80136
1.80885
1.81721
1.82558
1.83332
1.84005
1.8456
1.84996
1.8532
1.85545
1.85684
1.85749
1.85753
1.85708
1.85627
1.85525
1.85416
1.85318
1.85246
1.85214
1.85232
1.85303
1.85421
1.85571
1.85732
1.85876
1.85977
1.86007
1.85945
1.85778
1.85502
1.85126
1.84671
1.8417
1.83661
1.83177
1.82739
1.82357
1.8204
1.81807
1.81683
1.81686
1.81812
1.82023
1.82263
1.82491
1.82692
1.82884
1.83106
1.83396
1.8378
1.84269
1.84856
1.85517
1.8621
1.86881
1.87479
1.8796
1.88296
1.8848
1.8852
1.88441
1.88277
1.88074
1.87879
1.87735
1.87674
1.8771
1.87833
1.88018
1.88224
1.88408
1.88523
1.88527
1.88382
1.88051
1.87505
1.86731
1.85761
1.84703
1.83754
1.83165
1.83124
1.83645
1.84559
1.85622
1.86631
1.87481
1.88144
1.8864
1.89001
1.89258
1.8943
1.89526
1.89546
1.8948
1.89316
1.89035
1.88619
1.88053
1.87332
1.86473
1.85529
1.84599
1.83815
1.83309
1.8316
1.83356
1.83805
1.84382
1.84977
1.8552
1.85973
1.86324
1.8657
1.86711
1.86747
1.86677
1.86504
1.86229
1.85858
1.85399
1.84872
1.84314
1.83785
1.83358
1.83105
1.83064
1.83225
1.83534
1.83918
1.84314
1.84683
1.85008
1.8529
1.85532
1.85738
1.8591
1.8605
1.86163
1.86257
1.86342
1.86425
1.86514
1.8661
1.86711
1.8681
1.86896
1.86957
1.86982
1.86958
1.86874
1.86721
1.8649
1.86177
1.85778
1.85294
1.84734
1.84108
1.83436
1.82743
1.82054
1.81397
1.80797
1.80273
1.79842
1.79516
1.79304
1.79212
1.79239
1.79379
1.79619
1.79939
1.80316
1.80721
1.8113
1.81519
1.81872
1.82176
1.82427
1.82622
1.82765
1.82861
1.82914
1.82928
1.82904
1.82839
1.82727
1.82564
1.82344
1.8207
1.81753
1.81416
1.81093
1.80826
1.80651
1.80597
1.80674
1.80875
1.81175
1.81544
1.81946
1.82347
1.8272
1.83044
1.83304
1.83495
1.83615
1.83668
1.83657
1.83589
1.83467
1.83298
1.83089
1.8285
1.82601
1.82367
1.82179
1.82065
1.82043
1.82111
1.8225
1.82432
1.82627
1.82813
1.82973
1.83085
1.83124
1.83058
1.82853
1.82495
1.82
1.81436
1.80914
1.80558
1.80452
1.80591
1.80887
1.81219
1.81489
1.8165
1.81706
1.81694
1.81657
1.81635
1.8166
1.81753
1.81931
1.82203
1.82569
1.83019
1.83535
1.84093
1.84668
1.85235
1.85772
1.86261
1.86687
1.87039
1.87311
1.87498
1.87598
1.87612
1.87536
1.87369
1.87108
1.86747
1.86287
1.85732
1.85101
1.84435
1.83797
1.83266
1.82918
1.82802
1.82916
1.83216
1.83628
1.8408
1.84517
1.84907
1.85237
1.85507
1.85722
1.8589
1.86018
1.86111
1.8617
1.86195
1.86186
1.86137
1.86046
1.85908
1.8572
1.85481
1.85195
1.84868
1.8451
1.84139
1.83772
1.83426
1.83116
1.82849
1.82628
1.82451
1.82315
1.82219
1.82167
1.82167
1.8223
1.82367
1.8258
1.82864
1.83197
1.8354
1.83835
1.84009
1.83973
1.83633
1.82925
1.81863
1.80612
1.79514
1.78959
1.7914
1.79907
1.80892
1.81765
1.82366
1.82685
1.82782
1.82733
1.82596
1.82413
1.82214
1.82026
1.8187
1.81768
1.81732
1.81763
1.8185
1.81971
1.82099
1.82204
1.82266
1.8227
1.82214
1.82107
1.81966
1.81816
1.81691
1.81622
1.81638
1.81751
1.8196
1.82241
1.82562
1.82883
1.83166
1.8338
1.83502
1.83512
1.83399
1.83154
1.82772
1.82257
1.81619
1.80878
1.8007
1.7924
1.7845
1.77774
1.77294
1.77087
1.77199
1.77624
1.78299
1.79117
1.79967
1.80756
1.81423
1.81945
1.8232
1.82564
1.82696
1.8274
1.82715
1.82639
1.82523
1.82378
1.82209
1.82019
1.8181
1.81578
1.81322
1.81037
1.80719
1.80366
1.79976
1.79555
1.79113
1.78666
1.78233
1.77835
1.77485
1.77188
1.76939
1.7672
1.76514
1.76302
1.76075
1.75834
1.75592
1.75371
1.75196
1.75098
1.75097
1.7521
1.75438
1.75773
1.76193
1.76671
1.77173
1.77668
1.78127
1.78528
1.78856
1.79102
1.79264
1.79344
1.79351
1.79296
1.79195
1.79067
1.78929
1.78797
1.78678
1.78569
1.78456
1.78315
1.78111
1.77809
1.77374
1.76787
1.76051
1.75205
1.74327
1.73521
1.72887
1.72482
1.72314
1.72352
1.72568
1.72944
1.73464
1.74106
1.74824
1.75562
1.76266
1.76889
1.77405
1.77798
1.78066
1.78216
1.78256
1.78199
1.78057
1.77842
1.77565
1.77234
1.76859
1.76447
1.76011
1.75566
1.75135
1.74751
1.74454
1.74277
1.74246
1.74359
1.7459
1.74893
1.75214
1.75504
1.75729
1.75867
1.75912
1.75863
1.75729
1.75517
1.75237
1.74903
1.74532
1.74149
1.73787
1.73482
1.73269
1.73171
1.73191
1.73315
1.73515
1.73757
1.74011
1.74255
1.74474
1.74661
1.74817
1.74948
1.75066
1.75186
1.75321
1.75483
1.75675
1.7589
1.76115
1.76331
1.76517
1.76652
1.76721
1.76714
1.76626
1.76462
1.76234
1.75966
1.75691
1.75451
1.75287
1.75236
1.75322
1.75546
1.75891
1.76326
1.76814
1.77319
1.77812
1.78273
1.78688
1.79051
1.79358
1.79611
1.79812
1.79964
1.80071
1.80141
1.8018
1.80198
1.80206
1.80217
1.80242
1.80288
1.80361
1.80459
1.80577
1.80704
1.80829
1.8094
1.81025
1.81076
1.81087
1.81055
1.80981
1.80871
1.80734
1.80584
1.80436
1.80311
1.80224
1.80189
1.80213
1.8029
1.80406
1.8054
1.80667
1.80765
1.8082
1.8083
1.80808
1.8078
1.80775
1.80821
1.80934
1.81117
1.81357
1.81626
1.81888
1.82108
1.82255
1.8231
1.82275
1.82171
1.82034
1.81906
1.81825
1.81808
1.81847
1.81913
1.81966
1.81971
1.81913
1.81799
1.81664
1.81553
1.81507
1.81552
1.81683
1.81873
1.82077
1.82255
1.82373
1.82411
1.82365
1.82241
1.82052
1.81817
1.81552
1.81274
1.80998
1.80738
1.80504
1.80309
1.80161
1.80065
1.80014
1.79995
1.79991
1.79984
1.79965
1.79936
1.79907
1.79898
1.79925
1.79999
1.80118
1.80268
1.8043
1.80582
1.80706
1.80791
1.80832
1.80828
1.80786
1.80711
1.80612
1.80493
1.8036
1.80213
1.80047
1.79857
1.79631
1.79362
1.79045
1.7869
1.78325
1.77997
1.77766
1.77685
1.77767
1.7797
1.78195
1.78308
1.78176
1.77713
1.76938
1.76033
1.75335
1.75197
1.75761
1.76853
1.7812
1.79255
1.80098
1.80628
1.80893
1.80969
1.80929
1.80837
1.80743
1.80681
1.80667
1.80701
1.80771
1.80857
1.8094
1.81004
1.81041
1.81049
1.81025
1.80969
1.80878
1.80755
1.80608
1.80458
1.80339
1.80287
1.8033
1.80474
1.80692
1.80929
1.81111
1.81173
1.81076
1.80831
1.80508
1.80215
1.80059
1.80096
1.80305
1.80605
1.80903
1.81129
1.81259
1.81299
1.81274
1.81214
1.8114
1.81068
1.81005
1.80952
1.8091
1.80877
1.8085
1.80824
1.80788
1.8073
1.8064
1.80517
1.80368
1.80212
1.80069
1.79955
1.79868
1.79797
1.79724
1.79632
1.79519
1.79397
1.7929
1.79233
1.79261
1.79398
1.7965
1.80004
1.80428
1.80884
1.81334
1.81749
1.8211
1.82407
1.82637
1.82799
1.82896
1.8293
1.82898
1.82801
1.82635
1.82397
1.82087
1.8171
1.81278
1.80809
1.80334
1.79888
1.79506
1.79218
1.79041
1.78973
1.78995
1.79078
1.79191
1.79303
1.79391
1.7944
1.79443
1.79401
1.79321
1.79214
1.79093
1.78975
1.78872
1.78793
1.78741
1.78714
1.78703
1.78701
1.787
1.78694
1.78685
1.78678
1.78681
1.78707
1.78764
1.7886
1.78997
1.79173
1.79379
1.79603
1.79833
1.80053
1.80251
1.80416
1.80539
1.80613
1.80634
1.80598
1.805
1.80338
1.80105
1.79796
1.79407
1.78936
1.78385
1.77772
1.77128
1.76502
1.7596
1.75568
1.75375
1.75402
1.75628
1.76006
1.76471
1.76959
1.77416
1.77803
1.78092
1.78269
1.78327
1.78273
1.78119
1.7789
1.77622
1.7736
1.77154
1.77049
1.77077
1.77251
1.77561
1.77981
1.78473
1.78993
1.795
1.79953
1.80316
1.80556
1.80648
1.8057
1.8031
1.79871
1.79279
1.78588
1.77877
1.77241
1.76763
1.76491
1.7643
1.76553
1.76828
1.77227
1.77717
1.78249
1.7876
1.79177
1.79441
1.79524
1.79442
1.79254
1.79053
1.78935
1.78967
1.79165
1.79492
1.79888
1.8029
1.80658
1.80972
1.81233
1.81449
1.81632
1.8179
1.81928
1.82048
1.82145
1.82216
1.82252
1.82249
1.82203
1.82113
1.81983
1.8182
1.81634
1.81441
1.81258
1.81101
1.80985
1.80918
1.80903
1.80931
1.80989
1.81055
1.81104
1.81112
1.81057
1.80925
1.80711
1.80421
1.80069
1.7968
1.7928
1.78897
1.78556
1.78282
1.78095
1.78015
1.78054
1.78218
1.78495
1.78859
1.79271
1.79683
1.80047
1.80321
1.8047
1.80467
1.80297
1.79949
1.79427
1.7876
1.78009
1.77279
1.76708
1.76424
1.76496
1.76902
1.77544
1.78295
1.79047
1.79725
1.8029
1.80724
1.81025
1.81203
1.81275
1.81265
1.81201
1.81109
1.81015
1.80937
1.80886
1.80866
1.80874
1.80901
1.80937
1.80973
1.80998
1.81007
1.80994
1.80957
1.80894
1.80805
1.8069
1.80551
1.8039
1.8021
1.80014
1.79805
1.79583
1.79349
1.791
1.78834
1.78549
1.78242
1.77919
1.7759
1.77276
1.77
1.76792
1.76673
1.76657
1.76745
1.76923
1.77172
1.77468
1.77791
1.78125
1.78459
1.78784
1.79094
1.79383
1.79645
1.79874
1.80063
1.80206
1.80297
1.80332
1.80306
1.80219
1.80073
1.79876
1.79641
1.79391
1.79152
1.78954
1.78827
1.7879
1.78849
1.78995
1.79208
1.79461
1.79728
1.7999
1.80231
1.80446
1.80633
1.80793
1.80931
1.8105
1.81154
1.81245
1.81325
1.81393
1.81451
1.81496
1.81529
1.81546
1.81548
1.81534
1.81501
1.81451
1.81383
1.81296
1.81192
1.81073
1.80939
1.80796
1.80646
1.80496
1.80352
1.8022
1.80108
1.80019
1.79954
1.7991
1.7988
1.79855
1.79824
1.7978
1.79723
1.79663
1.79618
1.79613
1.79674
1.79819
1.80053
1.80367
1.8074
1.81143
1.81547
1.81925
1.82254
1.82517
1.82697
1.82785
1.82771
1.8265
1.82421
1.82089
1.81665
1.8117
1.80638
1.80112
1.79643
1.79284
1.79077
1.79044
1.79184
1.79471
1.7986
1.80298
1.80728
1.81101
1.81377
1.81528
1.81539
1.81408
1.81144
1.80766
1.80303
1.7979
1.79269
1.78785
1.78384
1.78106
1.77982
1.78024
1.78228
1.78566
1.78996
1.79476
1.79967
1.80441
1.80884
1.81286
1.81643
1.81948
1.82196
1.8238
1.82495
1.82538
1.82504
1.82392
1.82201
1.81927
1.8157
1.81125
1.80591
1.79972
1.79275
1.78521
1.77743
1.76991
1.76328
1.75821
1.75524
1.75457
1.75604
1.75908
1.76296
1.76694
1.77044
1.77313
1.77488
1.77572
1.77582
1.7754
1.7747
1.77395
1.77331
1.77289
1.77276
1.77291
1.7733
1.77389
1.77463
1.77545
1.77631
1.77713
1.77786
1.77843
1.77875
1.77876
1.77839
1.77757
1.77627
1.77448
1.7722
1.76952
1.76656
1.76349
1.76055
1.75795
1.75591
1.75458
1.75403
1.75426
1.7552
1.75676
1.7588
1.76117
1.76369
1.76618
1.76849
1.77046
1.77194
1.77281
1.77296
1.77228
1.77069
1.76815
1.76466
1.76035
1.75548
1.75045
1.74578
1.74205
1.73973
1.73909
1.74009
1.74242
1.7456
1.7491
1.75247
1.7554
1.75771
1.75932
1.76023
1.76047
1.76013
1.75933
1.7582
1.75691
1.75564
1.75458
1.75397
1.75413
1.75537
1.75798
1.76207
1.76748
1.7738
1.78049
1.78704
1.79306
1.79833
1.80276
1.8064
1.80933
1.81169
1.81358
1.81512
1.8164
1.81749
1.81844
1.81931
1.82011
1.82088
1.82165
1.82243
1.82326
1.82417
1.82519
1.82635
1.8277
1.82925
1.83104
1.83306
1.83531
1.83775
1.84034
1.84298
1.84558
1.848
1.85006
1.85155
1.85221
1.85172
1.84975
1.84594
1.83997
1.83168
1.82122
1.80919
1.79672
1.78532
1.77638
1.77057
1.7676
1.76638
1.76558
1.76412
1.76135
1.75709
1.75173
1.74622
1.74203
1.7407
1.74319
1.74941
1.75828
1.76826
1.77793
1.78638
1.79318
1.79833
1.80205
1.80476
1.80694
1.80913
1.8117
1.81481
1.81837
1.82208
1.82561
1.82866
1.83103
1.83267
1.83363
1.834
1.83389
1.83344
1.83271
1.83179
1.83069
1.82943
1.82801
1.82643
1.82465
1.82266
1.82044
1.81797
1.81524
1.81228
1.80913
1.80588
1.80266
1.79961
1.79692
1.7947
1.79307
1.79203
1.79152
1.7914
1.7915
1.79158
1.79144
1.79086
1.78969
1.7878
1.78512
1.78165
1.77747
1.77273
1.76768
1.76261
1.75791
1.75401
1.75135
1.75038
1.75144
1.75466
1.75987
1.7666
1.7742
1.782
1.78947
1.79623
1.80208
1.80695
1.81084
1.81376
1.8157
1.81663
1.81644
1.81496
1.81194
1.8071
1.80015
1.79097
1.77976
1.76735
1.75529
1.74571
1.74057
1.74076
1.74566
1.75358
1.76262
1.77129
1.77868
1.78439
1.78838
1.79089
1.79232
1.79324
1.79421
1.79567
1.79785
1.80068
1.80393
1.80725
1.81032
1.8129
1.81482
1.81603
1.81651
1.81628
1.81543
1.81402
1.81218
1.81003
1.8077
1.8053
1.80294
1.80073
1.79876
1.79711
1.79589
1.7952
1.79512
1.7957
1.79694
1.79874
1.80094
1.80331
1.80555
1.80739
1.80856
1.80887
1.80823
1.80673
1.80459
1.80223
1.80018
1.799
1.79907
1.80053
1.80325
1.8069
1.81114
1.81569
1.82041
1.82519
1.82995
1.83457
1.8389
1.84277
1.84604
1.84861
1.85043
1.8515
1.85186
1.85156
1.85068
1.84929
1.84746
1.84523
1.84263
1.83968
1.83635
1.83265
1.82863
1.82443
1.82036
1.81693
1.81476
1.81442
1.81625
1.82016
1.82569
1.83208
1.83856
1.84442
1.84914
1.8524
1.85401
1.85398
1.85243
1.84961
1.84587
1.84164
1.83734
1.8334
1.83017
1.82788
1.82667
1.82654
1.82742
1.82922
1.83177
1.83492
1.83849
1.8423
1.84611
1.84971
1.85284
1.85527
1.85681
1.8573
1.85664
1.8548
1.85188
1.84806
1.84373
1.83936
1.83553
1.83268
1.83107
1.83063
1.83102
1.83181
1.8326
1.83313
1.8333
1.83314
1.83276
1.83224
1.83165
1.831
1.83026
1.82935
1.82817
1.82659
1.82452
1.82187
1.81864
1.8149
1.81083
1.80674
1.80292
1.79962
1.79693
1.79473
1.79277
1.79081
1.78872
1.78655
1.78454
1.78298
1.78211
1.78197
1.78243
1.78323
1.78407
1.78472
1.78509
1.78517
1.78504
1.78483
1.78468
1.78467
1.78485
1.7852
1.78568
1.78619
1.78665
1.78696
1.78707
1.78691
1.78643
1.78558
1.78434
1.78266
1.78053
1.77799
1.77508
1.77195
1.76879
1.76587
1.76347
1.76184
1.76117
1.76155
1.76294
1.76519
1.76809
1.77142
1.77492
1.77841
1.78173
1.78477
1.7875
1.78987
1.79192
1.79367
1.79516
1.79641
1.79746
1.7983
1.79891
1.79924
1.79922
1.79872
1.79761
1.79573
1.79293
1.78907
1.78401
1.77768
1.76997
1.76083
1.75021
1.73829
1.7259
1.71497
1.70852
1.70926
1.7177
1.73141
1.74658
1.76006
1.77036
1.77734
1.78158
1.78393
1.78515
1.78586
1.7865
1.78731
1.78845
1.78993
1.7917
1.79368
1.79576
1.79779
1.79966
1.80124
1.80245
1.80322
1.80352
1.80335
1.80267
1.80147
1.79962
1.79694
1.79311
1.7878
1.78082
1.77249
1.76399
1.75744
1.7552
1.75852
1.76665
1.77721
1.78761
1.79604
1.80177
1.80489
1.80591
1.80557
1.80464
1.80379
1.80352
1.8041
1.80551
1.80757
1.81001
1.81253
1.81492
1.81703
1.81876
1.82006
1.82089
1.82122
1.82103
1.82029
1.81904
1.81735
1.81535
1.81325
1.81127
1.80965
1.80857
1.80813
1.80833
1.80909
1.81028
1.81176
1.81339
1.81509
1.81676
1.81834
1.81978
1.821
1.82192
1.82247
1.82257
1.82216
1.82121
1.81974
1.81784
1.81566
1.81341
1.81134
1.8097
1.80866
1.80832
1.80864
1.8095
1.81074
1.81213
1.81349
1.81461
1.81534
1.81555
1.81515
1.81406
1.81227
1.80976
1.80657
1.80276
1.7984
1.79363
1.78864
1.78373
1.77933
1.77595
1.77412
1.77422
1.77636
1.78028
1.78543
1.79117
1.79688
1.80215
1.80672
1.8105
1.81351
1.81581
1.81748
1.81857
1.8191
1.8191
1.81855
1.81744
1.81577
1.81357
1.8109
1.80787
1.80462
1.80136
1.79836
1.79587
1.79413
1.79329
1.79338
1.79437
1.79617
1.79867
1.80176
1.80531
1.80911
1.8129
1.81642
1.8194
1.82163
1.82298
1.82334
1.82263
1.82071
1.81746
1.81275
1.80669
1.79987
1.79353
1.78944
1.78923
1.79347
1.80128
1.81085
1.8203
1.8284
1.83462
1.83894
1.84158
1.84276
1.84257
1.84096
1.83775
1.83275
1.82587
1.81736
1.8079
1.79858
1.79054
1.78454
1.7807
1.77856
1.77736
1.77626
1.77434
1.77064
1.76436
1.7553
1.74441
1.73407
1.72758
1.72776
1.73539
1.74885
1.76521
1.78166
1.79638
1.8085
1.81785
1.82466
1.82929
1.83218
1.83371
1.83422
1.83393
1.83297
1.83139
1.82918
1.82626
1.82255
1.81803
1.81279
1.8071
1.80147
1.7966
1.79323
1.79192
1.7928
1.79556
1.79955
1.80403
1.80839
1.81218
1.81516
1.81722
1.81833
1.81848
1.81769
1.81597
1.8133
1.80972
1.80526
1.79999
1.79404
1.7876
1.78092
1.7743
1.76808
1.76265
1.75844
1.75595
1.75567
1.75786
1.76239
1.76865
1.77569
1.78251
1.78831
1.79258
1.79509
1.79583
1.79493
1.79263
1.78921
1.78507
1.78058
1.77614
1.77207
1.76859
1.76586
1.76401
1.76316
1.76338
1.76465
1.76679
1.76946
1.77227
1.77485
1.77696
1.77847
1.77938
1.77975
1.77967
1.77922
1.77845
1.77739
1.77606
1.77446
1.77263
1.77064
1.7686
1.76669
1.76511
1.76408
1.76377
1.76429
1.76561
1.76762
1.77012
1.77288
1.77571
1.77843
1.78095
1.78321
1.78518
1.78687
1.78827
1.7894
1.79022
1.79073
1.79089
1.79066
1.79001
1.78889
1.78729
1.78523
1.78277
1.78002
1.77712
1.77429
1.77175
1.76972
1.76836
1.76778
1.76796
1.7688
1.77011
1.77166
1.7732
1.77444
1.77514
1.77506
1.77405
1.77205
1.7692
1.76579
1.76228
1.75918
1.75693
1.75579
1.75576
1.75672
1.75842
1.76062
1.76308
1.76561
1.76805
1.77029
1.77229
1.77405
1.77562
1.77709
1.77852
1.77998
1.78151
1.7831
1.78474
1.78633
1.78775
1.78887
1.78949
1.7894
1.7884
1.78626
1.78283
1.77806
1.77216
1.76568
1.75959
1.7551
1.75323
1.75441
1.75819
1.76349
1.76914
1.77422
1.77825
1.78113
1.78301
1.7841
1.78466
1.78489
1.78496
1.78496
1.78495
1.78491
1.78484
1.7847
1.78449
1.78421
1.78391
1.78365
1.78349
1.78348
1.78363
1.78389
1.78418
1.78439
1.78441
1.78417
1.78365
1.78287
1.78194
1.78098
1.78013
1.77951
1.77922
1.77932
1.77981
1.78065
1.78173
1.78291
1.78402
1.78493
1.78556
1.78592
1.78609
1.78626
1.78665
1.78748
1.78887
1.79085
1.79329
1.796
1.79872
1.8012
1.80324
1.8047
1.80549
1.80558
1.80497
1.8037
1.80182
1.79944
1.79669
1.79374
1.79074
1.78785
1.78518
1.7828
1.78072
1.77891
1.7774
1.77622
1.77551
1.77545
1.77623
1.77795
1.78056
1.78383
1.7874
1.79081
1.79361
1.79542
1.79596
1.79509
1.79281
1.78932
1.785
1.7804
1.77614
1.77276
1.77055
1.76951
1.76937
1.76979
1.77044
1.77113
1.77174
1.77226
1.77273
1.77326
1.77404
1.77529
1.77728
1.78017
1.78401
1.78867
1.79386
1.79918
1.80426
1.80876
1.81243
1.81514
1.81686
1.81762
1.81752
1.8167
1.81532
1.81357
1.81163
1.80966
1.80775
1.80592
1.80405
1.80196
1.79937
1.796
1.79169
1.78642
1.78045
1.77433
1.76873
1.76426
1.76117
1.75925
1.75802
1.75704
1.75615
1.75554
1.75558
1.75658
1.75856
1.76124
1.76418
1.76697
1.76933
1.77118
1.77252
1.77343
1.77403
1.77437
1.7745
1.77445
1.77421
1.77379
1.77318
1.77242
1.77151
1.77051
1.76948
1.76851
1.76767
1.76706
1.76676
1.76681
1.76722
1.76796
1.76896
1.77013
1.77137
1.77258
1.77365
1.77451
1.7751
1.77537
1.77527
1.77479
1.7739
1.77261
1.77092
1.76885
1.76643
1.76373
1.76083
1.75782
1.75484
1.752
1.74945
1.74728
1.74554
1.74423
1.74332
1.74274
1.7424
1.74224
1.74224
1.74237
1.74266
1.74316
1.74389
1.7449
1.74621
1.74784
1.74978
1.752
1.75443
1.75702
1.75966
1.76228
1.76477
1.76706
1.76906
1.77072
1.77197
1.77273
1.77292
1.77246
1.77124
1.76917
1.76619
1.7623
1.75762
1.75243
1.74721
1.74256
1.73909
1.73724
1.73715
1.73858
1.74101
1.74386
1.7466
1.74887
1.7505
1.75152
1.75211
1.75253
1.75302
1.75382
1.75502
1.75664
1.7586
1.76074
1.76291
1.76494
1.76667
1.76797
1.7687
1.76876
1.76802
1.7664
1.76381
1.76026
1.75581
1.75064
1.74509
1.73961
1.73477
1.73114
1.72922
1.72925
1.73119
1.73465
1.73899
1.74346
1.74734
1.75009
1.75142
1.75138
1.75034
1.74898
1.74807
1.74822
1.74972
1.75238
1.75571
1.75908
1.76198
1.76408
1.76527
1.76558
1.76513
1.76409
1.76261
1.76082
1.75884
1.75675
1.7546
1.75246
1.75035
1.7483
1.74637
1.74459
1.74305
1.74189
1.74129
1.74147
1.74268
1.74503
1.74854
1.75303
1.75819
1.76366
1.76907
1.77414
1.77866
1.78251
1.78563
1.78801
1.78963
1.79051
1.79067
1.79015
1.78899
1.78725
1.785
1.78235
1.77944
1.77644
1.77358
1.77113
1.76939
1.76862
1.7691
1.77097
1.77422
1.77863
1.78378
1.78908
1.79393
1.79781
1.80033
1.80132
1.80075
1.79877
1.79566
1.79182
1.78772
1.78381
1.78048
1.77798
1.77642
1.77573
1.7758
1.77647
1.77762
1.77912
1.78091
1.78294
1.78512
1.78741
1.78972
1.79201
1.79422
1.7963
1.79823
1.79995
1.80139
1.80247
1.80313
1.80334
1.80314
1.80264
1.80204
1.80161
1.80165
1.80243
1.80415
1.80686
1.81045
1.81462
1.81897
1.82304
1.82638
1.82859
1.82936
1.82848
1.82584
1.82143
1.81542
1.80816
1.80031
1.7928
1.78668
1.78286
1.78174
1.78309
1.78617
1.79018
1.79441
1.79846
1.80213
1.80534
1.8081
1.81039
1.81225
1.81367
1.81465
1.81519
1.81529
1.81496
1.8142
1.81305
1.81155
1.80978
1.80783
1.8058
1.80381
1.80195
1.80033
1.79899
1.79798
1.79728
1.79687
1.79671
1.79674
1.79691
1.7972
1.79758
1.79808
1.79873
1.79955
1.8006
1.80188
1.8034
1.80511
1.80695
1.80884
1.8107
1.81245
1.81402
1.81537
1.81646
1.8173
1.81787
1.81818
1.81825
1.81808
1.81769
1.81707
1.81622
1.81514
1.81384
1.81232
1.8106
1.8087
1.80669
1.80462
1.80258
1.80068
1.79901
1.79765
1.79666
1.79607
1.79586
1.79595
1.79625
1.79661
1.79689
1.79696
1.79669
1.79602
1.79491
1.7934
1.79158
1.78958
1.78755
1.78569
1.78415
1.78304
1.78246
1.78238
1.78277
1.7835
1.78446
1.78552
1.78658
1.78758
1.78851
1.78939
1.79026
1.79115
1.79203
1.79287
1.79361
1.7942
1.79464
1.79497
1.7953
1.79574
1.79638
1.79726
1.79833
1.79946
1.8005
1.80125
1.80155
1.80123
1.80016
1.79824
1.79539
1.7916
1.78694
1.78162
1.77602
1.77071
1.76636
1.76355
1.76258
1.76337
1.76546
1.76822
1.77104
1.77344
1.77513
1.77598
1.77593
1.77497
1.77312
1.77038
1.76679
1.76248
1.75771
1.75294
1.74885
1.74618
1.74552
1.74702
1.75034
1.75473
1.75927
1.76321
1.76605
1.7676
1.76793
1.76732
1.76612
1.76469
1.76336
1.76234
1.76174
1.76163
1.76199
1.76285
1.76418
1.76598
1.76819
1.77071
1.77342
1.77617
1.77883
1.78125
1.78333
1.78497
1.78611
1.78668
1.78668
1.78614
1.78513
1.78382
1.78243
1.78119
1.7803
1.77983
1.77971
1.77969
1.77941
1.77847
1.77652
1.77331
1.76877
1.76305
1.75658
1.75001
1.7442
1.74002
1.73812
1.73878
1.7418
1.74665
1.75259
1.75897
1.7653
1.77129
1.77683
1.78191
1.78658
1.79089
1.79486
1.79848
1.80172
1.80454
1.80688
1.80867
1.80984
1.81032
1.81003
1.80894
1.80702
1.80427
1.80073
1.79649
1.79168
1.78645
1.78102
1.77562
1.77053
1.76601
1.76231
1.75954
1.7577
1.75669
1.75642
1.757
1.75874
1.76209
1.76737
1.77452
1.783
1.79189
1.80018
1.80696
1.81161
1.81382
1.81367
1.81165
1.80874
1.80623
1.80539
1.80693
1.81077
1.81606
1.82171
1.82676
1.83063
1.83309
1.83413
1.83387
1.83251
1.83033
1.82771
1.82519
1.82336
1.82273
1.82356
1.82575
1.82886
1.83229
1.83547
1.83802
1.83977
1.84069
1.84089
1.84048
1.83954
1.8381
1.8362
1.83387
1.8313
1.82878
1.82676
1.82568
1.82583
1.82722
1.82956
1.83227
1.83474
1.83646
1.83716
1.83689
1.83603
1.83516
1.83494
1.83593
1.8384
1.84229
1.84724
1.85273
1.85825
1.86334
1.86768
1.87102
1.87323
1.87424
1.87405
1.87275
1.8705
1.8676
1.86444
1.86151
1.85935
1.85845
1.85913
1.8615
1.86538
1.87033
1.8758
1.88124
1.88615
1.89019
1.89318
1.89506
1.89588
1.89578
1.89494
1.89357
1.89189
1.89003
1.88806
1.88591
1.8834
1.88026
1.87624
1.87115
1.865
1.85805
1.85084
1.84406
1.83844
1.8345
1.8325
1.83242
1.83403
1.83695
1.8407
1.84478
1.84874
1.85218
1.85485
1.85661
1.85744
1.85745
1.85684
1.85593
1.85508
1.85463
1.85479
1.85557
1.85676
1.858
1.85887
1.85908
1.85851
1.85725
1.85555
1.85376
1.85225
1.85131
1.85115
1.85182
1.85322
1.85513
1.85717
1.8589
1.85982
1.85937
1.85702
1.85235
1.84525
1.83599
1.82539
1.81474
1.80557
1.79928
1.79661
1.79748
1.80105
1.80618
1.81191
1.81775
1.82362
1.82969
1.83605
1.8426
1.84905
1.85501
1.86016
1.8643
1.86736
1.86938
1.87044
1.87064
1.87007
1.86879
1.86677
1.86396
1.8602
1.85531
1.84914
1.8417
1.83328
1.82466
1.81702
1.81164
1.80935
1.81009
1.81291
1.81648
1.81965
1.82175
1.82258
1.8223
1.82125
1.81979
1.81824
1.81683
1.81567
1.81477
1.81409
1.81353
1.813
1.81242
1.81179
1.81115
1.81061
1.81034
1.8105
1.81126
1.81271
1.81487
1.81765
1.82087
1.82429
1.82768
1.83083
1.83357
1.8358
1.83746
1.83851
1.83894
1.83869
1.83764
1.8356
1.83229
1.8274
1.82067
1.81212
1.80231
1.79252
1.78457
1.78014
1.77993
1.78332
1.78885
1.79507
1.80098
1.80608
1.81018
1.81322
1.81522
1.81627
1.81656
1.81635
1.81602
1.81592
1.81639
1.81767
1.81988
1.82295
1.82671
1.8309
1.83522
1.83943
1.84331
1.84676
1.84973
1.85224
1.85435
1.85613
1.85764
1.85893
1.86001
1.86086
1.86141
1.86154
1.86108
1.85982
1.85754
1.85403
1.84918
1.84313
1.83632
1.82966
1.82433
1.82151
1.82188
1.82535
1.83113
1.83808
1.84508
1.85127
1.85608
1.85916
1.86033
1.85946
1.85649
1.85138
1.8442
1.83516
1.82479
1.81397
1.80393
1.79599
1.79123
1.79015
1.79261
1.79801
1.80557
1.81448
1.82402
1.83356
1.84258
1.85074
1.85784
1.86383
1.86874
1.87269
1.87579
1.87818
1.87994
1.88118
1.88196
1.8823
1.88224
1.88179
1.88095
1.87973
1.87815
1.87625
1.87412
1.87186
1.86965
1.86767
1.86614
1.86524
1.86512
1.8658
1.86721
1.86918
1.87149
1.8739
1.87621
1.87823
1.87987
1.88105
1.8817
1.88174
1.88106
1.87951
1.87685
1.87283
1.86716
1.85959
1.84995
1.83831
1.82509
1.81116
1.7979
1.78697
1.77992
1.7777
1.78038
1.78722
1.79699
1.80832
1.82006
1.8314
1.84188
1.8513
1.85963
1.86694
1.87331
1.87883
1.88356
1.88754
1.8908
1.89331
1.89506
1.89597
1.89596
1.89495
1.89279
1.88939
1.88466
1.87862
1.87142
1.86345
1.85528
1.84765
1.84131
1.83683
1.83451
1.83429
1.83584
1.83859
1.84193
1.84525
1.84813
1.85031
1.85172
1.85238
1.85238
1.85181
1.85073
1.84917
1.84712
1.84458
1.84154
1.83805
1.83426
1.83042
1.82689
1.82411
1.82241
1.82197
1.82272
1.82435
1.82644
1.82853
1.83025
1.83134
1.83164
1.83105
1.82954
1.82713
1.82387
1.81989
1.81539
1.81065
1.80603
1.80192
1.79867
1.79652
1.79557
1.79575
1.79683
1.79853
1.80048
1.80235
1.80382
1.80471
1.8049
1.80443
1.80343
1.80214
1.80085
1.79982
1.79926
1.79924
1.79972
1.80055
1.80154
1.80245
1.80311
1.80338
1.80315
1.80238
1.80105
1.79914
1.79669
1.79369
1.79013
1.78594
1.78093
1.77485
1.76739
1.75833
1.74787
1.73685
1.72694
1.72019
1.71804
1.72044
1.72583
1.73203
1.73724
1.74056
1.74193
1.74191
1.74138
1.74128
1.74229
1.74466
1.74818
1.75234
1.75656
1.76036
1.76344
1.7657
1.76714
1.76782
1.76784
1.76731
1.7663
1.76491
1.76319
1.7612
1.75902
1.75669
1.75428
1.75186
1.74952
1.74733
1.74538
1.74375
1.74253
1.74175
1.74143
1.74158
1.74213
1.74305
1.74425
1.74568
1.74728
1.749
1.7508
1.75268
1.7546
1.75656
1.75854
1.76053
1.76251
1.76444
1.76627
1.76795
1.7694
1.77049
1.77108
1.77099
1.76999
1.76778
1.76407
1.75858
1.75112
1.74176
1.73097
1.7197
1.70934
1.70139
1.69697
1.69649
1.69961
1.70555
1.71331
1.72198
1.73078
1.73917
1.7468
1.75348
1.75915
1.76382
1.76756
1.77041
1.77244
1.7737
1.77422
1.77403
1.77315
1.77161
1.76949
1.76689
1.76393
1.76079
1.75765
1.75469
1.7521
1.75005
1.74874
1.74835
1.74901
1.75068
1.75315
1.75601
1.7588
1.76103
1.76228
1.76228
1.76085
1.758
1.75389
1.74892
1.74374
1.73923
1.73632
1.73573
1.73774
1.74213
1.74827
1.75538
1.76275
1.76986
1.77641
1.78226
1.78739
1.79182
1.79563
1.7989
1.80168
1.80403
1.80595
1.80747
1.80855
1.80915
1.80921
1.80866
1.80743
1.80542
1.80256
1.79879
1.79404
1.78827
1.78141
1.77344
1.7644
1.75443
1.7439
1.73338
1.7237
1.71578
1.71053
1.70865
1.71052
1.71613
1.72503
1.73638
1.74906
1.76192
1.77397
1.78452
1.7932
1.79983
1.80443
1.80706
1.80785
1.80694
1.80454
1.80095
1.79657
1.79197
1.78776
1.78452
1.78266
1.78233
1.78338
1.78551
1.78833
1.79149
1.79474
1.79788
1.8008
1.80343
1.80572
1.80766
1.80924
1.81047
1.81136
1.81192
1.81219
1.81218
1.81192
1.81143
1.81076
1.80993
1.80901
1.80803
1.80706
1.80615
1.80537
1.80476
1.80437
1.80422
1.80432
1.80467
1.80525
1.80603
1.80697
1.80802
1.80912
1.81021
1.81124
1.81217
1.81294
1.81351
1.81384
1.81389
1.81363
1.81302
1.81205
1.81074
1.80913
1.8073
1.80539
1.80355
1.80197
1.80086
1.80034
1.80048
1.80123
1.80245
1.8039
1.8053
1.80642
1.80704
1.80705
1.80642
1.80521
1.80357
1.80171
1.79988
1.79838
1.79746
1.79729
1.79795
1.79934
1.80126
1.80349
1.80579
1.80802
1.81013
1.81218
1.81424
1.8164
1.81875
1.82128
1.82396
1.82672
1.82945
1.83203
1.83436
1.83636
1.83794
1.83907
1.83971
1.83982
1.83938
1.8384
1.83686
1.83479
1.83223
1.82925
1.82596
1.8225
1.81901
1.81564
1.81249
1.80963
1.80706
1.80477
1.8028
1.80125
1.80038
1.80051
1.80196
1.80484
1.80903
1.81409
1.81942
1.82436
1.82834
1.83087
1.83165
1.83049
1.82742
1.8227
1.81692
1.81101
1.80612
1.80326
1.80297
1.80515
1.80916
1.81418
1.81948
1.82457
1.82922
1.83334
1.83691
1.83995
1.84246
1.84443
1.84587
1.84677
1.84715
1.84704
1.84645
1.84544
1.84403
1.8423
1.84029
1.83811
1.83588
1.83374
1.83187
1.83048
1.82972
1.82967
1.83032
1.83151
1.83299
1.83442
1.8355
1.83595
1.83558
1.83428
1.83205
1.82901
1.82536
1.82141
1.81754
1.81412
1.81146
1.80975
1.80903
1.80922
1.81018
1.81174
1.81377
1.81612
1.81867
1.82129
1.82383
1.82617
1.82819
1.82983
1.83104
1.83182
1.8322
1.83223
1.83197
1.83149
1.83086
1.83013
1.82937
1.82859
1.82781
1.82705
1.8263
1.82555
1.8248
1.82402
1.8232
1.82233
1.82137
1.82027
1.81898
1.81742
1.81551
1.8132
1.81047
1.80738
1.8041
1.80086
1.798
1.79584
1.79465
1.79456
1.79558
1.79758
1.80039
1.80383
1.80772
1.81186
1.81604
1.82004
1.82361
1.82655
1.82867
1.8299
1.83021
1.82967
1.82843
1.82675
1.82491
1.82325
1.82208
1.82159
1.82185
1.82276
1.82412
1.82566
1.82712
1.82829
1.82901
1.82921
1.82887
1.82799
1.82661
1.82479
1.82258
1.82007
1.81737
1.8146
1.81194
1.80958
1.80775
1.8067
1.80665
1.80776
1.81009
1.81359
1.81804
1.82317
1.82861
1.83403
1.83912
1.84365
1.84747
1.85049
1.85268
1.85403
1.85458
1.85439
1.85353
1.85208
1.85018
1.84796
1.84557
1.84318
1.84093
1.83895
1.83732
1.83608
1.83523
1.83476
1.83465
1.83486
1.8354
1.83627
1.83746
1.83897
1.84077
1.84282
1.84504
1.84736
1.84968
1.85193
1.85403
1.85596
1.85768
1.85922
1.86059
1.86185
1.86304
1.8642
1.86537
1.86656
1.86775
1.86892
1.86998
1.87089
1.87157
1.87195
1.87199
1.87163
1.87081
1.86943
1.86733
1.86423
1.8598
1.85366
1.84561
1.8359
1.82564
1.81687
1.812
1.81251
1.81801
1.82647
1.8355
1.8434
1.84953
1.85399
1.8572
1.85954
1.86125
1.86235
1.86274
1.86229
1.86097
1.85887
1.85625
1.85349
1.85104
1.84922
1.84813
1.84761
1.84728
1.84669
1.84558
1.84407
1.8428
1.84277
1.84481
1.84912
1.855
1.86109
1.86595
1.86845
1.868
1.86459
1.85876
1.85158
1.84448
1.83897
1.8361
1.83613
1.83847
1.84203
1.84559
1.84812
1.84893
1.84771
1.8446
1.84015
1.83532
1.83126
1.82899
1.829
1.83113
1.83469
1.83882
1.84284
1.84638
1.84937
1.85191
1.85421
1.8564
1.85858
1.86073
1.86275
1.86455
1.86601
1.86701
1.86747
1.86732
1.86648
1.86491
1.86255
1.85941
1.85553
1.85105
1.84619
1.84124
1.83652
1.83232
1.82883
1.82608
1.82397
1.82235
1.82107
1.82013
1.81961
1.81969
1.82054
1.82221
1.82458
1.82741
1.83039
1.83319
1.83559
1.83743
1.83862
1.83917
1.83913
1.83858
1.83767
1.83654
1.83535
1.83425
1.83334
1.83267
1.83222
1.83191
1.83162
1.83123
1.8306
1.82964
1.82827
1.82647
1.82426
1.8217
1.81888
1.81594
1.81305
1.8104
1.80814
1.80644
1.80536
1.80492
1.80506
1.80568
1.80661
1.80771
1.80884
1.80989
1.81078
1.81147
1.81194
1.81219
1.81223
1.81209
1.8118
1.81136
1.81081
1.81015
1.80939
1.80848
1.8074
1.80607
1.80439
1.8022
1.79935
1.79564
1.79094
1.78515
1.77837
1.77093
1.76347
1.75695
1.75242
1.75084
1.75272
1.75792
1.76569
1.77487
1.78427
1.79293
1.80022
1.80582
1.80965
1.81174
1.81215
1.81096
1.8082
1.80393
1.79823
1.79126
1.78334
1.77502
1.76702
1.76015
1.75512
1.75233
1.75176
1.75302
1.75559
1.75892
1.76261
1.76638
1.77004
1.77344
1.77637
1.77857
1.77973
1.77955
1.77781
1.77445
1.76979
1.76451
1.75965
1.75635
1.75542
1.75704
1.76066
1.76536
1.7702
1.77451
1.77793
1.78038
1.78192
1.78268
1.78279
1.78242
1.78168
1.78074
1.77978
1.77898
1.77854
1.77864
1.77935
1.78066
1.78246
1.78457
1.78674
1.78878
1.79049
1.79174
1.79246
1.7926
1.79218
1.79125
1.78993
1.78836
1.78676
1.78538
1.78443
1.78409
1.78443
1.78539
1.7868
1.78841
1.78996
1.7912
1.79192
1.79201
1.79141
1.79016
1.7884
1.78636
1.78435
1.78277
1.782
1.78238
1.78408
1.78714
1.79136
1.79647
1.80209
1.80789
1.81355
1.81887
1.82369
1.82791
1.83149
1.83442
1.83668
1.8383
1.83929
1.83965
1.83942
1.83862
1.83729
1.83548
1.83328
1.83076
1.82806
1.82529
1.82258
1.82006
1.81783
1.81594
1.81441
1.81323
1.81235
1.81172
1.81127
1.81099
1.81091
1.81111
1.81172
1.81287
1.81462
1.817
1.81991
1.82322
1.82678
1.83046
1.83419
1.83799
1.84191
1.84606
1.85054
1.85537
1.86046
1.86562
1.87057
1.875
1.87866
1.88137
1.88301
1.88358
1.88311
1.8817
1.87947
1.87658
1.87318
1.86947
1.86563
1.86184
1.85827
1.85504
1.85222
1.84982
1.84779
1.84598
1.84425
1.84242
1.84035
1.83799
1.83539
1.83271
1.83024
1.82831
1.82719
1.82702
1.82767
1.82882
1.82996
1.83055
1.83014
1.82848
1.82552
1.8215
1.81684
1.81211
1.80792
1.80485
1.80331
1.80347
1.80524
1.80828
1.81205
1.81596
1.81951
1.82234
1.82424
1.82521
1.82532
1.82476
1.82374
1.8225
1.82126
1.82019
1.81937
1.81884
1.81856
1.81844
1.81839
1.81833
1.81818
1.8179
1.81742
1.81671
1.81572
1.81434
1.81246
1.80989
1.80641
1.80174
1.79567
1.78806
1.7791
1.76946
1.76035
1.75346
1.75039
1.75205
1.75825
1.7678
1.77909
1.79055
1.80107
1.80998
1.81702
1.82216
1.82551
1.82721
1.82737
1.82609
1.82339
1.81928
1.81375
1.80683
1.7986
1.78926
1.77918
1.76891
1.75918
1.75083
1.74464
1.74109
1.74027
1.74173
1.74474
1.74844
1.75214
1.75542
1.75816
1.76041
1.76233
1.76409
1.7658
1.76752
1.76925
1.77091
1.77239
1.77356
1.77425
1.77427
1.77341
1.7715
1.76838
1.76403
1.75861
1.75255
1.74656
1.74153
1.73827
1.73723
1.7383
1.7409
1.74424
1.7476
1.75047
1.75261
1.75398
1.75464
1.75471
1.75429
1.75346
1.75227
1.75074
1.74888
1.74664
1.74401
1.741
1.73763
1.734
1.73031
1.7268
1.72379
1.72157
1.72034
1.72013
1.7208
1.72205
1.7235
1.72478
1.72557
1.72565
1.72491
1.72337
1.72119
1.71866
1.71617
1.71419
1.71314
1.7133
1.71468
1.71712
1.72025
1.7237
1.72711
1.73024
1.73296
1.73521
1.73697
1.73824
1.73902
1.73927
1.73894
1.73792
1.73611
1.73343
1.72986
1.72551
1.72074
1.71613
1.7124
1.71019
1.70978
1.71085
1.71263
1.71408
1.71432
1.71288
1.70995
1.7064
1.70363
1.70304
1.70539
1.71044
1.71708
1.72393
1.72989
1.73438
1.73728
1.73881
1.73933
1.73924
1.73893
1.73873
1.73886
1.73946
1.74057
1.74215
1.74411
1.74633
1.74867
1.75101
1.75324
1.75525
1.75696
1.7583
1.7592
1.75963
1.75955
1.75897
1.75797
1.75666
1.75524
1.75396
1.7531
1.75287
1.75338
1.75461
1.75637
1.75842
1.76047
1.7623
1.76376
1.76477
1.76537
1.76562
1.76562
1.76547
1.76527
1.76508
1.76495
1.76492
1.76502
1.76528
1.76575
1.76646
1.76747
1.7688
1.77048
1.77249
1.7748
1.77736
1.78012
1.78301
1.78597
1.78895
1.79192
1.79483
1.79766
1.80038
1.80297
1.80539
1.80764
1.80967
1.81148
1.81305
1.81435
1.81539
1.81617
1.81668
1.81697
1.81707
1.81705
1.817
1.817
1.81716
1.81754
1.8182
1.81917
1.82045
1.82201
1.82381
1.8258
1.82791
1.83007
1.8322
1.8342
1.83598
1.83746
1.83861
1.83942
1.83992
1.84017
1.8402
1.83997
1.83935
1.83805
1.83573
1.83207
1.82698
1.82085
1.81466
1.80977
1.80741
1.80798
1.81077
1.81442
1.81756
1.81935
1.81954
1.81838
1.81638
1.81415
1.81228
1.81128
1.8115
1.8131
1.816
1.81991
1.82441
1.82908
1.83351
1.83746
1.84076
1.84334
1.84517
1.84622
1.84647
1.84597
1.84488
1.84351
1.84229
1.84164
1.84181
1.84276
1.84415
1.84545
1.84607
1.8456
1.84382
1.8408
1.83693
1.83287
1.82944
1.82736
1.82706
1.82845
1.83101
1.83396
1.83659
1.83834
1.83898
1.83855
1.83733
1.83581
1.83454
1.83408
1.83475
1.83661
1.83941
1.84266
1.8458
1.8483
1.84974
1.84986
1.84854
1.84578
1.8417
1.8365
1.83049
1.82416
1.81822
1.81349
1.81063
1.80978
1.81038
1.81141
1.81187
1.81118
1.80935
1.80683
1.80432
1.80248
1.80173
1.80211
1.80329
1.80474
1.806
1.80685
1.80743
1.80814
1.80949
1.81191
1.81557
1.82032
1.82578
1.83143
1.83678
1.84142
1.8451
1.84769
1.84914
1.84944
1.84861
1.84669
1.8437
1.83972
1.83487
1.82935
1.82347
1.81761
1.81216
1.80741
1.80349
1.8003
1.7976
1.79511
1.79265
1.79022
1.78798
1.78618
1.78505
1.78467
1.78503
1.78598
1.78734
1.78893
1.79061
1.79226
1.7938
1.79513
1.7962
1.797
1.79754
1.79792
1.79824
1.79857
1.79895
1.7993
1.79944
1.79906
1.79777
1.79521
1.79116
1.78577
1.77976
1.77445
1.77152
1.77224
1.7768
1.78423
1.79287
1.80119
1.80817
1.81332
1.81655
1.81786
1.81729
1.81483
1.81047
1.80437
1.797
1.78937
1.78302
1.77956
1.77997
1.78406
1.79051
1.79758
1.80378
1.8082
1.81045
1.81049
1.80851
1.80487
1.80009
1.79493
1.79029
1.78697
1.78538
1.78536
1.78616
1.78679
1.78639
1.78447
1.78101
1.77641
1.77132
1.76654
1.76276
1.76053
1.7601
1.76151
1.76461
1.76908
1.77455
1.78055
1.78664
1.79235
1.79729
1.80118
1.80387
1.80547
1.80629
1.8069
1.808
1.81016
1.81365
1.81833
1.82373
1.8292
1.8342
1.83831
1.84131
1.84309
1.8436
1.84276
1.84041
1.83627
1.82989
1.82076
1.80831
1.7923
1.7732
1.75271
1.73379
1.71987
1.71337
1.71473
1.7226
1.73474
1.74877
1.76266
1.775
1.78511
1.79288
1.79856
1.80256
1.80531
1.80722
1.80859
1.80964
1.81051
1.81126
1.8119
1.81243
1.8128
1.81294
1.8128
1.81231
1.81141
1.81005
1.80821
1.80589
1.80315
1.80009
1.79687
1.7937
1.79087
1.78863
1.78722
1.78676
1.78724
1.78847
1.79018
1.79204
1.79374
1.79502
1.79574
1.79579
1.79515
1.79387
1.79204
1.78982
1.78741
1.78504
1.78294
1.7813
1.78026
1.77985
1.78005
1.78075
1.78182
1.78312
1.78451
1.78589
1.78716
1.78824
1.78906
1.78954
1.78957
1.78901
1.78771
1.78552
1.78236
1.77829
1.7736
1.76891
1.76505
1.76287
1.76289
1.76507
1.76879
1.77315
1.7773
1.78064
1.78289
1.78403
1.78422
1.78368
1.78268
1.78145
1.78019
1.77901
1.77797
1.77705
1.77623
1.77545
1.77474
1.77419
1.77399
1.77439
1.77563
1.77783
1.78092
1.78469
1.78879
1.79286
1.79657
1.79969
1.80208
1.80371
1.80459
1.80478
1.80439
1.80353
1.80237
1.80107
1.79983
1.79884
1.79826
1.79819
1.79865
1.79958
1.80084
1.80225
1.8036
1.80471
1.80542
1.80565
1.80537
1.80466
1.80361
1.80241
1.80124
1.80024
1.79948
1.79892
1.79844
1.79786
1.79703
1.79593
1.79465
1.79343
1.79253
1.7921
1.79206
1.7921
1.79179
1.79072
1.78873
1.786
1.78306
1.78069
1.77969
1.78061
1.78354
1.7881
1.79354
1.79897
1.80363
1.80701
1.80898
1.80973
1.8097
1.80946
1.80948
1.80998
1.8109
1.81193
1.81265
1.81274
1.81207
1.81077
1.80921
1.80787
1.80727
1.80772
1.80928
1.81177
1.81478
1.81786
1.8206
1.82268
1.82389
1.82412
1.82334
1.82162
1.81918
1.81632
1.81349
1.81116
1.80973
1.8094
1.81013
1.81167
1.81369
1.81586
1.81797
1.81993
1.82172
1.82336
1.8249
1.82638
1.82785
1.82935
1.83094
1.83266
1.83457
1.83669
1.83899
1.8414
1.84382
1.8461
1.84808
1.84962
1.8506
1.85097
1.85073
1.84994
1.84874
1.84732
1.84592
1.84482
1.84429
1.84453
1.84567
1.84769
1.85046
1.85371
1.85713
1.86039
1.86323
1.86548
1.8671
1.86816
1.86882
1.86923
1.86948
1.86952
1.86915
1.86808
1.86603
1.86278
1.85832
1.8528
1.84654
1.83996
1.83349
1.82751
1.82234
1.81826
1.8156
1.81471
1.81595
1.81946
1.82507
1.83226
1.84026
1.84823
1.85544
1.86137
1.8657
1.86835
1.86935
1.86885
1.86701
1.864
1.85997
1.855
1.84918
1.84257
1.83534
1.82783
1.82063
1.81462
1.81076
1.80976
1.81177
1.81625
1.82222
1.82862
1.83462
1.83975
1.8438
1.8468
1.84885
1.8501
1.8507
1.85076
1.85038
1.84965
1.84862
1.84735
1.84588
1.84424
1.84246
1.84055
1.83853
1.8364
1.83416
1.83181
1.82933
1.82672
1.82398
1.82113
1.81818
1.81518
1.81221
1.80933
1.80667
1.80432
1.80241
1.80106
1.80036
1.80037
1.80112
1.80256
1.80461
1.8071
1.80987
1.81273
1.81552
1.81815
1.82056
1.82279
1.8249
1.82697
1.8291
1.83135
1.83375
1.83627
1.83883
1.84134
1.84369
1.84577
1.84746
1.84866
1.84931
1.84932
1.84866
1.84734
1.84542
1.84304
1.84046
1.83799
1.836
1.83481
1.8346
1.83532
1.83673
1.83843
1.83999
1.84104
1.84143
1.84118
1.84055
1.83996
1.83986
1.84058
1.84229
1.84488
1.84808
1.85159
1.85516
1.85867
1.86212
1.86563
1.86934
1.87334
1.87769
1.88231
1.88709
1.89182
1.89632
1.90037
1.90379
1.90639
1.90805
1.9087
1.90837
1.90725
1.90566
1.90401
1.90274
1.90217
1.90242
1.90337
1.90474
1.9062
1.90746
1.90836
1.9088
1.9088
1.90842
1.90777
1.90692
1.90597
1.90498
1.90397
1.90295
1.90194
1.90093
1.89997
1.89911
1.89845
1.89807
1.89802
1.89828
1.89881
1.89948
1.90015
1.90071
1.90105
1.90109
1.90081
1.90023
1.89942
1.8985
1.89763
1.89696
1.89663
1.89672
1.89721
1.89806
1.89914
1.90031
1.90143
1.90239
1.90313
1.90362
1.90388
1.90397
1.90397
1.90394
1.9039
1.90383
1.90363
1.90314
1.90216
1.90046
1.89783
1.89421
1.8897
1.88472
1.87999
1.87637
1.8746
1.87496
1.87717
1.8805
1.88413
1.88738
1.88989
1.89155
1.89244
1.8927
1.8925
1.89199
1.89128
1.89044
1.88954
1.88857
1.88756
1.88649
1.88535
1.88411
1.88276
1.88127
1.87962
1.8778
1.8758
1.87361
1.87124
1.86871
1.86604
1.86325
1.86039
1.85749
1.85459
1.85172
1.84892
1.84621
1.84361
1.84117
1.83892
1.83692
1.8352
1.83379
1.83269
1.83184
1.83116
1.83054
1.82984
1.82897
1.82783
1.82643
1.8248
1.82308
1.82143
1.82
1.81888
1.81798
1.81706
1.81566
1.81326
1.80936
1.8037
1.79641
1.7882
1.78024
1.7739
1.77013
1.76908
1.77011
1.77221
1.77452
1.77658
1.77832
1.77986
1.78141
1.78315
1.78515
1.7874
1.78983
1.79232
1.79475
1.79702
1.79903
1.80073
1.80206
1.80301
1.80358
1.80378
1.80361
1.8031
1.80225
1.80109
1.7996
1.79781
1.79573
1.79336
1.79073
1.7879
1.78494
1.78195
1.77907
1.77645
1.77426
1.77263
1.77161
1.77122
1.77138
1.77192
1.77269
1.77348
1.77412
1.77446
1.7744
1.77383
1.77267
1.77084
1.76826
1.76485
1.76056
1.75542
1.74961
1.74354
1.7379
1.73353
1.7312
1.73132
1.73376
1.73797
1.74316
1.74862
1.75385
1.75854
1.76252
1.76572
1.76811
1.76975
1.77072
1.77113
1.77111
1.77079
1.77026
1.76953
1.76859
1.76736
1.76575
1.76369
1.7612
1.75835
1.75537
1.75257
1.7503
1.74891
1.74865
1.74958
1.7516
1.75448
1.7579
1.76156
1.76518
1.76859
1.77167
1.77438
1.77672
1.77872
1.78038
1.78172
1.78271
1.78332
1.78349
1.78318
1.78231
1.78083
1.77872
1.77598
1.77264
1.7688
1.76459
1.7602
1.75585
1.7518
1.74839
1.74599
1.74499
1.74571
1.74821
1.75229
1.75743
1.76292
1.76803
1.77212
1.77485
1.77618
1.77641
1.77611
1.77597
1.77654
1.77811
1.7806
1.78362
1.78665
1.78917
1.79082
1.79141
1.79095
1.78963
1.78778
1.78583
1.78423
1.78335
1.78341
1.78446
1.78637
1.78894
1.79192
1.79511
1.79837
1.80158
1.80467
1.8076
1.81028
1.81264
1.81455
1.81584
1.81627
1.81554
1.81329
1.80908
1.80247
1.79321
1.78144
1.76813
1.75522
1.74536
1.74086
1.74255
1.74945
1.75951
1.77076
1.78187
1.79209
1.80111
1.80878
1.81507
1.81997
1.82351
1.82574
1.82675
1.82663
1.82553
1.82365
1.82126
1.81871
1.81633
1.81446
1.81326
1.81275
1.81272
1.81284
1.81271
1.81199
1.81044
1.80799
1.80476
1.80105
1.79732
1.79412
1.79195
1.79114
1.79179
1.79379
1.79687
1.80072
1.80507
1.80967
1.81435
1.81893
1.82328
1.82724
1.83066
1.83343
1.83543
1.83656
1.83672
1.83583
1.83382
1.83063
1.82628
1.82085
1.81455
1.80773
1.80087
1.79456
1.78944
1.78621
1.78547
1.78758
1.79245
1.79946
1.80767
1.81611
1.82401
1.83096
1.83682
1.84164
1.84552
1.84858
1.8509
1.85252
1.85344
1.85364
1.85309
1.85172
1.84947
1.84625
1.84197
1.83659
1.83017
1.82299
1.81565
1.80911
1.80454
1.80292
1.80465
1.80927
1.81566
1.82248
1.82851
1.83296
1.83544
1.83588
1.83442
1.83134
1.82707
1.82217
1.81741
1.81369
1.81187
1.81254
1.8157
1.82085
1.82713
1.83363
1.83968
1.84487
1.849
1.85207
1.85414
1.85531
1.8557
1.85544
1.85465
1.85347
1.85203
1.85046
1.8489
1.84748
1.8463
1.84545
1.84499
1.84491
1.84518
1.84575
1.84652
1.84739
1.84825
1.84901
1.84957
1.84985
1.84979
1.84933
1.84849
1.84731
1.84595
1.84463
1.84365
1.84332
1.84388
1.84545
1.84796
1.85119
1.85482
1.85851
1.86198
1.86501
1.86751
1.86942
1.87078
1.87166
1.87216
1.8724
1.87249
1.87252
1.87254
1.87252
1.87235
1.87186
1.87081
1.86897
1.86616
1.86234
1.85774
1.85285
1.84844
1.84536
1.84431
1.8456
1.84909
1.85428
1.86058
1.86742
1.87437
1.8811
1.88741
1.89315
1.89818
1.90241
1.90572
1.908
1.90912
1.90898
1.90747
1.9046
1.90047
1.8954
1.88988
1.8846
1.88027
1.87743
1.87635
1.87697
1.87899
1.88203
1.88569
1.88964
1.89356
1.89714
1.90013
1.90226
1.90335
1.90334
1.90231
1.90054
1.89851
1.89685
1.89616
1.89686
1.89901
1.90231
1.90618
1.90999
1.91321
1.91546
1.91654
1.9164
1.91508
1.91266
1.90928
1.90506
1.9001
1.89446
1.88813
1.88096
1.87267
1.86278
1.85084
1.83669
1.82121
1.80704
1.79835
1.79894
1.80942
1.82661
1.84578
1.8632
1.87705
1.88699
1.89344
1.89708
1.8986
1.8986
1.89759
1.89591
1.89382
1.89143
