1.17825
1.18073
1.18407
1.18765
1.19096
1.19363
1.19547
1.19643
1.19653
1.19589
1.19462
1.19291
1.19092
1.18875
1.18642
1.18384
1.18088
1.17743
1.17357
1.16962
1.1661
1.1635
1.1621
1.16186
1.16251
1.16381
1.16572
1.16838
1.17195
1.17643
1.18158
1.18703
1.19237
1.19728
1.2016
1.20527
1.20833
1.21084
1.21289
1.21455
1.21591
1.217
1.21786
1.21852
1.21897
1.21921
1.2192
1.21891
1.21828
1.21723
1.21568
1.21356
1.21083
1.20751
1.20377
1.1999
1.19636
1.19368
1.19229
1.19237
1.19378
1.19608
1.1987
1.2011
1.20283
1.20354
1.20296
1.20096
1.19753
1.19297
1.188
1.18373
1.18138
1.18176
1.18482
1.18975
1.19541
1.20085
1.20555
1.2093
1.21207
1.21385
1.21454
1.21393
1.21162
1.2071
1.1999
1.18999
1.17839
1.16772
1.16154
1.16224
1.16912
1.1791
1.18899
1.19698
1.2026
1.2061
1.20793
1.20852
1.20822
1.20731
1.20597
1.20429
1.20232
1.20004
1.19737
1.19424
1.19062
1.18658
1.18236
1.17844
1.17543
1.17394
1.1743
1.17639
1.17973
1.18363
1.18748
1.19082
1.19345
1.1953
1.19644
1.19694
1.19694
1.19653
1.19581
1.19489
1.19383
1.19271
1.19157
1.19046
1.1894
1.18842
1.18751
1.18666
1.18586
1.18505
1.18421
1.18327
1.18215
1.18076
1.17901
1.17678
1.174
1.17063
1.16676
1.16268
1.15884
1.15587
1.15436
1.15461
1.15654
1.15971
1.16349
1.16733
1.17082
1.17371
1.17592
1.17741
1.17819
1.17827
1.17768
1.17649
1.17479
1.17272
1.17041
1.16801
1.16556
1.16301
1.16023
1.15707
1.15348
1.14958
1.14569
1.14224
1.13966
1.13826
1.13822
1.1396
1.14241
1.14653
1.1517
1.15747
1.16333
1.1688
1.17356
1.17744
1.18042
1.18257
1.18399
1.1848
1.18513
1.18506
1.18467
1.18404
1.18322
1.18226
1.18121
1.1801
1.17898
1.1779
1.17692
1.17607
1.1754
1.17496
1.17474
1.17478
1.17505
1.17554
1.17624
1.17711
1.17813
1.17926
1.18048
1.18175
1.18303
1.18429
1.18549
1.1866
1.18759
1.18845
1.18917
1.18975
1.19017
1.19042
1.19051
1.19039
1.19006
1.18949
1.18867
1.18761
1.18634
1.18491
1.18341
1.18193
1.18056
1.17938
1.17844
1.17776
1.17732
1.17706
1.17694
1.17694
1.17702
1.17718
1.17738
1.17758
1.17773
1.17773
1.1775
1.17699
1.17618
1.17516
1.17403
1.17296
1.17212
1.1716
1.17148
1.17174
1.17233
1.17317
1.17419
1.17533
1.17651
1.17768
1.17878
1.17975
1.18058
1.18126
1.18184
1.18238
1.18299
1.18374
1.18471
1.18588
1.18723
1.18865
1.19004
1.19131
1.19239
1.19324
1.19384
1.19423
1.19441
1.19444
1.19434
1.19413
1.19384
1.19346
1.193
1.19245
1.19179
1.19101
1.19009
1.18901
1.18778
1.18641
1.1849
1.1833
1.18164
1.17999
1.1784
1.17694
1.17564
1.17454
1.17364
1.17294
1.17241
1.17205
1.17183
1.17177
1.17187
1.17214
1.17262
1.17329
1.17415
1.17517
1.1763
1.17746
1.17857
1.17955
1.18032
1.18081
1.18097
1.18077
1.18021
1.17931
1.17812
1.17668
1.17503
1.17316
1.17105
1.16868
1.16603
1.16312
1.16012
1.15726
1.1549
1.1534
1.15301
1.15381
1.15563
1.15818
1.16108
1.16397
1.1666
1.16881
1.1705
1.17167
1.17235
1.17262
1.17257
1.17235
1.17209
1.17195
1.17205
1.17247
1.17322
1.17426
1.17552
1.17689
1.17825
1.17953
1.18067
1.18162
1.18237
1.18293
1.1833
1.18351
1.18356
1.18348
1.1833
1.18303
1.18269
1.18231
1.18191
1.1815
1.1811
1.18069
1.18027
1.17979
1.1792
1.17843
1.17739
1.176
1.17419
1.17189
1.16908
1.16579
1.16212
1.15824
1.15447
1.15125
1.14911
1.14855
1.14987
1.15296
1.15735
1.16232
1.16721
1.17149
1.17492
1.17742
1.17908
1.18004
1.18048
1.18057
1.18046
1.18026
1.18005
1.17987
1.17975
1.1797
1.17975
1.17992
1.18022
1.18069
1.18134
1.18218
1.18317
1.18429
1.18548
1.18668
1.18782
1.18885
1.1897
1.19034
1.19077
1.19099
1.19101
1.19089
1.19066
1.19036
1.19001
1.18963
1.18919
1.18866
1.18804
1.18736
1.18673
1.18631
1.18626
1.18664
1.18736
1.18813
1.1885
1.18798
1.18612
1.18262
1.17741
1.17066
1.16289
1.15486
1.14752
1.14182
1.13839
1.13748
1.13887
1.14207
1.14648
1.15154
1.15682
1.16199
1.16678
1.17099
1.17447
1.17713
1.17895
1.17997
1.18026
1.17994
1.17916
1.17805
1.17672
1.17525
1.1737
1.17205
1.17027
1.16833
1.16621
1.16393
1.16158
1.15932
1.15732
1.15568
1.15445
1.15354
1.15283
1.15223
1.15177
1.15162
1.15203
1.15322
1.15525
1.15797
1.16106
1.16413
1.16685
1.169
1.17045
1.17119
1.17125
1.17068
1.16956
1.16797
1.16604
1.16389
1.16173
1.15979
1.15832
1.15752
1.15751
1.15826
1.1596
1.16124
1.16287
1.1642
1.16503
1.16522
1.1647
1.1635
1.16169
1.15942
1.15691
1.15439
1.15214
1.15037
1.14925
1.14879
1.14891
1.14942
1.15011
1.15076
1.15121
1.15134
1.15107
1.15036
1.14921
1.14762
1.14567
1.14348
1.14126
1.13931
1.13795
1.13746
1.138
1.13957
1.14201
1.14506
1.14847
1.15201
1.15553
1.15891
1.1621
1.16504
1.1677
1.17005
1.17208
1.17378
1.17512
1.1761
1.1767
1.17691
1.1767
1.17605
1.17491
1.17328
1.17116
1.16857
1.16562
1.1625
1.15944
1.15674
1.15468
1.15344
1.1531
1.15356
1.15461
1.15599
1.15744
1.15871
1.15959
1.15993
1.15961
1.15859
1.15694
1.1548
1.15248
1.15031
1.14865
1.14782
1.14796
1.1491
1.15111
1.15377
1.15679
1.15988
1.16275
1.16517
1.16701
1.16821
1.16875
1.16866
1.16798
1.16672
1.16489
1.16244
1.1594
1.15585
1.15207
1.14856
1.14597
1.14487
1.14548
1.14754
1.15043
1.15339
1.15582
1.15736
1.15794
1.15763
1.15664
1.15525
1.15375
1.15241
1.15146
1.15106
1.15127
1.15202
1.15315
1.15435
1.15524
1.15541
1.15451
1.15234
1.14906
1.14525
1.14195
1.14023
1.14077
1.14337
1.1471
1.15076
1.15339
1.15455
1.15427
1.15295
1.15126
1.14992
1.14956
1.15056
1.15297
1.15653
1.16081
1.16529
1.16953
1.17318
1.17604
1.17799
1.17901
1.17912
1.17839
1.17688
1.17467
1.17186
1.16851
1.16473
1.1606
1.15621
1.15168
1.14718
1.14291
1.13913
1.13613
1.13421
1.13356
1.13428
1.13627
1.13925
1.14284
1.14659
1.15015
1.15324
1.15574
1.15764
1.15902
1.16
1.1607
1.16124
1.16172
1.16216
1.16258
1.163
1.16349
1.16419
1.16529
1.16694
1.16919
1.17196
1.17502
1.17812
1.18101
1.18351
1.18554
1.18706
1.18809
1.18864
1.18876
1.18845
1.18769
1.18647
1.18474
1.18248
1.17969
1.17645
1.17296
1.16953
1.16654
1.1644
1.16337
1.16355
1.16484
1.16705
1.16994
1.1733
1.17697
1.18078
1.18457
1.1882
1.19156
1.19457
1.1972
1.19945
1.20132
1.20282
1.20395
1.20469
1.20501
1.20487
1.20424
1.20305
1.20129
1.19892
1.19594
1.19241
1.18844
1.18418
1.17988
1.17581
1.17223
1.16937
1.16736
1.16629
1.16613
1.16682
1.16825
1.17023
1.17254
1.17494
1.17723
1.17926
1.18101
1.18254
1.18396
1.18542
1.18704
1.18887
1.19086
1.19289
1.19481
1.19646
1.19771
1.19846
1.19872
1.19852
1.19795
1.19712
1.19613
1.19504
1.19387
1.19262
1.19124
1.18972
1.18809
1.1864
1.18472
1.1831
1.18159
1.18018
1.17889
1.17772
1.17673
1.17601
1.17564
1.17567
1.17606
1.17669
1.17741
1.17804
1.17847
1.17858
1.17836
1.17781
1.17696
1.17586
1.17458
1.17315
1.17164
1.1701
1.16857
1.16712
1.1658
1.16467
1.16379
1.16319
1.16288
1.16287
1.16311
1.16354
1.16409
1.1647
1.16531
1.16588
1.16637
1.16677
1.16708
1.16732
1.16748
1.16761
1.1677
1.16777
1.16785
1.16795
1.16806
1.1682
1.16836
1.16855
1.16874
1.16893
1.16908
1.16915
1.16912
1.16891
1.16849
1.16778
1.16678
1.16548
1.16395
1.16236
1.16094
1.15997
1.15971
1.16029
1.16163
1.16349
1.16545
1.16708
1.168
1.16791
1.16663
1.16413
1.16056
1.1562
1.15149
1.14688
1.14274
1.1392
1.13617
1.13344
1.13087
1.12867
1.12748
1.12823
1.13167
1.13782
1.14585
1.15447
1.16255
1.16941
1.17483
1.17891
1.18185
1.18394
1.18539
1.18641
1.18713
1.18766
1.18808
1.18844
1.18877
1.18908
1.18938
1.18964
1.18984
1.18992
1.18982
1.18946
1.18876
1.18759
1.18586
1.18348
1.18042
1.17677
1.17276
1.16881
1.16551
1.16346
1.16316
1.1648
1.16819
1.17283
1.17809
1.18332
1.18804
1.19194
1.19484
1.1967
1.19758
1.19759
1.19685
1.19556
1.19391
1.1921
1.19031
1.18868
1.18731
1.1862
1.18533
1.18463
1.18406
1.18359
1.1832
1.18292
1.18275
1.18271
1.18282
1.18309
1.18356
1.18428
1.18526
1.18653
1.18809
1.18988
1.19186
1.19394
1.19605
1.19808
1.19994
1.20154
1.20278
1.20356
1.20378
1.20335
1.20216
1.20019
1.19744
1.19409
1.19047
1.18706
1.18447
1.18318
1.18341
1.18506
1.18772
1.19086
1.19402
1.19682
1.19905
1.20059
1.2014
1.20151
1.20098
1.19992
1.19846
1.19677
1.19502
1.19336
1.19192
1.19077
1.1899
1.18928
1.18883
1.18846
1.1881
1.18775
1.18739
1.18704
1.18669
1.18633
1.18591
1.18537
1.18467
1.18379
1.18272
1.18153
1.18027
1.17904
1.17792
1.17696
1.17623
1.17572
1.17543
1.1753
1.17531
1.17541
1.17558
1.1758
1.17608
1.17644
1.17687
1.17738
1.17795
1.17856
1.17919
1.17981
1.1804
1.18094
1.18144
1.18189
1.18229
1.18264
1.18295
1.18322
1.18345
1.18365
1.18381
1.18393
1.18402
1.18406
1.18405
1.18399
1.18387
1.18366
1.18336
1.18294
1.18238
1.18166
1.18076
1.17968
1.17841
1.177
1.17549
1.17394
1.17244
1.17106
1.16985
1.16886
1.16808
1.16752
1.1672
1.16715
1.16741
1.16803
1.16903
1.17035
1.17188
1.17347
1.17494
1.17615
1.17701
1.17748
1.17759
1.1774
1.17703
1.17658
1.17618
1.17587
1.17567
1.17555
1.17545
1.17529
1.17501
1.17463
1.17422
1.17388
1.17377
1.17398
1.1746
1.17559
1.17689
1.1784
1.17999
1.18157
1.18306
1.18439
1.18553
1.18642
1.187
1.18717
1.18682
1.18582
1.18406
1.18153
1.17839
1.17503
1.17202
1.17
1.16946
1.17058
1.17318
1.17682
1.18097
1.18509
1.18875
1.19167
1.19374
1.195
1.19559
1.19568
1.19547
1.19505
1.19445
1.19358
1.19225
1.19019
1.18719
1.18309
1.17798
1.17222
1.16645
1.16154
1.15827
1.15708
1.1579
1.16015
1.16309
1.166
1.16845
1.17033
1.17174
1.1729
1.17405
1.17534
1.17681
1.17844
1.1801
1.18169
1.18311
1.1843
1.18526
1.18603
1.1867
1.18734
1.18802
1.18878
1.18961
1.19043
1.19114
1.19155
1.19147
1.19063
1.18873
1.18545
1.18051
1.17383
1.16574
1.15722
1.14978
1.14497
1.14347
1.14476
1.14759
1.15086
1.15408
1.15728
1.16067
1.16432
1.16807
1.17167
1.17483
1.17737
1.17921
1.18035
1.18085
1.18079
1.18025
1.17932
1.17807
1.17655
1.17483
1.17296
1.171
1.16901
1.16705
1.16519
1.16347
1.16196
1.16065
1.15955
1.15862
1.15785
1.15718
1.15659
1.15607
1.15563
1.1553
1.1551
1.15507
1.15523
1.15559
1.15615
1.1569
1.15782
1.15892
1.16015
1.1615
1.16294
1.16442
1.16589
1.16733
1.16868
1.16991
1.17099
1.17191
1.17266
1.17325
1.17368
1.17399
1.17419
1.17431
1.17439
1.17446
1.17453
1.17463
1.17477
1.17495
1.17516
1.1754
1.17564
1.17589
1.17614
1.17639
1.17668
1.17702
1.17745
1.178
1.17867
1.17945
1.18029
1.18113
1.18186
1.18238
1.1826
1.18246
1.18192
1.18102
1.17986
1.17857
1.17732
1.17624
1.17539
1.17472
1.17405
1.17315
1.17174
1.16962
1.16669
1.16298
1.15867
1.15409
1.14966
1.14581
1.14296
1.14143
1.14143
1.14307
1.14629
1.15088
1.15647
1.16262
1.16889
1.17491
1.18041
1.18523
1.18931
1.19264
1.19525
1.19717
1.19845
1.19915
1.19932
1.19905
1.19841
1.1975
1.1964
1.19521
1.194
1.19282
1.19169
1.1906
1.18955
1.18849
1.18743
1.18635
1.18531
1.18435
1.18356
1.18303
1.18283
1.18299
1.1835
1.1843
1.18527
1.1863
1.18724
1.18797
1.1884
1.18842
1.18798
1.18698
1.18534
1.18295
1.17975
1.17581
1.17141
1.1671
1.16356
1.16131
1.16045
1.16052
1.16078
1.16051
1.15938
1.15752
1.15555
1.15431
1.1545
1.15631
1.15936
1.16296
1.1665
1.16966
1.17239
1.17482
1.17707
1.17921
1.1812
1.18297
1.18443
1.18551
1.18617
1.18641
1.1863
1.18591
1.18533
1.18469
1.18407
1.18359
1.18331
1.18331
1.18361
1.18421
1.1851
1.18623
1.18753
1.18894
1.19039
1.19181
1.19317
1.19442
1.19555
1.19657
1.19748
1.19832
1.19911
1.19987
1.20063
1.2014
1.20217
1.20294
1.20368
1.20437
1.20497
1.20546
1.20581
1.20599
1.20599
1.20579
1.20538
1.20479
1.20407
1.20333
1.20272
1.20245
1.20271
1.20365
1.20529
1.20744
1.20977
1.21186
1.21331
1.21383
1.21329
1.21168
1.2091
1.20569
1.20163
1.19716
1.19273
1.18889
1.18629
1.18551
1.18684
1.19033
1.19574
1.20262
1.21042
1.21852
1.22633
1.23335
1.23926
1.24389
1.24727
1.24955
1.25098
1.25183
1.25232
1.25262
1.25281
1.25288
1.25276
1.25235
1.25154
1.25023
1.24833
1.24576
1.24253
1.23868
1.23445
1.23019
1.22644
1.22374
1.22252
1.22287
1.22452
1.22689
1.22931
1.23118
1.23212
1.23196
1.23082
1.229
1.22697
1.22526
1.22434
1.22447
1.22564
1.22758
1.22986
1.23203
1.23372
1.23471
1.23495
1.23449
1.23348
1.2321
1.23053
1.22891
1.22735
1.22593
1.22467
1.22358
1.22264
1.22183
1.22113
1.22049
1.21991
1.21934
1.21875
1.21811
1.21736
1.21642
1.21523
1.21371
1.21183
1.20956
1.20699
1.20423
1.20152
1.19912
1.19729
1.19619
1.19585
1.19614
1.19683
1.19763
1.19832
1.19872
1.19874
1.19835
1.19757
1.19646
1.19509
1.19354
1.19191
1.19027
1.18872
1.18733
1.18616
1.18524
1.18459
1.18418
1.18398
1.18393
1.18398
1.18406
1.18412
1.18409
1.18393
1.18359
1.18303
1.18222
1.18111
1.17968
1.17794
1.17592
1.17368
1.17138
1.1692
1.16737
1.16615
1.16569
1.16609
1.16726
1.169
1.17101
1.17296
1.17453
1.17546
1.17559
1.17486
1.17336
1.17133
1.16918
1.16738
1.16633
1.16627
1.16711
1.16856
1.17019
1.17164
1.17266
1.17317
1.17321
1.17289
1.17242
1.17201
1.17193
1.17233
1.17329
1.17477
1.1766
1.17857
1.18051
1.18226
1.18376
1.18499
1.18596
1.18671
1.18731
1.1878
1.18817
1.18837
1.18823
1.18753
1.18607
1.1838
1.18096
1.17815
1.17624
1.176
1.17768
1.18087
1.18471
1.18832
1.1911
1.19285
1.19365
1.1938
1.19362
1.19346
1.19356
1.19407
1.19504
1.19639
1.19805
1.19987
1.20173
1.20353
1.20518
1.2066
1.20774
1.20855
1.20897
1.20898
1.20853
1.20763
1.20629
1.20456
1.20253
1.20036
1.19824
1.19636
1.19492
1.19404
1.19376
1.19401
1.19464
1.19542
1.19609
1.19647
1.19646
1.19614
1.19575
1.1956
1.19595
1.19686
1.19818
1.19963
1.20092
1.20186
1.20243
1.20271
1.20292
1.20328
1.20396
1.20508
1.20664
1.20851
1.21048
1.21229
1.21368
1.21441
1.21432
1.21334
1.21153
1.20903
1.20609
1.20304
1.20026
1.19805
1.19664
1.1961
1.19635
1.1972
1.19847
1.19999
1.20165
1.20338
1.20511
1.20677
1.20829
1.20961
1.21068
1.21148
1.21201
1.21231
1.21241
1.21238
1.21228
1.21218
1.21215
1.21224
1.21248
1.2129
1.21347
1.21415
1.2149
1.21566
1.21635
1.21695
1.2174
1.21771
1.21786
1.21787
1.21775
1.21751
1.21719
1.21679
1.21634
1.21585
1.21535
1.21486
1.21441
1.21403
1.21375
1.21358
1.21354
1.2136
1.21375
1.21395
1.21419
1.21444
1.21469
1.21495
1.21526
1.21565
1.21616
1.21684
1.21768
1.21869
1.21983
1.22103
1.22223
1.22336
1.22436
1.22519
1.22584
1.2263
1.22658
1.22666
1.22655
1.2262
1.22558
1.22464
1.22329
1.22149
1.21917
1.21634
1.21304
1.2094
1.2056
1.20186
1.19845
1.19567
1.19388
1.19345
1.19466
1.19757
1.20194
1.20723
1.21271
1.21766
1.22152
1.22404
1.2253
1.22574
1.22599
1.22666
1.2281
1.23028
1.23289
1.23552
1.23785
1.23973
1.24116
1.24221
1.24298
1.24352
1.24385
1.24395
1.24376
1.24321
1.24224
1.24079
1.23877
1.23612
1.23275
1.22868
1.22398
1.21892
1.2139
1.20945
1.20609
1.20422
1.20404
1.20545
1.20819
1.21187
1.21607
1.22041
1.22454
1.22816
1.23103
1.23301
1.23401
1.23406
1.23329
1.23188
1.23012
1.22825
1.22653
1.22513
1.22416
1.22372
1.22387
1.22469
1.22617
1.2282
1.23053
1.23289
1.23499
1.23665
1.23782
1.23853
1.23888
1.23901
1.23903
1.23904
1.23909
1.23918
1.23926
1.23928
1.23914
1.23878
1.23813
1.23719
1.23596
1.23448
1.23286
1.2312
1.22962
1.22825
1.22716
1.22641
1.226
1.22591
1.22608
1.22646
1.227
1.22765
1.2284
1.22922
1.23014
1.23113
1.23221
1.23335
1.23455
1.23576
1.23693
1.23803
1.23899
1.23975
1.24024
1.24037
1.24006
1.23923
1.23778
1.23568
1.23298
1.22988
1.22671
1.22393
1.22195
1.22099
1.22089
1.22123
1.22145
1.22118
1.22033
1.21918
1.21826
1.21814
1.21912
1.22117
1.22393
1.22693
1.22976
1.23215
1.23404
1.23545
1.2365
1.23732
1.23801
1.23868
1.23937
1.24011
1.24088
1.24164
1.24235
1.24295
1.24338
1.24362
1.24366
1.24355
1.24334
1.24314
1.24304
1.24312
1.24339
1.24382
1.24431
1.24474
1.24503
1.24513
1.24507
1.24497
1.245
1.24535
1.24618
1.24756
1.24946
1.25178
1.2543
1.2568
1.25907
1.26094
1.26225
1.26291
1.26283
1.26193
1.2602
1.25764
1.25438
1.2506
1.24658
1.24258
1.23882
1.23546
1.23262
1.23048
1.22929
1.22936
1.231
1.23429
1.23908
1.24494
1.25121
1.25718
1.26216
1.26559
1.26705
1.2663
1.26332
1.25839
1.25209
1.2453
1.23906
1.23437
1.23187
1.23171
1.2335
1.23642
1.23957
1.24218
1.2438
1.24432
1.24389
1.24283
1.24149
1.24023
1.23935
1.23906
1.23948
1.24068
1.24261
1.24519
1.24827
1.25164
1.2551
1.25849
1.26166
1.26452
1.26699
1.26905
1.27065
1.27176
1.27231
1.27222
1.27138
1.26964
1.26691
1.26314
1.25844
1.2532
1.24807
1.24392
1.24149
1.24111
1.24253
1.24508
1.24799
1.25067
1.25279
1.25426
1.25511
1.25542
1.25533
1.25494
1.25438
1.25382
1.25347
1.25358
1.25435
1.25583
1.25783
1.25996
1.26174
1.26276
1.26279
1.26183
1.26009
1.2579
1.25561
1.25348
1.25165
1.25015
1.24897
1.24807
1.24747
1.24716
1.24714
1.24741
1.24789
1.24852
1.24924
1.24999
1.25073
1.25143
1.25207
1.25263
1.25307
1.25339
1.25359
1.2537
1.25373
1.25372
1.25365
1.25346
1.25307
1.25238
1.2513
1.24981
1.24796
1.24589
1.24377
1.24178
1.23999
1.23843
1.23703
1.23571
1.23442
1.23321
1.23216
1.23143
1.23115
1.2314
1.23218
1.23343
1.23499
1.23671
1.23844
1.24006
1.2415
1.2427
1.24365
1.24437
1.24488
1.24521
1.24537
1.24537
1.24522
1.24491
1.24439
1.24363
1.24256
1.24111
1.2392
1.23679
1.23387
1.23048
1.22677
1.22295
1.21925
1.21586
1.21284
1.2101
1.20745
1.20469
1.20176
1.19875
1.19596
1.19381
1.19274
1.1931
1.19503
1.19838
1.20278
1.20771
1.21265
1.21715
1.22091
1.22377
1.22572
1.22684
1.22733
1.22739
1.22726
1.22714
1.22715
1.22734
1.22767
1.22805
1.22838
1.2286
1.22863
1.22848
1.22817
1.22773
1.22721
1.22664
1.22607
1.22552
1.22498
1.22442
1.22378
1.22291
1.22166
1.21982
1.2172
1.21363
1.20905
1.20353
1.19728
1.19068
1.18425
1.17867
1.17477
1.17345
1.17524
1.1799
1.18623
1.19261
1.19764
1.20067
1.20192
1.20221
1.20261
1.20397
1.20657
1.21015
1.21411
1.21788
1.22108
1.22354
1.2253
1.22646
1.22715
1.22751
1.22763
1.22762
1.22753
1.22741
1.2273
1.22721
1.22717
1.22718
1.22722
1.22727
1.2273
1.22728
1.22714
1.22684
1.22634
1.2256
1.22461
1.22338
1.22196
1.22042
1.21885
1.21732
1.21588
1.21453
1.2132
1.21182
1.21034
1.20873
1.20705
1.20536
1.20373
1.20217
1.20057
1.19881
1.1967
1.19417
1.19125
1.18813
1.18512
1.18262
1.181
1.18046
1.181
1.18238
1.18415
1.18577
1.18678
1.18689
1.18616
1.18507
1.18444
1.18511
1.18758
1.19168
1.19673
1.20186
1.20636
1.20986
1.21226
1.21364
1.21418
1.21407
1.21346
1.21249
1.21127
1.20988
1.20837
1.20678
1.20512
1.20342
1.20169
1.19992
1.19812
1.19631
1.1945
1.19273
1.19102
1.18943
1.188
1.18678
1.1858
1.18508
1.18458
1.18428
1.18408
1.1839
1.18363
1.18317
1.18243
1.18135
1.1799
1.17813
1.17617
1.17422
1.17253
1.17137
1.17093
1.17128
1.17234
1.1739
1.17571
1.17749
1.17904
1.18023
1.18095
1.18118
1.1809
1.1801
1.17882
1.17711
1.17506
1.17278
1.17045
1.16831
1.16659
1.1655
1.16523
1.16581
1.1672
1.16923
1.17169
1.17434
1.17699
1.17949
1.18173
1.18366
1.18528
1.18658
1.1876
1.18836
1.1889
1.18925
1.18943
1.18949
1.18946
1.18935
1.18919
1.18901
1.1888
1.18859
1.18838
1.18816
1.18794
1.18773
1.18756
1.18744
1.18742
1.18753
1.18776
1.18808
1.18839
1.18854
1.18829
1.18737
1.18555
1.18266
1.17871
1.17404
1.16929
1.16534
1.16302
1.16285
1.1648
1.16838
1.17287
1.17748
1.18157
1.18469
1.18658
1.1872
1.18674
1.18553
1.18396
1.18242
1.18106
1.17982
1.17843
1.1766
1.17421
1.17146
1.16893
1.16744
1.16767
1.1699
1.17384
1.17884
1.18415
1.1892
1.19363
1.19733
1.20029
1.20258
1.20432
1.20559
1.20648
1.20709
1.20748
1.20772
1.20785
1.20791
1.20794
1.20795
1.20794
1.2079
1.20781
1.20763
1.20733
1.20687
1.20623
1.20539
1.20437
1.20319
1.20188
1.20047
1.19897
1.19739
1.19571
1.19392
1.19202
1.18999
1.18783
1.18557
1.18328
1.18107
1.17908
1.1774
1.17602
1.17481
1.1736
1.17224
1.1707
1.16914
1.16792
1.1675
1.16835
1.17073
1.17467
1.17986
1.1858
1.19192
1.19772
1.20282
1.20704
1.21033
1.21273
1.21435
1.21532
1.21576
1.21579
1.21549
1.21496
1.21426
1.21345
1.21258
1.2117
1.21087
1.21014
1.20959
1.20925
1.2092
1.20943
1.20995
1.21069
1.21156
1.21245
1.21321
1.21373
1.21388
1.21361
1.21286
1.21168
1.21011
1.20827
1.20627
1.2042
1.20208
1.1999
1.1976
1.19516
1.19267
1.19034
1.18848
1.18741
1.18731
1.18817
1.1898
1.19191
1.19427
1.19673
1.19927
1.20189
1.20459
1.2073
1.20989
1.21217
1.21401
1.21527
1.21593
1.21604
1.21571
1.21515
1.21458
1.21423
1.21425
1.2147
1.21552
1.21654
1.21758
1.21839
1.21879
1.21857
1.21759
1.21572
1.21289
1.20914
1.2047
1.20002
1.1958
1.19281
1.1917
1.1927
1.19558
1.19972
1.20442
1.20904
1.21315
1.21654
1.21912
1.22093
1.22205
1.22259
1.22267
1.22238
1.22181
1.22103
1.2201
1.21907
1.21798
1.21689
1.21582
1.21482
1.21391
1.21313
1.21251
1.21213
1.21204
1.2123
1.2129
1.21378
1.21482
1.21581
1.21652
1.21672
1.2162
1.21478
1.21234
1.20881
1.2042
1.19859
1.19225
1.18555
1.17906
1.17348
1.16947
1.16756
1.1679
1.17027
1.17412
1.17874
1.18349
1.18788
1.19161
1.19456
1.19673
1.19816
1.19895
1.19919
1.19897
1.19839
1.1975
1.19639
1.1951
1.1937
1.19227
1.19095
1.18987
1.18921
1.18909
1.18958
1.19064
1.19211
1.19381
1.19553
1.19711
1.19845
1.19947
1.20018
1.20059
1.20071
1.20057
1.20019
1.1996
1.1988
1.19781
1.19662
1.19526
1.19373
1.19205
1.19024
1.18833
1.18636
1.18436
1.18238
1.18049
1.17873
1.17722
1.17602
1.17524
1.17494
1.17514
1.17583
1.17692
1.1783
1.17986
1.18146
1.18303
1.18449
1.1858
1.18692
1.18784
1.18852
1.18897
1.18918
1.18913
1.18884
1.18833
1.18761
1.18671
1.18566
1.18449
1.18324
1.18195
1.18064
1.17935
1.17808
1.17684
1.17563
1.1744
1.17313
1.17177
1.17032
1.16879
1.16726
1.16586
1.16479
1.16424
1.16434
1.16512
1.16646
1.16815
1.16985
1.1712
1.17183
1.17135
1.16937
1.1656
1.15994
1.15287
1.14556
1.13976
1.13696
1.13733
1.13955
1.14184
1.14316
1.14385
1.14522
1.14858
1.15431
1.16165
1.16932
1.17622
1.18178
1.18591
1.18878
1.19067
1.19184
1.1925
1.19279
1.19279
1.19255
1.19204
1.19123
1.19002
1.18833
1.18604
1.18308
1.17945
1.17522
1.17064
1.16609
1.16207
1.15907
1.15745
1.15729
1.15834
1.16014
1.16213
1.16384
1.16504
1.16578
1.16637
1.1672
1.16863
1.17078
1.17352
1.17657
1.17957
1.18224
1.18444
1.18612
1.1873
1.18807
1.1885
1.1887
1.18875
1.1887
1.18862
1.18854
1.18849
1.18848
1.18854
1.18864
1.1888
1.18899
1.1892
1.18943
1.18965
1.18986
1.19006
1.19026
1.19046
1.19066
1.19088
1.19111
1.19134
1.19155
1.19169
1.19169
1.19147
1.19091
1.1899
1.18831
1.18602
1.18298
1.1792
1.17481
1.17013
1.16562
1.16186
1.15941
1.15867
1.15971
1.16229
1.16596
1.17015
1.17437
1.17826
1.18161
1.18432
1.18637
1.1878
1.18861
1.18885
1.18854
1.1877
1.18638
1.18464
1.18263
1.18052
1.17858
1.17711
1.17639
1.17659
1.17774
1.17968
1.18214
1.18479
1.18734
1.18958
1.19134
1.19253
1.19307
1.1929
1.19194
1.19015
1.18752
1.18416
1.18036
1.17663
1.17368
1.17219
1.17256
1.17474
1.17821
1.18218
1.1859
1.1888
1.19056
1.19105
1.19029
1.1884
1.18553
1.1819
1.17772
1.17324
1.16876
1.16456
1.16097
1.15822
1.15641
1.15549
1.15527
1.15556
1.15631
1.15756
1.15939
1.16185
1.16487
1.16824
1.17169
1.17494
1.17772
1.17983
1.18115
1.18158
1.1811
1.17971
1.17748
1.17455
1.1712
1.1678
1.1648
1.16265
1.16164
1.16181
1.16296
1.16471
1.16665
1.16844
1.16988
1.17086
1.17135
1.17139
1.17105
1.17037
1.16944
1.16831
1.16705
1.16572
1.16437
1.16305
1.16181
1.1607
1.15974
1.15895
1.15835
1.15793
1.15767
1.15754
1.15752
1.15758
1.15767
1.15777
1.15785
1.1579
1.15789
1.15781
1.15765
1.15741
1.15708
1.15666
1.15614
1.15553
1.15483
1.15404
1.15316
1.1522
1.15114
1.15
1.14876
1.14741
1.14594
1.14433
1.14259
1.14076
1.13893
1.13728
1.13605
1.13552
1.13591
1.13733
1.1397
1.14277
1.14621
1.1497
1.15296
1.15583
1.15823
1.16012
1.16153
1.1625
1.16307
1.16329
1.16318
1.16281
1.1622
1.16142
1.16053
1.1596
1.15871
1.15795
1.15736
1.15697
1.15677
1.15669
1.15666
1.15653
1.1562
1.15556
1.15454
1.15311
1.15135
1.14938
1.14738
1.14561
1.14429
1.14358
1.14358
1.1442
1.14527
1.1465
1.14757
1.14821
1.14826
1.1478
1.14706
1.14647
1.14642
1.14718
1.14879
1.15106
1.15369
1.15642
1.15906
1.16152
1.16381
1.16593
1.16792
1.16978
1.17151
1.17307
1.17441
1.17549
1.17624
1.17659
1.17648
1.17585
1.17466
1.17291
1.17068
1.1681
1.16543
1.16296
1.16094
1.15953
1.15873
1.15841
1.15846
1.15881
1.1595
1.16061
1.16217
1.16407
1.16607
1.16786
1.16916
1.16975
1.16951
1.16841
1.1665
1.16388
1.16071
1.15717
1.15345
1.1498
1.14644
1.14359
1.14143
1.1401
1.13964
1.14006
1.14128
1.14319
1.14557
1.14817
1.15066
1.15271
1.15403
1.15437
1.15359
1.15171
1.14891
1.1457
1.14284
1.14121
1.14149
1.14382
1.14774
1.15241
1.15694
1.16072
1.16342
1.16497
1.16542
1.16493
1.16366
1.16179
1.15949
1.15693
1.15427
1.15163
1.14907
1.1466
1.14419
1.1418
1.13942
1.13714
1.13511
1.13354
1.13262
1.13238
1.13274
1.13344
1.1342
1.13475
1.1349
1.13458
1.13382
1.13274
1.13148
1.13021
1.12908
1.12821
1.12763
1.12736
1.12733
1.1275
1.12778
1.12812
1.12848
1.12883
1.12917
1.1295
1.12984
1.13018
1.13055
1.13094
1.13138
1.13184
1.13234
1.13287
1.13342
1.13398
1.13453
1.13508
1.1356
1.1361
1.13655
1.13697
1.13733
1.13765
1.13791
1.1381
1.13824
1.13832
1.13832
1.13826
1.13812
1.1379
1.13758
1.13717
1.13665
1.13601
1.13522
1.1343
1.13324
1.13208
1.13087
1.12971
1.12871
1.128
1.1277
1.12787
1.12854
1.12963
1.13106
1.13269
1.1344
1.1361
1.13771
1.13921
1.14057
1.14181
1.14293
1.14393
1.14482
1.1456
1.14626
1.14681
1.14725
1.1476
1.14785
1.14804
1.14818
1.14831
1.14846
1.14866
1.14892
1.14926
1.14968
1.15016
1.15066
1.15114
1.15155
1.15184
1.15198
1.15194
1.15173
1.15141
1.15104
1.15073
1.15059
1.15077
1.15135
1.15239
1.1539
1.15582
1.15804
1.16045
1.1629
1.16527
1.16746
1.16941
1.17105
1.17235
1.1733
1.17387
1.17407
1.17388
1.17331
1.17238
1.17113
1.16963
1.16797
1.16629
1.16474
1.16346
1.1626
1.16223
1.16234
1.16288
1.1637
1.16465
1.16558
1.16638
1.16698
1.16738
1.16763
1.1678
1.16798
1.16825
1.16863
1.16908
1.16946
1.16958
1.16922
1.1682
1.16644
1.16399
1.1611
1.15816
1.15566
1.15406
1.15362
1.15434
1.156
1.15822
1.16065
1.16297
1.16503
1.16672
1.16803
1.16896
1.16953
1.16978
1.16975
1.1695
1.1691
1.16864
1.16821
1.16787
1.16767
1.16759
1.16761
1.16763
1.16759
1.16739
1.16698
1.16631
1.16539
1.16422
1.16283
1.1613
1.1597
1.1581
1.15659
1.15526
1.15416
1.15335
1.15284
1.15262
1.15267
1.15294
1.15337
1.1539
1.15448
1.15506
1.15561
1.15611
1.15655
1.15694
1.1573
1.15766
1.15803
1.15845
1.1589
1.15936
1.15977
1.16001
1.15996
1.15945
1.15835
1.1566
1.15429
1.15172
1.14937
1.14781
1.14749
1.14853
1.15062
1.15321
1.15571
1.15765
1.1588
1.15913
1.15878
1.15794
1.15687
1.1558
1.1549
1.15431
1.15406
1.15414
1.1545
1.15509
1.15582
1.15661
1.15736
1.158
1.15848
1.15874
1.15879
1.15863
1.1583
1.15789
1.15755
1.1575
1.15805
1.15946
1.16187
1.16524
1.16937
1.17389
1.17844
1.18267
1.18632
1.1892
1.19118
1.19217
1.19215
1.19112
1.18919
1.18656
1.18358
1.18068
1.17838
1.17708
1.17702
1.17815
1.18024
1.18292
1.1858
1.18847
1.19056
1.19166
1.1913
1.18895
1.18408
1.17645
1.16665
1.1567
1.14997
1.14954
1.15597
1.16679
1.17855
1.18881
1.19663
1.20203
1.2054
1.20716
1.20766
1.2071
1.20566
1.20347
1.20068
1.19752
1.19423
1.19114
1.18855
1.18672
1.18571
1.18541
1.18552
1.18574
1.18581
1.18563
1.18526
1.18478
1.18422
1.18351
1.18247
1.18094
1.17883
1.17627
1.17356
1.17114
1.16946
1.1688
1.16923
1.17062
1.17273
1.17531
1.1782
1.18125
1.18439
1.18754
1.19066
1.19371
1.19667
1.19954
1.20227
1.20482
1.20714
1.20913
1.21073
1.21183
1.2124
1.21237
1.21174
1.2105
1.20867
1.20631
1.20349
1.20037
1.19712
1.19397
1.19114
1.18876
1.18689
1.1855
1.18449
1.18372
1.18306
1.18227
1.18104
1.17903
1.17593
1.17167
1.16663
1.16166
1.15796
1.15672
1.15857
1.16331
1.16997
1.1773
1.18421
1.18998
1.19431
1.1972
1.19883
1.19944
1.1993
1.19866
1.19775
1.19675
1.19577
1.19492
1.19421
1.19364
1.19315
1.19269
1.19218
1.19153
1.1907
1.18961
1.18824
1.18655
1.18455
1.18226
1.17973
1.17703
1.17426
1.17155
1.16902
1.1668
1.165
1.1637
1.16296
1.16282
1.16327
1.16426
1.16568
1.16742
1.16933
1.17125
1.17306
1.17465
1.17599
1.17703
1.17781
1.17836
1.17874
1.17903
1.17929
1.17956
1.17987
1.18022
1.18058
1.18091
1.18116
1.18127
1.18123
1.18102
1.18071
1.18036
1.1801
1.18003
1.18027
1.18086
1.18181
1.18302
1.18437
1.18567
1.18677
1.18751
1.18777
1.18747
1.18658
1.18512
1.18316
1.18081
1.17825
1.17568
1.17334
1.17149
1.17035
1.17009
1.17082
1.17252
1.1751
1.1784
1.18219
1.18625
1.19037
1.19437
1.19814
1.20158
1.20464
1.20731
1.20958
1.21147
1.21296
1.21409
1.21484
1.21522
1.21523
1.21484
1.21407
1.21291
1.21139
1.20956
1.20749
1.20528
1.20305
1.20091
1.19899
1.19736
1.19607
1.19515
1.19461
1.19446
1.19471
1.19536
1.19643
1.19787
1.19964
1.20167
1.20385
1.20607
1.20821
1.21017
1.21184
1.21315
1.21407
1.21458
1.21471
1.21453
1.21411
1.21356
1.21301
1.21257
1.21239
1.21259
1.21328
1.2145
1.21627
1.21852
1.22111
1.22387
1.22661
1.22913
1.23127
1.23288
1.23388
1.23419
1.2338
1.2327
1.23099
1.22879
1.22635
1.22397
1.222
1.22073
1.22029
1.22064
1.2215
1.22251
1.22327
1.22344
1.22277
1.22105
1.21818
1.21414
1.20907
1.20332
1.19758
1.19282
1.19006
1.18993
1.19234
1.19644
1.20105
1.20509
1.20791
1.20931
1.20947
1.20876
1.20761
1.20637
1.20521
1.20411
1.20287
1.20115
1.19859
1.19485
1.1897
1.18316
1.17565
1.16806
1.16181
1.15857
1.15964
1.16534
1.17472
1.18598
1.19725
1.20717
1.21508
1.22087
1.22475
1.22709
1.22825
1.22854
1.2282
1.2274
1.22624
1.2248
1.2231
1.22117
1.21902
1.21671
1.21427
1.21182
1.20946
1.20729
1.20541
1.20385
1.20261
1.20164
1.20093
1.20044
1.20023
1.20038
1.201
1.20215
1.20384
1.20598
1.20839
1.21084
1.21311
1.21501
1.21639
1.21716
1.2173
1.21678
1.21562
1.21387
1.21162
1.20909
1.20665
1.20485
1.2043
1.20548
1.20846
1.21288
1.21804
1.2232
1.22778
1.23147
1.2342
1.23606
1.23722
1.2379
1.23835
1.23878
1.23936
1.24025
1.24152
1.2432
1.24524
1.24755
1.25001
1.2525
1.25488
1.25705
1.25891
1.26038
1.26139
1.2619
1.26187
1.26132
1.26027
1.25882
1.2571
1.25529
1.25357
1.2521
1.25096
1.25015
1.2496
1.24917
1.24875
1.24824
1.2476
1.24684
1.246
1.24511
1.24413
1.24299
1.24157
1.2398
1.2377
1.2355
1.2336
1.23255
1.23288
1.23496
1.23882
1.24412
1.25025
1.25652
1.26228
1.26709
1.27068
1.27298
1.27397
1.27369
1.27217
1.26937
1.26517
1.25943
1.25207
1.2433
1.23386
1.22512
1.21882
1.21627
1.21766
1.22201
1.22785
1.23391
1.2394
1.24394
1.24742
1.24979
1.25105
1.25118
1.25017
1.24799
1.24466
1.24023
1.23486
1.22881
1.2225
1.21642
1.21119
1.20742
1.20564
1.20611
1.2086
1.21242
1.21669
1.22057
1.22356
1.22542
1.22621
1.22609
1.22532
1.22412
1.22271
1.22128
1.21994
1.21877
1.2178
1.21705
1.21647
1.21602
1.21567
1.21536
1.21504
1.21468
1.21423
1.21364
1.21288
1.21189
1.21061
1.20899
1.207
1.20461
1.20187
1.1989
1.19589
1.19314
1.19096
1.18963
1.18928
1.18987
1.19118
1.19289
1.19471
1.19639
1.19776
1.19876
1.19936
1.19959
1.19949
1.19909
1.19843
1.19754
1.19643
1.19513
1.19364
1.19196
1.19012
1.18812
1.18601
1.18384
1.18171
1.17973
1.17803
1.17674
1.17593
1.17561
1.17574
1.17619
1.17686
1.17759
1.17829
1.17884
1.1792
1.17931
1.17915
1.17872
1.17808
1.1773
1.17648
1.17576
1.17525
1.17506
1.17522
1.17573
1.17652
1.17751
1.17857
1.17959
1.18047
1.18115
1.18158
1.18173
1.18163
1.18129
1.18078
1.18016
1.17951
1.17891
1.17842
1.17809
1.17795
1.178
1.17823
1.17864
1.17919
1.17987
1.18064
1.18147
1.18232
1.18314
1.18391
1.18456
1.18508
1.18543
1.18559
1.18554
1.18527
1.18477
1.18402
1.183
1.18168
1.18007
1.1782
1.17615
1.17409
1.17224
1.17088
1.1702
1.17029
1.17106
1.17227
1.17366
1.17495
1.176
1.17679
1.17741
1.17802
1.17877
1.17979
1.18111
1.18268
1.1844
1.18615
1.18781
1.18929
1.19053
1.19153
1.19226
1.19276
1.19302
1.19306
1.19291
1.19257
1.19208
1.19149
1.19086
1.19028
1.18984
1.18962
1.1897
1.19011
1.19082
1.1918
1.19294
1.19415
1.19533
1.19639
1.19725
1.19784
1.19809
1.19797
1.19744
1.19648
1.19511
1.19339
1.19139
1.18922
1.18699
1.18476
1.18254
1.18031
1.17802
1.17573
1.17364
1.17216
1.17185
1.17316
1.17622
1.18079
1.18631
1.19217
1.1979
1.2032
1.20796
1.21211
1.21558
1.21827
1.22001
1.22061
1.21993
1.21797
1.21497
1.21151
1.20849
1.20691
1.20742
1.21005
1.2142
1.21896
1.22353
1.22739
1.23034
1.23237
1.23359
1.23409
1.23396
1.23322
1.23183
1.22971
1.22671
1.22273
1.21774
1.21184
1.20542
1.19906
1.19351
1.18938
1.18699
1.18622
1.1867
1.18809
1.19019
1.19296
1.19635
1.20021
1.20427
1.20826
1.21196
1.21525
1.21808
1.22047
1.22244
1.224
1.22514
1.22584
1.22602
1.22558
1.22437
1.2222
1.21887
1.21421
1.20813
1.20076
1.1926
1.18448
1.17753
1.17284
1.17115
1.17261
1.17678
1.18272
1.18934
1.19564
1.20097
1.20501
1.20774
1.2093
1.20991
1.20978
1.20913
1.20812
1.20692
1.20563
1.20437
1.20323
1.20228
1.20158
1.20118
1.2011
1.20133
1.20186
1.20266
1.20369
1.20489
1.20622
1.20763
1.20908
1.21054
1.21199
1.2134
1.21476
1.21607
1.21732
1.21849
1.21959
1.2206
1.22149
1.22223
1.22277
1.22303
1.22293
1.22234
1.22114
1.21921
1.21653
1.21319
1.20949
1.206
1.20344
1.20243
1.20326
1.20571
1.20919
1.21302
1.21662
1.2197
1.22216
1.22406
1.22556
1.22679
1.22791
1.22901
1.23018
1.23144
1.23282
1.23431
1.23588
1.2375
1.23915
1.2408
1.24243
1.24401
1.24554
1.24698
1.24833
1.24957
1.25067
1.25162
1.25239
1.25294
1.25325
1.2533
1.25307
1.25254
1.25173
1.25066
1.24936
1.24788
1.24628
1.24463
1.24299
1.24142
1.23993
1.23849
1.23702
1.23544
1.23363
1.23153
1.22917
1.22665
1.22417
1.22194
1.22012
1.2188
1.21796
1.21753
1.21742
1.21761
1.21813
1.2191
1.22058
1.22263
1.22516
1.22803
1.231
1.23386
1.23643
1.2386
1.24033
1.24164
1.24258
1.24325
1.24372
1.24406
1.24431
1.24448
1.24457
1.24454
1.24432
1.24382
1.24296
1.24163
1.23974
1.23726
1.23421
1.23072
1.22708
1.22369
1.22099
1.21937
1.21899
1.21978
1.22142
1.22354
1.22579
1.22792
1.22979
1.23134
1.23258
1.23352
1.23416
1.23452
1.23461
1.23444
1.23401
1.23334
1.23248
1.23147
1.23033
1.22909
1.22777
1.22633
1.22478
1.22312
1.2214
1.21978
1.21843
1.21755
1.21726
1.21753
1.2182
1.219
1.21964
1.21992
1.21978
1.21934
1.21882
1.21848
1.21852
1.21897
1.2197
1.22048
1.22109
1.22141
1.22154
1.22175
1.22244
1.22393
1.22635
1.22958
1.23328
1.23703
1.24043
1.24319
1.24515
1.24619
1.2463
1.2455
1.24381
1.24135
1.23822
1.23459
1.23063
1.2265
1.22231
1.21803
1.21352
1.20852
1.20279
1.19633
1.18955
1.18335
1.17892
1.17729
1.17885
1.18319
1.18934
1.19624
1.20314
1.20959
1.21542
1.22054
1.22488
1.22837
1.23092
1.23245
1.23289
1.23225
1.23056
1.22795
1.22468
1.22115
1.2179
1.2155
1.21439
1.21468
1.21612
1.21825
1.22056
1.22262
1.2242
1.22522
1.2257
1.22572
1.22537
1.22478
1.22404
1.22329
1.22263
1.22212
1.22179
1.22161
1.22149
1.22131
1.22094
1.22032
1.21941
1.21832
1.21719
1.21627
1.21576
1.21588
1.21669
1.21818
1.22022
1.22261
1.22514
1.22762
1.22988
1.23181
1.23338
1.23454
1.23533
1.23577
1.23593
1.23588
1.23569
1.23545
1.23524
1.23512
1.23516
1.23539
1.23583
1.23649
1.23736
1.23842
1.23961
1.24084
1.24198
1.24289
1.24341
1.24338
1.24264
1.24107
1.23855
1.23503
1.23049
1.22503
1.21887
1.2124
1.20615
1.20075
1.19675
1.19448
1.19405
1.19537
1.19831
1.20267
1.2082
1.21444
1.22083
1.22676
1.23173
1.23539
1.2376
1.23833
1.23762
1.23563
1.23255
1.22868
1.22441
1.2202
1.21651
1.21371
1.21196
1.21125
1.21135
1.21201
1.21297
1.21406
1.21521
1.2164
1.21766
1.21903
1.22052
1.22211
1.22376
1.2254
1.22698
1.22844
1.22974
1.23088
1.23183
1.23262
1.23324
1.23367
1.23389
1.23381
1.2333
1.23214
1.23003
1.22656
1.22129
1.21394
1.20473
1.19494
1.18702
1.18374
1.18638
1.19371
1.20302
1.2118
1.21874
1.22356
1.22649
1.22792
1.2282
1.22755
1.2261
1.22391
1.22099
1.21735
1.21305
1.20825
1.20323
1.19839
1.19419
1.19104
1.18916
1.1885
1.18883
1.1898
1.19112
1.1926
1.19421
1.19597
1.19793
1.20012
1.20253
1.20507
1.20767
1.21021
1.21262
1.21483
1.21681
1.21856
1.22007
1.22134
1.22235
1.22311
1.22359
1.22378
1.22369
1.22331
1.22269
1.22185
1.22086
1.21979
1.21871
1.21769
1.2168
1.21608
1.21553
1.21514
1.21487
1.21467
1.21448
1.21421
1.21381
1.21322
1.2124
1.21133
1.21001
1.20848
1.20682
1.20512
1.20351
1.2021
1.20102
1.20034
1.20007
1.20021
1.2007
1.20149
1.20251
1.20368
1.20497
1.20632
1.20768
1.209
1.21023
1.21133
1.21224
1.21293
1.21337
1.21355
1.21346
1.21313
1.21258
1.21188
1.21107
1.21025
1.20948
1.20883
1.20836
1.2081
1.20805
1.20819
1.20849
1.20889
1.20933
1.20979
1.21024
1.21067
1.21111
1.21159
1.21216
1.21287
1.21377
1.21485
1.21612
1.21753
1.21902
1.2205
1.22188
1.22308
1.22405
1.22471
1.22506
1.22511
1.22491
1.22456
1.22422
1.22405
1.22422
1.22487
1.22604
1.22771
1.22976
1.23204
1.23437
1.23658
1.23851
1.24001
1.24094
1.24117
1.24057
1.23908
1.23671
1.23356
1.22988
1.22602
1.22242
1.21948
1.21754
1.21677
1.21723
1.2188
1.22123
1.22419
1.22723
1.22993
1.23185
1.23267
1.23213
1.23011
1.22664
1.222
1.21676
1.21183
1.20835
1.20726
1.20897
1.21313
1.21887
1.22517
1.23128
1.23671
1.24127
1.24494
1.24776
1.24982
1.25119
1.25195
1.25215
1.25185
1.2511
1.24994
1.24843
1.24662
1.24455
1.24226
1.23979
1.23715
1.23431
1.23124
1.22788
1.22413
1.21996
1.21538
1.21059
1.20599
1.20218
1.19986
1.19947
1.20107
1.20422
1.20822
1.21239
1.2162
1.21936
1.22175
1.22336
1.22422
1.22439
1.22393
1.22289
1.22137
1.21946
1.2173
1.21509
1.213
1.21125
1.20999
1.20927
1.2091
1.20937
1.20993
1.21063
1.21132
1.21191
1.21233
1.21256
1.21259
1.21242
1.21206
1.2115
1.21074
1.20977
1.20857
1.20712
1.20539
1.20341
1.20121
1.19885
1.19648
1.19425
1.19236
1.19095
1.19012
1.18986
1.19008
1.19064
1.19136
1.19211
1.19281
1.19342
1.19392
1.19434
1.19468
1.19497
1.19519
1.19534
1.19542
1.19544
1.19543
1.19544
1.19553
1.19579
1.19628
1.19707
1.19817
1.19956
1.20119
1.20297
1.2048
1.20658
1.20823
1.20967
1.21085
1.21175
1.21235
1.21268
1.21275
1.21261
1.2123
1.21189
1.21145
1.21103
1.21072
1.21056
1.21061
1.2109
1.21141
1.21214
1.21304
1.21406
1.21513
1.21617
1.21713
1.21795
1.21858
1.21899
1.21918
1.21917
1.21901
1.21874
1.21844
1.21815
1.21791
1.2177
1.21746
1.21711
1.21656
1.21574
1.21458
1.21309
1.21131
1.20931
1.20719
1.20506
1.20299
1.20107
1.19937
1.19794
1.19683
1.19604
1.19557
1.19539
1.19551
1.19601
1.19702
1.19868
1.20111
1.20429
1.2081
1.2123
1.21663
1.22086
1.22479
1.22831
1.23136
1.23388
1.23588
1.23734
1.23826
1.23862
1.2384
1.23758
1.23613
1.23404
1.23129
1.2279
1.22393
1.2195
1.21478
1.20999
1.2054
1.20136
1.19821
1.19627
1.19571
1.19645
1.19813
1.20025
1.20227
1.20381
1.20469
1.205
1.20501
1.20505
1.2055
1.2066
1.20847
1.21102
1.21405
1.2173
1.22047
1.22332
1.22568
1.22743
1.22854
1.229
1.22887
1.2282
1.22706
1.22554
1.22371
1.22166
1.21948
1.21725
1.2151
1.21314
1.21148
1.21021
1.2094
1.20906
1.20916
1.20962
1.21035
1.21126
1.21225
1.21325
1.21423
1.21513
1.21594
1.21664
1.21724
1.21772
1.21809
1.21837
1.21856
1.21867
1.21875
1.2188
1.21887
1.21899
1.21918
1.21946
1.21981
1.22022
1.2206
1.22086
1.22085
1.22043
1.21943
1.21771
1.21519
1.21187
1.20794
1.20372
1.19972
1.19657
1.19486
1.19501
1.1971
1.2009
1.2059
1.21147
1.21705
1.22222
1.2267
1.2304
1.2333
1.23547
1.23697
1.2379
1.23833
1.23835
1.23805
1.23751
1.23683
1.23611
1.23545
1.23497
1.23476
1.23488
1.23535
1.23614
1.23714
1.23821
1.23917
1.23984
1.24004
1.23963
1.23852
1.23668
1.23417
1.23114
1.2278
1.22441
1.22118
1.21826
1.21571
1.2136
1.21205
1.21122
1.21124
1.21208
1.21348
1.21509
1.21661
1.21794
1.21923
1.22071
1.22264
1.2252
1.22846
1.23237
1.23678
1.2414
1.24588
1.24986
1.25306
1.25531
1.25653
1.2568
1.25627
1.25518
1.25383
1.25253
1.25157
1.25116
1.2514
1.25222
1.25345
1.25483
1.25605
1.25682
1.25685
1.25588
1.25367
1.25003
1.24487
1.23841
1.23135
1.22503
1.2211
1.22083
1.2243
1.23039
1.23748
1.24421
1.24987
1.25429
1.2576
1.26001
1.26172
1.26286
1.26351
1.26364
1.2632
1.26211
1.26023
1.25746
1.25369
1.24888
1.24316
1.23686
1.23066
1.22543
1.22206
1.22107
1.22238
1.22537
1.22921
1.23318
1.2368
1.23982
1.24216
1.2438
1.24474
1.24498
1.24451
1.24336
1.24153
1.23905
1.23599
1.23248
1.22876
1.22523
1.22239
1.2207
1.22043
1.2215
1.22356
1.22612
1.22876
1.23122
1.23339
1.23527
1.23688
1.23825
1.2394
1.24033
1.24109
1.24172
1.24228
1.24283
1.24343
1.24407
1.24474
1.2454
1.24597
1.24638
1.24655
1.24639
1.24583
1.24481
1.24327
1.24118
1.23852
1.2353
1.23156
1.22739
1.22291
1.21829
1.21369
1.20932
1.20531
1.20182
1.19894
1.19677
1.19536
1.19475
1.19493
1.19586
1.19746
1.1996
1.2021
1.20481
1.20753
1.21013
1.21248
1.21451
1.21618
1.21748
1.21843
1.21907
1.21943
1.21952
1.21936
1.21892
1.21818
1.21709
1.21563
1.2138
1.21169
1.20944
1.20729
1.2055
1.20434
1.20398
1.2045
1.20583
1.20783
1.21029
1.21297
1.21565
1.21814
1.22029
1.22203
1.2233
1.2241
1.22445
1.22438
1.22392
1.22312
1.22199
1.22059
1.219
1.21734
1.21578
1.21452
1.21377
1.21362
1.21408
1.215
1.21621
1.21751
1.21876
1.21982
1.22057
1.22083
1.22038
1.21902
1.21663
1.21334
1.20957
1.20609
1.20372
1.20302
1.20394
1.20592
1.20813
1.20993
1.211
1.21138
1.21129
1.21105
1.2109
1.21106
1.21169
1.21287
1.21469
1.21712
1.22012
1.22357
1.22729
1.23112
1.2349
1.23848
1.24174
1.24458
1.24693
1.24874
1.24998
1.25066
1.25074
1.25024
1.24913
1.24738
1.24498
1.24191
1.23821
1.23401
1.22957
1.22531
1.22177
1.21946
1.21868
1.21944
1.22144
1.22419
1.2272
1.23012
1.23272
1.23492
1.23671
1.23815
1.23927
1.24012
1.24074
1.24113
1.2413
1.24124
1.24091
1.24031
1.23938
1.23813
1.23654
1.23463
1.23245
1.23007
1.2276
1.22515
1.22284
1.22077
1.21899
1.21752
1.21634
1.21543
1.21479
1.21444
1.21445
1.21487
1.21578
1.2172
1.21909
1.22131
1.2236
1.22557
1.22673
1.22648
1.22422
1.2195
1.21242
1.20408
1.19676
1.19306
1.19427
1.19938
1.20595
1.21177
1.21578
1.2179
1.21855
1.21822
1.21731
1.21609
1.21476
1.2135
1.21247
1.21179
1.21154
1.21175
1.21233
1.21314
1.21399
1.2147
1.2151
1.21513
1.21476
1.21405
1.2131
1.21211
1.21127
1.21082
1.21092
1.21168
1.21307
1.21494
1.21708
1.21922
1.22111
1.22253
1.22334
1.22341
1.22266
1.22102
1.21848
1.21505
1.21079
1.20586
1.20047
1.19493
1.18967
1.18516
1.18196
1.18058
1.18133
1.18416
1.18866
1.19412
1.19978
1.20504
1.20949
1.21297
1.21547
1.21709
1.21797
1.21827
1.2181
1.21759
1.21682
1.21585
1.21473
1.21346
1.21206
1.21052
1.20882
1.20692
1.2048
1.20244
1.19984
1.19703
1.19409
1.19111
1.18822
1.18557
1.18323
1.18125
1.17959
1.17814
1.17676
1.17535
1.17383
1.17223
1.17061
1.16914
1.16798
1.16732
1.16732
1.16807
1.16959
1.17182
1.17462
1.1778
1.18115
1.18445
1.18751
1.19019
1.19237
1.19401
1.19509
1.19563
1.19567
1.19531
1.19464
1.19378
1.19286
1.19198
1.19119
1.19046
1.18971
1.18877
1.18741
1.18539
1.1825
1.17858
1.17368
1.16803
1.16218
1.15681
1.15258
1.14988
1.14876
1.14902
1.15046
1.15296
1.15643
1.16071
1.16549
1.17042
1.1751
1.17926
1.1827
1.18532
1.18711
1.1881
1.18837
1.18799
1.18705
1.18561
1.18376
1.18156
1.17906
1.17631
1.17341
1.17044
1.16757
1.16501
1.16302
1.16185
1.16164
1.16239
1.16393
1.16595
1.16809
1.17003
1.17152
1.17245
1.17274
1.17242
1.17153
1.17011
1.16825
1.16602
1.16355
1.16099
1.15858
1.15655
1.15513
1.15447
1.15461
1.15543
1.15676
1.15838
1.16008
1.1617
1.16316
1.16441
1.16544
1.16632
1.16711
1.1679
1.16881
1.16989
1.17117
1.1726
1.1741
1.17554
1.17678
1.17768
1.17814
1.17809
1.17751
1.17641
1.17489
1.17311
1.17128
1.16967
1.16858
1.16824
1.16881
1.17031
1.17261
1.17551
1.17876
1.18212
1.18541
1.18849
1.19125
1.19367
1.19572
1.19741
1.19875
1.19976
1.20048
1.20094
1.2012
1.20132
1.20138
1.20145
1.20161
1.20192
1.2024
1.20306
1.20384
1.20469
1.20553
1.20627
1.20684
1.20717
1.20724
1.20703
1.20654
1.20581
1.2049
1.20389
1.20291
1.20207
1.20149
1.20126
1.20142
1.20193
1.20271
1.2036
1.20445
1.2051
1.20547
1.20553
1.20539
1.2052
1.20517
1.20547
1.20623
1.20745
1.20904
1.21084
1.21259
1.21406
1.21503
1.2154
1.21517
1.21447
1.21356
1.21271
1.21217
1.21205
1.21231
1.21275
1.21311
1.21314
1.21275
1.212
1.21109
1.21035
1.21005
1.21035
1.21122
1.21248
1.21385
1.21503
1.21582
1.21607
1.21577
1.21494
1.21368
1.21211
1.21034
1.20849
1.20666
1.20492
1.20336
1.20206
1.20108
1.20043
1.20009
1.19997
1.19994
1.1999
1.19977
1.19957
1.19938
1.19932
1.1995
1.19999
1.20079
1.20179
1.20287
1.20388
1.20471
1.20528
1.20555
1.20552
1.20524
1.20474
1.20408
1.20329
1.2024
1.20142
1.20031
1.19904
1.19754
1.19574
1.19363
1.19127
1.18883
1.18664
1.18511
1.18457
1.18511
1.18646
1.18796
1.18872
1.18784
1.18475
1.17959
1.17355
1.1689
1.16798
1.17174
1.17902
1.18747
1.19503
1.20066
1.20418
1.20595
1.20646
1.20619
1.20558
1.20496
1.20454
1.20444
1.20467
1.20514
1.20572
1.20627
1.2067
1.20694
1.20699
1.20683
1.20646
1.20585
1.20503
1.20405
1.20306
1.20226
1.20191
1.2022
1.20316
1.20462
1.20619
1.20741
1.20782
1.20717
1.20554
1.20339
1.20143
1.20039
1.20064
1.20204
1.20404
1.20602
1.20753
1.20839
1.20866
1.2085
1.20809
1.2076
1.20712
1.2067
1.20635
1.20606
1.20584
1.20567
1.20549
1.20525
1.20487
1.20427
1.20344
1.20245
1.20141
1.20046
1.1997
1.19912
1.19865
1.19816
1.19755
1.1968
1.19598
1.19526
1.19489
1.19507
1.19598
1.19767
1.20003
1.20285
1.20589
1.20889
1.21166
1.21407
1.21605
1.21758
1.21866
1.21931
1.21953
1.21932
1.21867
1.21756
1.21598
1.21391
1.2114
1.20852
1.20539
1.20223
1.19925
1.1967
1.19479
1.19361
1.19315
1.1933
1.19386
1.19461
1.19535
1.19594
1.19627
1.19629
1.19601
1.19547
1.19476
1.19396
1.19317
1.19248
1.19196
1.19161
1.19142
1.19136
1.19134
1.19133
1.1913
1.19124
1.19119
1.19121
1.19138
1.19176
1.1924
1.19331
1.19449
1.19586
1.19735
1.19888
1.20035
1.20167
1.20277
1.20359
1.20409
1.20423
1.20399
1.20334
1.20225
1.2007
1.19864
1.19605
1.1929
1.18924
1.18515
1.18085
1.17668
1.17307
1.17045
1.16917
1.16934
1.17085
1.17337
1.17647
1.17973
1.18278
1.18535
1.18728
1.18846
1.18885
1.18848
1.18746
1.18593
1.18415
1.1824
1.18103
1.18033
1.18052
1.18167
1.18374
1.18654
1.18982
1.19329
1.19667
1.19969
1.2021
1.20371
1.20432
1.2038
1.20206
1.19914
1.1952
1.19059
1.18585
1.18161
1.17842
1.17661
1.1762
1.17702
1.17886
1.18151
1.18478
1.18833
1.19173
1.19451
1.19627
1.19683
1.19628
1.19503
1.19369
1.1929
1.19311
1.19443
1.19661
1.19925
1.20193
1.20439
1.20648
1.20822
1.20966
1.21088
1.21193
1.21285
1.21365
1.2143
1.21477
1.21501
1.21499
1.21469
1.21409
1.21322
1.21213
1.21089
1.20961
1.20839
1.20734
1.20657
1.20612
1.20602
1.20621
1.20659
1.20703
1.20736
1.20742
1.20705
1.20617
1.20474
1.20281
1.20046
1.19787
1.1952
1.19264
1.19037
1.18855
1.1873
1.18677
1.18703
1.18812
1.18996
1.19239
1.19514
1.19789
1.20031
1.20214
1.20313
1.20312
1.20198
1.19966
1.19618
1.19174
1.18673
1.18186
1.17805
1.17616
1.17664
1.17935
1.18363
1.18863
1.19364
1.19817
1.20193
1.20483
1.20683
1.20802
1.2085
1.20844
1.20801
1.20739
1.20676
1.20624
1.20591
1.20578
1.20583
1.20601
1.20625
1.20648
1.20665
1.20671
1.20663
1.20638
1.20596
1.20537
1.2046
1.20367
1.2026
1.2014
1.2001
1.1987
1.19722
1.19566
1.194
1.19223
1.19032
1.18828
1.18613
1.18394
1.18184
1.18
1.17861
1.17782
1.17772
1.1783
1.17949
1.18114
1.18312
1.18527
1.1875
1.18973
1.1919
1.19396
1.19589
1.19763
1.19916
1.20042
1.20137
1.20198
1.20221
1.20204
1.20146
1.20049
1.19917
1.19761
1.19594
1.19434
1.19303
1.19218
1.19194
1.19233
1.1933
1.19472
1.19641
1.19819
1.19993
1.20154
1.20298
1.20422
1.20529
1.20621
1.207
1.20769
1.2083
1.20883
1.20929
1.20967
1.20998
1.21019
1.21031
1.21032
1.21022
1.21001
1.20967
1.20922
1.20864
1.20795
1.20715
1.20626
1.2053
1.20431
1.2033
1.20234
1.20147
1.20072
1.20013
1.19969
1.1994
1.1992
1.19903
1.19882
1.19853
1.19815
1.19775
1.19745
1.19742
1.19782
1.19879
1.20035
1.20245
1.20493
1.20762
1.21031
1.21283
1.21503
1.21678
1.21798
1.21856
1.21847
1.21767
1.21614
1.21393
1.2111
1.2078
1.20425
1.20075
1.19762
1.19523
1.19384
1.19363
1.19456
1.19647
1.19907
1.20198
1.20485
1.20734
1.20918
1.21019
1.21026
1.20939
1.20763
1.20511
1.20202
1.1986
1.19513
1.1919
1.18923
1.18737
1.18654
1.18683
1.18819
1.19044
1.19331
1.19651
1.19978
1.20294
1.20589
1.20858
1.21095
1.21299
1.21464
1.21587
1.21664
1.21692
1.21669
1.21595
1.21467
1.21285
1.21046
1.2075
1.20394
1.19981
1.19517
1.19014
1.18495
1.17994
1.17552
1.17214
1.17016
1.16972
1.17069
1.17272
1.1753
1.17796
1.1803
1.18209
1.18325
1.18381
1.18388
1.1836
1.18313
1.18263
1.1822
1.18193
1.18184
1.18194
1.1822
1.18259
1.18308
1.18363
1.1842
1.18476
1.18524
1.18562
1.18583
1.18584
1.18559
1.18505
1.18418
1.18298
1.18147
1.17968
1.1777
1.17566
1.1737
1.17197
1.17061
1.16972
1.16935
1.1695
1.17013
1.17117
1.17253
1.17411
1.17579
1.17746
1.179
1.1803
1.18129
1.18187
1.18197
1.18152
1.18046
1.17876
1.17644
1.17357
1.17032
1.16696
1.16385
1.16136
1.15982
1.15939
1.16006
1.16161
1.16373
1.16607
1.16831
1.17027
1.17181
1.17288
1.17348
1.17365
1.17342
1.17288
1.17213
1.17127
1.17042
1.16972
1.16932
1.16942
1.17025
1.17199
1.17471
1.17832
1.18253
1.18699
1.19136
1.19538
1.19888
1.20184
1.20426
1.20622
1.20779
1.20905
1.21008
1.21093
1.21166
1.2123
1.21287
1.21341
1.21392
1.21443
1.21496
1.21551
1.21611
1.21679
1.21757
1.21847
1.2195
1.22069
1.22204
1.22354
1.22517
1.22689
1.22865
1.23039
1.232
1.23337
1.23437
1.2348
1.23448
1.23317
1.23063
1.22665
1.22112
1.21415
1.20613
1.19782
1.19022
1.18425
1.18038
1.1784
1.17759
1.17706
1.17608
1.17423
1.1714
1.16782
1.16415
1.16135
1.16046
1.16213
1.16628
1.17219
1.17884
1.18529
1.19092
1.19546
1.19889
1.20137
1.20317
1.20463
1.20609
1.2078
1.20987
1.21225
1.21472
1.21708
1.2191
1.22069
1.22178
1.22242
1.22266
1.2226
1.22229
1.22181
1.22119
1.22046
1.21962
1.21868
1.21762
1.21643
1.21511
1.21362
1.21198
1.21016
1.20819
1.20609
1.20392
1.20177
1.19974
1.19794
1.19647
1.19538
1.19468
1.19434
1.19427
1.19433
1.19439
1.19429
1.19391
1.19313
1.19187
1.19008
1.18777
1.18498
1.18182
1.17845
1.17507
1.17194
1.16934
1.16757
1.16692
1.16763
1.16977
1.17324
1.17773
1.1828
1.188
1.19298
1.19749
1.20139
1.20464
1.20723
1.20917
1.21047
1.21109
1.21096
1.20997
1.20796
1.20473
1.2001
1.19398
1.18651
1.17823
1.17019
1.16381
1.16038
1.16051
1.16377
1.16905
1.17508
1.18086
1.18578
1.18959
1.19225
1.19392
1.19488
1.19549
1.19614
1.19712
1.19856
1.20045
1.20262
1.20483
1.20688
1.2086
1.20988
1.21069
1.211
1.21086
1.21028
1.20935
1.20812
1.20669
1.20513
1.20353
1.20196
1.20049
1.19917
1.19807
1.19726
1.1968
1.19675
1.19714
1.19796
1.19916
1.20063
1.2022
1.2037
1.20493
1.20571
1.20591
1.20549
1.20448
1.20306
1.20149
1.20012
1.19933
1.19938
1.20035
1.20216
1.2046
1.20742
1.21046
1.2136
1.21679
1.21997
1.22305
1.22593
1.22852
1.23069
1.23241
1.23362
1.23433
1.23457
1.23437
1.23379
1.23286
1.23164
1.23015
1.22842
1.22645
1.22424
1.22177
1.21909
1.21628
1.21357
1.21129
1.20984
1.20961
1.21083
1.21344
1.21712
1.22139
1.22571
1.22961
1.23276
1.23493
1.23601
1.23599
1.23495
1.23307
1.23058
1.22776
1.22489
1.22227
1.22011
1.21859
1.21778
1.21769
1.21828
1.21948
1.22118
1.22328
1.22566
1.2282
1.23074
1.23314
1.23522
1.23685
1.23787
1.2382
1.23776
1.23654
1.23458
1.23204
1.22915
1.22624
1.22368
1.22179
1.22071
1.22042
1.22068
1.22121
1.22173
1.22209
1.2222
1.2221
1.22184
1.22149
1.2211
1.22067
1.22018
1.21957
1.21878
1.21773
1.21635
1.21458
1.21243
1.20993
1.20722
1.20449
1.20194
1.19975
1.19795
1.19648
1.19518
1.19388
1.19248
1.19103
1.18969
1.18866
1.18807
1.18798
1.18829
1.18882
1.18938
1.18982
1.19006
1.19011
1.19003
1.18989
1.18979
1.18978
1.1899
1.19014
1.19045
1.19079
1.1911
1.19131
1.19138
1.19127
1.19095
1.19039
1.18956
1.18844
1.18702
1.18532
1.18339
1.1813
1.1792
1.17725
1.17564
1.17456
1.17412
1.17437
1.17529
1.17679
1.17873
1.18094
1.18328
1.18561
1.18782
1.18985
1.19166
1.19325
1.19462
1.19578
1.19677
1.19761
1.19831
1.19887
1.19927
1.1995
1.19948
1.19914
1.1984
1.19715
1.19529
1.19271
1.18934
1.18512
1.17998
1.17389
1.16681
1.15886
1.1506
1.14331
1.13901
1.13951
1.14513
1.15427
1.16438
1.17338
1.18024
1.18489
1.18772
1.18929
1.1901
1.19057
1.191
1.19154
1.1923
1.19328
1.19447
1.19579
1.19717
1.19853
1.19977
1.20083
1.20163
1.20215
1.20235
1.20223
1.20178
1.20098
1.19975
1.19796
1.19541
1.19187
1.18722
1.18166
1.17599
1.17163
1.17013
1.17235
1.17776
1.18481
1.19174
1.19736
1.20118
1.20326
1.20394
1.20372
1.20309
1.20253
1.20235
1.20273
1.20367
1.20505
1.20667
1.20836
1.20995
1.21135
1.21251
1.21337
1.21393
1.21415
1.21402
1.21353
1.21269
1.21157
1.21024
1.20883
1.20751
1.20643
1.20571
1.20542
1.20555
1.20606
1.20685
1.20784
1.20893
1.21006
1.21117
1.21223
1.21319
1.214
1.21461
1.21498
1.21505
1.21477
1.21414
1.21316
1.21189
1.21044
1.20894
1.20756
1.20647
1.20578
1.20554
1.20576
1.20633
1.20716
1.20809
1.20899
1.20974
1.21023
1.21037
1.2101
1.20938
1.20818
1.20651
1.20438
1.20184
1.19893
1.19575
1.19243
1.18916
1.18622
1.18397
1.18274
1.18282
1.18424
1.18685
1.19029
1.19411
1.19792
1.20143
1.20448
1.207
1.20901
1.21054
1.21165
1.21238
1.21274
1.21273
1.21237
1.21163
1.21051
1.20905
1.20727
1.20524
1.20308
1.20091
1.19891
1.19725
1.19609
1.19552
1.19559
1.19625
1.19745
1.19911
1.20118
1.20354
1.20607
1.2086
1.21095
1.21293
1.21442
1.21532
1.21556
1.21508
1.21381
1.21164
1.2085
1.20446
1.19991
1.19568
1.19296
1.19282
1.19564
1.20085
1.20723
1.21353
1.21893
1.22308
1.22596
1.22772
1.22851
1.22838
1.22731
1.22517
1.22183
1.21724
1.21157
1.20527
1.19906
1.19369
1.18969
1.18713
1.18571
1.18491
1.18417
1.18289
1.18043
1.17624
1.1702
1.16294
1.15605
1.15172
1.15184
1.15693
1.1659
1.1768
1.18777
1.19759
1.20567
1.2119
1.21644
1.21953
1.22145
1.22248
1.22281
1.22262
1.22198
1.22093
1.21945
1.2175
1.21503
1.21202
1.20853
1.20473
1.20098
1.19773
1.19549
1.19461
1.1952
1.19704
1.1997
1.20269
1.20559
1.20812
1.21011
1.21148
1.21222
1.21232
1.2118
1.21064
1.20887
1.20648
1.20351
1.19999
1.19603
1.19173
1.18728
1.18287
1.17872
1.1751
1.17229
1.17063
1.17045
1.17191
1.17493
1.1791
1.18379
1.18834
1.19221
1.19505
1.19673
1.19722
1.19662
1.19508
1.19281
1.19004
1.18705
1.18409
1.18138
1.17906
1.17724
1.17601
1.17544
1.17559
1.17643
1.17786
1.17964
1.18151
1.18324
1.18464
1.18565
1.18625
1.1865
1.18645
1.18615
1.18564
1.18493
1.18404
1.18297
1.18175
1.18043
1.17907
1.17779
1.17674
1.17605
1.17585
1.17619
1.17707
1.17841
1.18008
1.18192
1.1838
1.18562
1.1873
1.1888
1.19012
1.19125
1.19218
1.19293
1.19348
1.19382
1.19393
1.19378
1.19334
1.19259
1.19153
1.19016
1.18852
1.18668
1.18475
1.18286
1.18117
1.17981
1.17891
1.17852
1.17864
1.1792
1.18007
1.18111
1.18213
1.18296
1.18343
1.18337
1.1827
1.18137
1.17947
1.1772
1.17485
1.17279
1.17129
1.17052
1.17051
1.17115
1.17228
1.17375
1.17539
1.17707
1.1787
1.18019
1.18153
1.1827
1.18375
1.18472
1.18568
1.18665
1.18767
1.18874
1.18982
1.19088
1.19184
1.19258
1.19299
1.19294
1.19227
1.19084
1.18855
1.18537
1.18144
1.17712
1.17306
1.17006
1.16882
1.16961
1.17213
1.17566
1.17943
1.18281
1.1855
1.18742
1.18867
1.1894
1.18977
1.18993
1.18997
1.18998
1.18996
1.18994
1.18989
1.1898
1.18966
1.18947
1.18927
1.1891
1.18899
1.18899
1.18909
1.18926
1.18946
1.1896
1.18961
1.18945
1.1891
1.18858
1.18796
1.18732
1.18675
1.18634
1.18614
1.18621
1.18654
1.1871
1.18782
1.1886
1.18935
1.18995
1.19038
1.19061
1.19072
1.19084
1.1911
1.19165
1.19258
1.1939
1.19553
1.19733
1.19915
1.2008
1.20216
1.20313
1.20366
1.20372
1.20332
1.20246
1.20121
1.19963
1.1978
1.19583
1.19383
1.1919
1.19012
1.18853
1.18714
1.18594
1.18493
1.18415
1.18367
1.18363
1.18415
1.1853
1.18704
1.18922
1.1916
1.19387
1.19574
1.19695
1.19731
1.19673
1.19521
1.19288
1.19
1.18693
1.18409
1.18184
1.18037
1.17967
1.17958
1.17986
1.1803
1.18075
1.18116
1.18151
1.18182
1.18218
1.18269
1.18353
1.18485
1.18678
1.18934
1.19245
1.1959
1.19946
1.20284
1.20584
1.20828
1.21009
1.21124
1.21175
1.21168
1.21113
1.21022
1.20905
1.20775
1.20644
1.20517
1.20394
1.2027
1.20131
1.19958
1.19734
1.19446
1.19094
1.18697
1.18289
1.17916
1.17618
1.17411
1.17283
1.17202
1.17136
1.17077
1.17036
1.17039
1.17106
1.17237
1.17416
1.17612
1.17798
1.17956
1.18078
1.18168
1.18229
1.18268
1.18291
1.183
1.18296
1.18281
1.18252
1.18212
1.18161
1.18101
1.18034
1.17966
1.179
1.17845
1.17804
1.17784
1.17788
1.17815
1.17864
1.17931
1.18009
1.18092
1.18172
1.18243
1.18301
1.1834
1.18358
1.18352
1.18319
1.1826
1.18174
1.18061
1.17923
1.17762
1.17582
1.17388
1.17188
1.16989
1.168
1.1663
1.16485
1.16369
1.16282
1.16221
1.16182
1.1616
1.1615
1.16149
1.16158
1.16178
1.1621
1.16259
1.16326
1.16414
1.16523
1.16652
1.168
1.16962
1.17135
1.17311
1.17485
1.17651
1.17804
1.17938
1.18048
1.18131
1.18182
1.18195
1.18164
1.18083
1.17945
1.17746
1.17487
1.17175
1.16829
1.16481
1.1617
1.15939
1.15816
1.1581
1.15905
1.16067
1.16258
1.1644
1.16591
1.167
1.16768
1.16808
1.16835
1.16868
1.16921
1.17001
1.17109
1.1724
1.17383
1.17527
1.17663
1.17778
1.17864
1.17914
1.17917
1.17868
1.1776
1.17588
1.17351
1.17054
1.16709
1.16339
1.15974
1.15651
1.15409
1.15281
1.15284
1.15413
1.15643
1.15932
1.1623
1.16489
1.16673
1.16761
1.16758
1.1669
1.16599
1.16538
1.16548
1.16648
1.16825
1.17047
1.17272
1.17465
1.17605
1.17684
1.17705
1.17675
1.17606
1.17507
1.17388
1.17256
1.17116
1.16974
1.16831
1.1669
1.16554
1.16424
1.16306
1.16203
1.16126
1.16086
1.16098
1.16178
1.16335
1.16569
1.16869
1.17213
1.17577
1.17938
1.18276
1.18577
1.18834
1.19042
1.192
1.19308
1.19367
1.19378
1.19343
1.19266
1.1915
1.19
1.18823
1.18629
1.18429
1.18239
1.18076
1.17959
1.17908
1.1794
1.18064
1.18281
1.18575
1.18918
1.19272
1.19595
1.19854
1.20022
1.20088
1.2005
1.19918
1.19711
1.19455
1.19181
1.1892
1.18699
1.18532
1.18428
1.18382
1.18387
1.18432
1.18508
1.18608
1.18728
1.18862
1.19008
1.1916
1.19315
1.19467
1.19614
1.19754
1.19882
1.19997
1.20092
1.20164
1.20209
1.20223
1.20209
1.20176
1.20136
1.20107
1.2011
1.20162
1.20277
1.20458
1.20696
1.20974
1.21264
1.21536
1.21759
1.21906
1.21958
1.21899
1.21723
1.21429
1.21028
1.20544
1.20021
1.1952
1.19112
1.18857
1.18783
1.18872
1.19078
1.19345
1.19628
1.19898
1.20142
1.20356
1.2054
1.20693
1.20817
1.20911
1.20976
1.21013
1.21019
1.20997
1.20947
1.2087
1.2077
1.20652
1.20522
1.20387
1.20254
1.2013
1.20022
1.19933
1.19865
1.19819
1.19792
1.19781
1.19783
1.19794
1.19813
1.19839
1.19872
1.19915
1.1997
1.2004
1.20126
1.20227
1.2034
1.20463
1.20589
1.20713
1.2083
1.20935
1.21025
1.21098
1.21153
1.21191
1.21212
1.21217
1.21206
1.21179
1.21138
1.21081
1.2101
1.20923
1.20821
1.20707
1.2058
1.20446
1.20308
1.20172
1.20045
1.19934
1.19843
1.19778
1.19738
1.19724
1.1973
1.1975
1.19774
1.19793
1.19797
1.19779
1.19734
1.19661
1.1956
1.19439
1.19305
1.1917
1.19046
1.18943
1.1887
1.1883
1.18826
1.18851
1.189
1.18964
1.19035
1.19105
1.19172
1.19234
1.19293
1.19351
1.1941
1.19468
1.19525
1.19574
1.19613
1.19643
1.19665
1.19687
1.19716
1.19759
1.19817
1.19888
1.19964
1.20033
1.20084
1.20103
1.20082
1.20011
1.19882
1.19693
1.1944
1.1913
1.18774
1.18401
1.18047
1.17757
1.1757
1.17505
1.17558
1.17697
1.17881
1.18069
1.18229
1.18342
1.18399
1.18395
1.18331
1.18208
1.18025
1.17786
1.17499
1.1718
1.16863
1.1659
1.16412
1.16368
1.16468
1.16689
1.16982
1.17285
1.17548
1.17737
1.1784
1.17862
1.17821
1.17741
1.17646
1.17557
1.17489
1.1745
1.17442
1.17466
1.17523
1.17612
1.17732
1.17879
1.18047
1.18228
1.18412
1.18588
1.1875
1.18888
1.18998
1.19074
1.19112
1.19112
1.19076
1.19009
1.18922
1.18829
1.18746
1.18687
1.18656
1.18647
1.18646
1.18627
1.18565
1.18435
1.18221
1.17918
1.17537
1.17105
1.16667
1.1628
1.16001
1.15875
1.15919
1.1612
1.16443
1.16839
1.17265
1.17687
1.18086
1.18455
1.18794
1.19106
1.19393
1.19657
1.19899
1.20115
1.20303
1.20459
1.20578
1.20656
1.20688
1.20669
1.20596
1.20468
1.20284
1.20048
1.19766
1.19445
1.19097
1.18735
1.18375
1.18035
1.17734
1.17487
1.17303
1.1718
1.17113
1.17095
1.17134
1.1725
1.17473
1.17825
1.18301
1.18867
1.19459
1.20012
1.20464
1.20774
1.20922
1.20911
1.20777
1.20583
1.20416
1.20359
1.20462
1.20718
1.21071
1.21447
1.21784
1.22042
1.22206
1.22275
1.22258
1.22167
1.22022
1.21847
1.21679
1.21557
1.21515
1.21571
1.21717
1.21924
1.22153
1.22365
1.22535
1.22651
1.22713
1.22726
1.22698
1.22636
1.2254
1.22413
1.22258
1.22087
1.21919
1.21784
1.21712
1.21722
1.21815
1.2197
1.22151
1.22316
1.2243
1.22477
1.22459
1.22402
1.22344
1.22329
1.22395
1.2256
1.22819
1.23149
1.23515
1.23883
1.24223
1.24512
1.24735
1.24882
1.24949
1.24937
1.2485
1.247
1.24507
1.24296
1.24101
1.23957
1.23896
1.23942
1.241
1.24358
1.24688
1.25054
1.25416
1.25743
1.26013
1.26212
1.26337
1.26392
1.26385
1.26329
1.26238
1.26126
1.26002
1.25871
1.25727
1.2556
1.25351
1.25083
1.24743
1.24333
1.2387
1.23389
1.22938
1.22563
1.223
1.22166
1.22161
1.22269
1.22463
1.22713
1.22986
1.23249
1.23479
1.23657
1.23774
1.2383
1.2383
1.23789
1.23728
1.23672
1.23642
1.23653
1.23705
1.23784
1.23866
1.23925
1.23939
1.23901
1.23816
1.23703
1.23584
1.23483
1.23421
1.2341
1.23455
1.23548
1.23675
1.23811
1.23927
1.23988
1.23958
1.23801
1.2349
1.23017
1.224
1.21693
1.20983
1.20372
1.19952
1.19774
1.19832
1.2007
1.20412
1.20794
1.21183
1.21575
1.21979
1.22403
1.2284
1.2327
1.23667
1.24011
1.24287
1.24491
1.24625
1.24696
1.24709
1.24671
1.24586
1.24452
1.24264
1.24013
1.23687
1.23276
1.2278
1.22219
1.21644
1.21135
1.20776
1.20623
1.20673
1.20861
1.21099
1.2131
1.2145
1.21505
1.21487
1.21417
1.21319
1.21216
1.21122
1.21045
1.20985
1.2094
1.20902
1.20866
1.20828
1.20786
1.20743
1.20708
1.20689
1.207
1.2075
1.20847
1.20991
1.21177
1.21391
1.21619
1.21845
1.22055
1.22238
1.22386
1.22497
1.22568
1.22596
1.22579
1.22509
1.22373
1.22153
1.21827
1.21378
1.20808
1.20154
1.19501
1.18971
1.18676
1.18662
1.18888
1.19257
1.19671
1.20065
1.20405
1.20679
1.20881
1.21015
1.21085
1.21104
1.2109
1.21068
1.21061
1.21093
1.21178
1.21325
1.2153
1.21781
1.2206
1.22348
1.22628
1.22887
1.23117
1.23315
1.23483
1.23623
1.23742
1.23842
1.23928
1.24001
1.24058
1.24094
1.24103
1.24072
1.23988
1.23836
1.23602
1.23279
1.22875
1.22422
1.21977
1.21622
1.21434
1.21459
1.2169
1.22076
1.22539
1.23006
1.23418
1.23739
1.23944
1.24022
1.23964
1.23766
1.23426
1.22947
1.22344
1.21653
1.20931
1.20262
1.19733
1.19416
1.19343
1.19507
1.19867
1.20371
1.20965
1.21601
1.22237
1.22838
1.23382
1.23856
1.24255
1.24583
1.24846
1.25053
1.25212
1.2533
1.25412
1.25464
1.25487
1.25483
1.25453
1.25397
1.25315
1.2521
1.25083
1.24941
1.24791
1.24643
1.24511
1.24409
1.2435
1.24341
1.24387
1.24481
1.24612
1.24766
1.24927
1.2508
1.25216
1.25325
1.25403
1.25446
1.25449
1.25404
1.253
1.25123
1.24855
1.24478
1.23973
1.2333
1.22554
1.21673
1.20744
1.1986
1.19132
1.18661
1.18513
1.18692
1.19148
1.19799
1.20554
1.21337
1.22093
1.22792
1.2342
1.23976
1.24463
1.24888
1.25255
1.25571
1.25836
1.26053
1.26221
1.26337
1.26398
1.26398
1.2633
1.26186
1.25959
1.25644
1.25241
1.24762
1.2423
1.23685
1.23177
1.22754
1.22455
1.22301
1.22286
1.22389
1.22573
1.22795
1.23017
1.23209
1.23354
1.23448
1.23492
1.23492
1.23454
1.23382
1.23278
1.23141
1.22972
1.22769
1.22537
1.22284
1.22028
1.21793
1.21607
1.21494
1.21465
1.21515
1.21624
1.21763
1.21902
1.22017
1.2209
1.22109
1.2207
1.21969
1.21809
1.21591
1.21326
1.21026
1.2071
1.20402
1.20128
1.19912
1.19768
1.19705
1.19716
1.19789
1.19902
1.20032
1.20156
1.20255
1.20314
1.20327
1.20295
1.20229
1.20143
1.20057
1.19988
1.19951
1.19949
1.19981
1.20037
1.20102
1.20163
1.20207
1.20225
1.2021
1.20159
1.2007
1.19943
1.19779
1.19579
1.19342
1.19062
1.18729
1.18323
1.17826
1.17222
1.16524
1.1579
1.15129
1.14679
1.14536
1.14696
1.15056
1.15469
1.15816
1.16037
1.16129
1.16127
1.16092
1.16085
1.16153
1.16311
1.16545
1.16823
1.17104
1.17357
1.17563
1.17714
1.17809
1.17855
1.17856
1.17821
1.17754
1.1766
1.17546
1.17414
1.17268
1.17113
1.16952
1.16791
1.16635
1.16488
1.16358
1.1625
1.16169
1.16117
1.16096
1.16105
1.16142
1.16203
1.16284
1.16379
1.16485
1.166
1.1672
1.16845
1.16973
1.17104
1.17236
1.17369
1.17501
1.17629
1.17752
1.17864
1.1796
1.18033
1.18072
1.18066
1.17999
1.17852
1.17605
1.17239
1.16742
1.16118
1.15398
1.14646
1.13956
1.13426
1.13131
1.13099
1.13308
1.13703
1.14221
1.14799
1.15386
1.15945
1.16453
1.16898
1.17276
1.17588
1.17837
1.18027
1.18163
1.18246
1.18281
1.18268
1.1821
1.18108
1.17966
1.17792
1.17595
1.17386
1.17177
1.1698
1.16807
1.1667
1.16582
1.16557
1.16601
1.16712
1.16876
1.17068
1.17254
1.17402
1.17486
1.17485
1.1739
1.172
1.16926
1.16594
1.1625
1.15949
1.15755
1.15715
1.15849
1.16142
1.16552
1.17025
1.17517
1.17991
1.18428
1.18818
1.19159
1.19455
1.19709
1.19927
1.20112
1.20268
1.20397
1.20498
1.2057
1.2061
1.20614
1.20578
1.20495
1.20361
1.20171
1.19919
1.19603
1.19218
1.1876
1.18229
1.17626
1.16962
1.1626
1.15559
1.14913
1.14385
1.14036
1.1391
1.14035
1.14409
1.15002
1.15759
1.16604
1.17461
1.18265
1.18968
1.19546
1.19989
1.20295
1.20471
1.20523
1.20463
1.20303
1.20063
1.19772
1.19465
1.19184
1.18968
1.18844
1.18822
1.18892
1.19034
1.19222
1.19433
1.19649
1.19858
1.20053
1.20228
1.20381
1.20511
1.20616
1.20698
1.20757
1.20795
1.20813
1.20812
1.20794
1.20762
1.20717
1.20662
1.206
1.20535
1.2047
1.2041
1.20358
1.20318
1.20291
1.20281
1.20288
1.20311
1.2035
1.20402
1.20465
1.20535
1.20608
1.20681
1.2075
1.20811
1.20863
1.20901
1.20923
1.20926
1.20908
1.20868
1.20803
1.20716
1.20609
1.20487
1.20359
1.20236
1.20132
1.20057
1.20023
1.20032
1.20082
1.20163
1.2026
1.20354
1.20428
1.20469
1.2047
1.20428
1.20348
1.20238
1.20114
1.19992
1.19892
1.1983
1.1982
1.19863
1.19956
1.20084
1.20233
1.20386
1.20534
1.20676
1.20812
1.20949
1.21094
1.2125
1.21419
1.21598
1.21781
1.21963
1.22135
1.22291
1.22424
1.2253
1.22605
1.22647
1.22655
1.22626
1.2256
1.22457
1.22319
1.22148
1.2195
1.21731
1.215
1.21267
1.21043
1.20833
1.20642
1.20471
1.20318
1.20186
1.20083
1.20025
1.20034
1.2013
1.20323
1.20602
1.20939
1.21295
1.21624
1.21889
1.22058
1.2211
1.22033
1.21828
1.21513
1.21128
1.20734
1.20408
1.20217
1.20198
1.20343
1.20611
1.20945
1.21298
1.21638
1.21948
1.22223
1.22461
1.22663
1.22831
1.22962
1.23058
1.23118
1.23144
1.23136
1.23097
1.23029
1.22936
1.2282
1.22686
1.22541
1.22392
1.22249
1.22125
1.22032
1.21981
1.21978
1.22022
1.22101
1.22199
1.22295
1.22367
1.22397
1.22372
1.22285
1.22137
1.21934
1.2169
1.21427
1.21169
1.20941
1.20764
1.2065
1.20602
1.20614
1.20678
1.20783
1.20918
1.21075
1.21245
1.21419
1.21589
1.21745
1.2188
1.21989
1.2207
1.22122
1.22147
1.22149
1.22131
1.22099
1.22057
1.22009
1.21958
1.21906
1.21854
1.21803
1.21753
1.21703
1.21653
1.21601
1.21547
1.21489
1.21425
1.21352
1.21265
1.21161
1.21034
1.2088
1.20698
1.20492
1.20273
1.20058
1.19867
1.19723
1.19643
1.19638
1.19705
1.19839
1.20026
1.20255
1.20514
1.20791
1.2107
1.21336
1.21574
1.2177
1.21911
1.21993
1.22014
1.21978
1.21896
1.21783
1.21661
1.2155
1.21472
1.21439
1.21456
1.21517
1.21608
1.21711
1.21808
1.21886
1.21934
1.21948
1.21925
1.21866
1.21774
1.21652
1.21505
1.21338
1.21158
1.20973
1.20796
1.20638
1.20517
1.20446
1.20443
1.20517
1.20673
1.20906
1.21203
1.21544
1.21907
1.22268
1.22608
1.2291
1.23165
1.23366
1.23512
1.23602
1.23639
1.23626
1.23568
1.23472
1.23346
1.23197
1.23038
1.22879
1.22729
1.22596
1.22488
1.22405
1.22349
1.22318
1.2231
1.22324
1.2236
1.22418
1.22497
1.22598
1.22718
1.22855
1.23003
1.23157
1.23312
1.23462
1.23602
1.2373
1.23846
1.23948
1.2404
1.24123
1.24203
1.2428
1.24358
1.24437
1.24517
1.24594
1.24666
1.24726
1.24771
1.24797
1.24799
1.24775
1.24721
1.24629
1.24489
1.24282
1.23987
1.23578
1.2304
1.22393
1.21709
1.21125
1.208
1.20834
1.212
1.21765
1.22366
1.22893
1.23302
1.236
1.23813
1.23969
1.24083
1.24157
1.24183
1.24153
1.24065
1.23925
1.2375
1.23566
1.23403
1.23281
1.23209
1.23174
1.23152
1.23113
1.23038
1.22938
1.22854
1.22851
1.22987
1.23275
1.23666
1.24073
1.24396
1.24563
1.24533
1.24306
1.23918
1.23439
1.22966
1.22598
1.22407
1.22409
1.22565
1.22802
1.23039
1.23208
1.23262
1.23181
1.22974
1.22677
1.22355
1.22084
1.21932
1.21933
1.22075
1.22313
1.22588
1.22856
1.23092
1.23291
1.23461
1.23614
1.2376
1.23905
1.24048
1.24184
1.24304
1.244
1.24467
1.24498
1.24488
1.24432
1.24327
1.2417
1.2396
1.23702
1.23404
1.2308
1.22749
1.22435
1.22155
1.21922
1.21739
1.21598
1.2149
1.21405
1.21342
1.21307
1.21313
1.21369
1.21481
1.21639
1.21828
1.22026
1.22213
1.22373
1.22495
1.22575
1.22611
1.22609
1.22572
1.22511
1.22436
1.22357
1.22283
1.22222
1.22178
1.22148
1.22127
1.22108
1.22082
1.2204
1.21976
1.21885
1.21765
1.21617
1.21446
1.21259
1.21063
1.2087
1.20693
1.20543
1.20429
1.20357
1.20328
1.20338
1.20378
1.20441
1.20514
1.20589
1.20659
1.20719
1.20765
1.20796
1.20813
1.20816
1.20806
1.20786
1.20757
1.20721
1.20677
1.20626
1.20566
1.20494
1.20405
1.20292
1.20147
1.19956
1.1971
1.19396
1.1901
1.18558
1.18062
1.17565
1.1713
1.16828
1.16723
1.16848
1.17195
1.17712
1.18324
1.18951
1.19529
1.20014
1.20388
1.20643
1.20783
1.2081
1.2073
1.20547
1.20262
1.19882
1.19417
1.1889
1.18335
1.17801
1.17343
1.17008
1.16822
1.16784
1.16868
1.17039
1.17262
1.17507
1.17759
1.18003
1.18229
1.18424
1.18571
1.18649
1.18637
1.1852
1.18297
1.17986
1.17634
1.1731
1.1709
1.17028
1.17136
1.17377
1.17691
1.18013
1.183
1.18529
1.18692
1.18795
1.18845
1.18853
1.18828
1.18779
1.18716
1.18652
1.18598
1.18569
1.18576
1.18623
1.18711
1.18831
1.18971
1.19116
1.19252
1.19366
1.1945
1.19497
1.19507
1.19479
1.19417
1.19328
1.19224
1.19118
1.19025
1.18962
1.18939
1.18962
1.19026
1.1912
1.19228
1.19331
1.19413
1.19462
1.19467
1.19427
1.19344
1.19227
1.1909
1.18957
1.18851
1.188
1.18825
1.18939
1.19142
1.19424
1.19764
1.20139
1.20526
1.20904
1.21258
1.21579
1.2186
1.22099
1.22294
1.22446
1.22554
1.22619
1.22644
1.22628
1.22575
1.22486
1.22366
1.22218
1.22051
1.2187
1.21686
1.21505
1.21337
1.21188
1.21062
1.20961
1.20882
1.20823
1.20781
1.20751
1.20733
1.20727
1.20741
1.20782
1.20858
1.20975
1.21133
1.21327
1.21548
1.21785
1.22031
1.2228
1.22533
1.22794
1.23071
1.23369
1.23691
1.24031
1.24375
1.24705
1.25
1.25244
1.25425
1.25534
1.25572
1.25541
1.25447
1.25298
1.25105
1.24879
1.24631
1.24375
1.24123
1.23884
1.23669
1.23481
1.23322
1.23186
1.23065
1.2295
1.22828
1.2269
1.22533
1.22359
1.22181
1.22016
1.21887
1.21813
1.21801
1.21845
1.21921
1.21997
1.22037
1.2201
1.21899
1.21702
1.21433
1.21123
1.20807
1.20528
1.20324
1.2022
1.20231
1.20349
1.20552
1.20803
1.21064
1.21301
1.21489
1.21616
1.21681
1.21688
1.21651
1.21583
1.215
1.21417
1.21346
1.21291
1.21256
1.21237
1.21229
1.21226
1.21222
1.21212
1.21193
1.21161
1.21114
1.21048
1.20956
1.2083
1.20659
1.20427
1.20116
1.19711
1.19204
1.18607
1.17964
1.17357
1.16898
1.16693
1.16804
1.17216
1.17854
1.18606
1.1937
1.20071
1.20665
1.21134
1.21477
1.217
1.21814
1.21825
1.21739
1.21559
1.21285
1.20917
1.20455
1.19906
1.19284
1.18612
1.17927
1.17279
1.16722
1.16309
1.16073
1.16018
1.16116
1.16316
1.16563
1.16809
1.17028
1.17211
1.17361
1.17489
1.17606
1.1772
1.17835
1.1795
1.1806
1.18159
1.18237
1.18283
1.18284
1.18227
1.181
1.17892
1.17602
1.17241
1.16836
1.16437
1.16102
1.15885
1.15815
1.15886
1.1606
1.16283
1.16506
1.16698
1.16841
1.16932
1.16976
1.16981
1.16952
1.16897
1.16818
1.16716
1.16592
1.16443
1.16268
1.16066
1.15842
1.156
1.15354
1.1512
1.14919
1.14771
1.14689
1.14675
1.1472
1.14803
1.149
1.14986
1.15038
1.15043
1.14994
1.14891
1.14746
1.14577
1.14411
1.14279
1.1421
1.1422
1.14312
1.14475
1.14684
1.14913
1.1514
1.1535
1.15531
1.15681
1.15798
1.15883
1.15935
1.15952
1.15929
1.15861
1.15741
1.15562
1.15324
1.15034
1.14716
1.14409
1.1416
1.14013
1.13985
1.14057
1.14175
1.14272
1.14288
1.14192
1.13997
1.1376
1.13575
1.13536
1.13693
1.1403
1.14472
1.14929
1.15326
1.15625
1.15819
1.15921
1.15955
1.15949
1.15929
1.15915
1.15924
1.15964
1.16038
1.16144
1.16274
1.16422
1.16578
1.16734
1.16883
1.17017
1.17131
1.1722
1.1728
1.17309
1.17303
1.17265
1.17198
1.17111
1.17016
1.16931
1.16873
1.16858
1.16892
1.16974
1.17091
1.17228
1.17365
1.17487
1.17584
1.17652
1.17691
1.17708
1.17708
1.17698
1.17684
1.17672
1.17663
1.17662
1.17668
1.17686
1.17716
1.17764
1.17831
1.1792
1.18032
1.18166
1.1832
1.18491
1.18675
1.18867
1.19064
1.19263
1.19461
1.19655
1.19844
1.20025
1.20198
1.2036
1.20509
1.20645
1.20765
1.2087
1.20957
1.21026
1.21078
1.21112
1.21131
1.21138
1.21137
1.21133
1.21133
1.21144
1.21169
1.21213
1.21278
1.21363
1.21467
1.21587
1.2172
1.21861
1.22005
1.22147
1.2228
1.22399
1.22497
1.22574
1.22628
1.22661
1.22678
1.2268
1.22665
1.22623
1.22537
1.22382
1.22138
1.21799
1.2139
1.20977
1.20651
1.20494
1.20532
1.20718
1.20962
1.21171
1.2129
1.21302
1.21225
1.21092
1.20943
1.20819
1.20752
1.20767
1.20873
1.21066
1.21327
1.21628
1.21938
1.22234
1.22497
1.22717
1.22889
1.23012
1.23082
1.23098
1.23065
1.22992
1.22901
1.22819
1.22776
1.22787
1.22851
1.22944
1.2303
1.23072
1.2304
1.22921
1.2272
1.22462
1.22192
1.21962
1.21824
1.21804
1.21897
1.22067
1.22264
1.22439
1.22556
1.22599
1.2257
1.22489
1.22387
1.22303
1.22272
1.22317
1.22441
1.22627
1.22844
1.23054
1.2322
1.23316
1.23324
1.23236
1.23052
1.2278
1.22433
1.22032
1.21611
1.21215
1.20899
1.20709
1.20652
1.20692
1.20761
1.20791
1.20746
1.20623
1.20455
1.20288
1.20165
1.20115
1.20141
1.20219
1.20316
1.204
1.20457
1.20495
1.20542
1.20633
1.20794
1.21038
1.21355
1.21719
1.22096
1.22452
1.22761
1.23007
1.23179
1.23276
1.23296
1.23241
1.23113
1.22914
1.22648
1.22325
1.21957
1.21565
1.21174
1.2081
1.20494
1.20233
1.2002
1.1984
1.19674
1.1951
1.19348
1.19199
1.19079
1.19003
1.18978
1.19002
1.19066
1.19156
1.19262
1.19374
1.19484
1.19587
1.19675
1.19747
1.198
1.19836
1.19862
1.19882
1.19905
1.1993
1.19954
1.19963
1.19937
1.19851
1.1968
1.19411
1.19051
1.1865
1.18297
1.18101
1.18149
1.18454
1.18949
1.19525
1.20079
1.20544
1.20888
1.21103
1.2119
1.21152
1.20988
1.20698
1.20291
1.198
1.19291
1.18868
1.18637
1.18665
1.18937
1.19367
1.19838
1.20252
1.20547
1.20697
1.207
1.20568
1.20324
1.20006
1.19662
1.19353
1.19131
1.19026
1.19024
1.19077
1.19119
1.19092
1.18965
1.18734
1.18427
1.18088
1.17769
1.17518
1.17368
1.1734
1.17434
1.1764
1.17939
1.18303
1.18704
1.19109
1.1949
1.19819
1.20078
1.20258
1.20364
1.20419
1.2046
1.20533
1.20677
1.2091
1.21222
1.21582
1.21947
1.2228
1.22554
1.22754
1.22873
1.22907
1.22851
1.22694
1.22418
1.21993
1.21384
1.20554
1.19487
1.18213
1.16847
1.15586
1.14658
1.14225
1.14315
1.1484
1.15649
1.16585
1.1751
1.18333
1.19008
1.19526
1.19904
1.2017
1.20354
1.20481
1.20573
1.20643
1.207
1.2075
1.20794
1.20829
1.20853
1.20863
1.20854
1.20821
1.20761
1.2067
1.20547
1.20393
1.2021
1.20006
1.19791
1.1958
1.19391
1.19242
1.19148
1.19117
1.19149
1.19232
1.19346
1.19469
1.19582
1.19668
1.19716
1.19719
1.19677
1.19591
1.1947
1.19322
1.19161
1.19003
1.18863
1.18753
1.18684
1.18657
1.1867
1.18717
1.18788
1.18875
1.18968
1.19059
1.19144
1.19216
1.19271
1.19303
1.19304
1.19267
1.19181
1.19035
1.18824
1.18552
1.1824
1.17927
1.1767
1.17525
1.17526
1.17671
1.17919
1.1821
1.18487
1.18709
1.18859
1.18936
1.18948
1.18912
1.18845
1.18764
1.18679
1.18601
1.18531
1.1847
1.18415
1.18363
1.18316
1.18279
1.18266
1.18293
1.18376
1.18522
1.18728
1.18979
1.19253
1.19524
1.19771
1.19979
1.20139
1.20247
1.20306
1.20319
1.20293
1.20235
1.20158
1.20071
1.19989
1.19923
1.19884
1.19879
1.1991
1.19972
1.20056
1.2015
1.2024
1.20314
1.20361
1.20376
1.20358
1.2031
1.20241
1.20161
1.20083
1.20016
1.19965
1.19928
1.19896
1.19857
1.19802
1.19728
1.19643
1.19562
1.19502
1.19473
1.1947
1.19473
1.19453
1.19382
1.19249
1.19067
1.1887
1.18713
1.18646
1.18707
1.18903
1.19207
1.19569
1.19931
1.20242
1.20468
1.20599
1.20649
1.20647
1.20631
1.20632
1.20665
1.20727
1.20795
1.20843
1.20849
1.20805
1.20718
1.20614
1.20525
1.20484
1.20514
1.20619
1.20784
1.20985
1.2119
1.21373
1.21512
1.21593
1.21608
1.21556
1.21442
1.21278
1.21088
1.20899
1.20744
1.20649
1.20627
1.20676
1.20778
1.20912
1.21057
1.21198
1.21329
1.21448
1.21557
1.2166
1.21759
1.21856
1.21957
1.22062
1.22177
1.22305
1.22446
1.22599
1.2276
1.22922
1.23074
1.23206
1.23308
1.23374
1.23398
1.23382
1.2333
1.2325
1.23155
1.23062
1.22988
1.22952
1.22969
1.23044
1.23179
1.23364
1.23581
1.23809
1.24026
1.24215
1.24365
1.24473
1.24544
1.24588
1.24615
1.24632
1.24635
1.2461
1.24539
1.24402
1.24186
1.23888
1.2352
1.23103
1.22664
1.22233
1.21834
1.2149
1.21218
1.2104
1.20981
1.21063
1.21297
1.21671
1.22151
1.22684
1.23215
1.23696
1.24091
1.2438
1.24557
1.24623
1.2459
1.24467
1.24267
1.23998
1.23667
1.23278
1.22838
1.22356
1.21855
1.21375
1.20975
1.20717
1.20651
1.20785
1.21083
1.21481
1.21908
1.22308
1.2265
1.2292
1.2312
1.23257
1.2334
1.2338
1.23384
1.23359
1.2331
1.23241
1.23157
1.23059
1.22949
1.2283
1.22703
1.22569
1.22427
1.22278
1.22121
1.21955
1.21781
1.21599
1.21408
1.21212
1.21012
1.20814
1.20622
1.20444
1.20288
1.20161
1.20071
1.20024
1.20025
1.20075
1.20171
1.20307
1.20474
1.20658
1.20848
1.21035
1.2121
1.21371
1.21519
1.2166
1.21798
1.2194
1.2209
1.2225
1.22418
1.22589
1.22756
1.22913
1.23051
1.23164
1.23244
1.23287
1.23288
1.23244
1.23156
1.23028
1.22869
1.22697
1.22533
1.224
1.22321
1.22307
1.22355
1.22449
1.22562
1.22666
1.22736
1.22762
1.22745
1.22704
1.22664
1.22657
1.22706
1.22819
1.22992
1.23205
1.2344
1.23678
1.23911
1.24142
1.24376
1.24623
1.2489
1.25179
1.25488
1.25806
1.26122
1.26421
1.26692
1.26919
1.27093
1.27203
1.27247
1.27225
1.2715
1.27044
1.26934
1.26849
1.26811
1.26828
1.26891
1.26983
1.2708
1.27164
1.27224
1.27253
1.27253
1.27228
1.27184
1.27128
1.27065
1.26998
1.26931
1.26863
1.26796
1.26729
1.26665
1.26608
1.26564
1.26538
1.26534
1.26552
1.26587
1.26632
1.26677
1.26714
1.26737
1.2674
1.26721
1.26682
1.26628
1.26567
1.26508
1.26464
1.26442
1.26448
1.26481
1.26537
1.26609
1.26687
1.26762
1.26826
1.26875
1.26908
1.26925
1.26931
1.26931
1.26929
1.26927
1.26922
1.26909
1.26876
1.26811
1.26697
1.26522
1.2628
1.2598
1.25648
1.25333
1.25091
1.24973
1.24997
1.25145
1.25367
1.25608
1.25825
1.25993
1.26104
1.26163
1.2618
1.26167
1.26132
1.26085
1.2603
1.25969
1.25905
1.25837
1.25766
1.2569
1.25607
1.25517
1.25418
1.25308
1.25187
1.25053
1.24907
1.2475
1.24581
1.24402
1.24217
1.24026
1.23833
1.23639
1.23448
1.23261
1.2308
1.22907
1.22745
1.22595
1.22461
1.22347
1.22253
1.22179
1.22123
1.22077
1.22036
1.21989
1.21931
1.21856
1.21762
1.21654
1.21539
1.21428
1.21333
1.21258
1.21199
1.21137
1.21044
1.20884
1.20624
1.20246
1.19761
1.19213
1.18683
1.1826
1.18009
1.17939
1.18007
1.18147
1.18301
1.18439
1.18554
1.18657
1.18761
1.18877
1.1901
1.1916
1.19322
1.19488
1.1965
1.19802
1.19936
1.20048
1.20137
1.20201
1.20239
1.20252
1.20241
1.20207
1.2015
1.20072
1.19974
1.19854
1.19715
1.19557
1.19382
1.19193
1.18996
1.18796
1.18604
1.1843
1.18284
1.18175
1.18108
1.18082
1.18092
1.18128
1.18179
1.18232
1.18275
1.18298
1.18293
1.18255
1.18178
1.18056
1.17884
1.17657
1.17371
1.17028
1.1664
1.16236
1.1586
1.15569
1.15413
1.15421
1.15584
1.15865
1.1621
1.16575
1.16924
1.17236
1.17501
1.17714
1.17874
1.17984
1.18048
1.18075
1.18074
1.18053
1.18017
1.17969
1.17906
1.17824
1.17716
1.1758
1.17413
1.17223
1.17025
1.16838
1.16687
1.16594
1.16577
1.16638
1.16773
1.16965
1.17193
1.17437
1.17679
1.17906
1.18111
1.18292
1.18448
1.18581
1.18692
1.18781
1.18847
1.18888
1.189
1.18878
1.1882
1.18722
1.18582
1.18399
1.18176
1.1792
1.17639
1.17347
1.17056
1.16787
1.16559
1.16399
1.16333
1.1638
1.16547
1.16819
1.17162
1.17528
1.17868
1.18142
1.18323
1.18412
1.18427
1.18407
1.18398
1.18436
1.18541
1.18707
1.18908
1.1911
1.19278
1.19388
1.19427
1.19397
1.19309
1.19185
1.19055
1.18949
1.1889
1.18894
1.18964
1.19092
1.19263
1.19461
1.19674
1.19891
1.20105
1.20312
1.20507
1.20686
1.20843
1.2097
1.21056
1.21085
1.21036
1.20886
1.20605
1.20165
1.19547
1.18763
1.17876
1.17015
1.16357
1.16057
1.1617
1.1663
1.17301
1.18051
1.18791
1.19473
1.20074
1.20585
1.21005
1.21331
1.21567
1.21716
1.21783
1.21775
1.21702
1.21577
1.21418
1.21247
1.21089
1.20964
1.20884
1.2085
1.20848
1.20856
1.20848
1.20799
1.20696
1.20533
1.20317
1.2007
1.19822
1.19608
1.19463
1.19409
1.19453
1.19586
1.19791
1.20048
1.20338
1.20645
1.20956
1.21262
1.21552
1.21816
1.22044
1.22229
1.22362
1.22437
1.22448
1.22389
1.22255
1.22042
1.21752
1.2139
1.2097
1.20515
1.20058
1.19637
1.19296
1.1908
1.19031
1.19172
1.19496
1.19964
1.20512
1.21074
1.21601
1.22064
1.22455
1.22776
1.23035
1.23239
1.23393
1.23501
1.23563
1.23576
1.23539
1.23448
1.23298
1.23083
1.22798
1.2244
1.22011
1.21533
1.21043
1.20608
1.20303
1.20195
1.2031
1.20618
1.21044
1.21498
1.219
1.22197
1.22363
1.22392
1.22295
1.22089
1.21805
1.21478
1.21161
1.20912
1.20792
1.20836
1.21047
1.2139
1.21808
1.22242
1.22646
1.22991
1.23267
1.23471
1.23609
1.23687
1.23713
1.23696
1.23644
1.23565
1.23469
1.23364
1.2326
1.23165
1.23087
1.2303
1.22999
1.22994
1.23012
1.2305
1.23101
1.23159
1.23217
1.23267
1.23305
1.23323
1.23319
1.23289
1.23233
1.23154
1.23063
1.22975
1.2291
1.22888
1.22925
1.2303
1.23197
1.23412
1.23654
1.23901
1.24132
1.24334
1.245
1.24628
1.24719
1.24777
1.24811
1.24827
1.24833
1.24835
1.24836
1.24835
1.24823
1.24791
1.24721
1.24598
1.2441
1.24156
1.23849
1.23524
1.23229
1.23024
1.22954
1.2304
1.23272
1.23619
1.24039
1.24495
1.24958
1.25407
1.25828
1.2621
1.26546
1.26827
1.27048
1.272
1.27275
1.27265
1.27165
1.26973
1.26698
1.2636
1.25992
1.2564
1.25351
1.25162
1.2509
1.25131
1.25266
1.25468
1.25713
1.25976
1.26237
1.26476
1.26675
1.26817
1.2689
1.26889
1.26821
1.26703
1.26567
1.26456
1.26411
1.26457
1.26601
1.2682
1.27078
1.27333
1.27547
1.27697
1.27769
1.2776
1.27672
1.27511
1.27285
1.27004
1.26673
1.26297
1.25875
1.25398
1.24844
1.24186
1.23389
1.22446
1.21414
1.20469
1.1989
1.19929
1.20628
1.21774
1.23052
1.24213
1.25137
1.25799
1.2623
1.26472
1.26573
1.26574
1.26506
1.26394
1.26255
1.26095
