-0.350039
-0.353754
-0.358759
-0.36414
-0.369098
-0.3731
-0.375857
-0.377293
-0.377456
-0.37649
-0.374594
-0.372024
-0.369029
-0.365771
-0.362279
-0.358418
-0.353979
-0.348803
-0.343015
-0.337091
-0.331802
-0.327899
-0.325809
-0.325452
-0.326418
-0.328366
-0.33122
-0.335204
-0.340562
-0.347273
-0.355008
-0.363176
-0.371173
-0.378557
-0.385037
-0.39055
-0.395144
-0.398913
-0.40199
-0.404489
-0.406527
-0.408167
-0.409457
-0.410448
-0.411135
-0.411492
-0.411484
-0.411051
-0.410094
-0.40852
-0.406192
-0.403011
-0.398914
-0.393945
-0.388317
-0.382513
-0.377214
-0.373186
-0.371109
-0.371245
-0.373351
-0.376793
-0.38073
-0.384335
-0.386918
-0.387978
-0.387121
-0.384111
-0.378972
-0.372135
-0.364675
-0.358268
-0.354751
-0.355324
-0.359935
-0.367332
-0.375817
-0.383985
-0.391029
-0.396641
-0.400784
-0.403449
-0.404502
-0.403584
-0.400123
-0.393349
-0.382547
-0.367665
-0.350268
-0.334264
-0.325003
-0.326036
-0.336361
-0.351325
-0.366158
-0.378139
-0.38658
-0.391824
-0.394568
-0.395453
-0.395
-0.393637
-0.391621
-0.389098
-0.386132
-0.382712
-0.378714
-0.374029
-0.368594
-0.362522
-0.356199
-0.350316
-0.345817
-0.343583
-0.344111
-0.34725
-0.352265
-0.35812
-0.363876
-0.368898
-0.372838
-0.375632
-0.377332
-0.378095
-0.378086
-0.377465
-0.37641
-0.375034
-0.373437
-0.371753
-0.370043
-0.368368
-0.366786
-0.365313
-0.363945
-0.362669
-0.361461
-0.360253
-0.358989
-0.357564
-0.355884
-0.353802
-0.351173
-0.347824
-0.343644
-0.338586
-0.33279
-0.326651
-0.320897
-0.316438
-0.314161
-0.314539
-0.317441
-0.322193
-0.327881
-0.333638
-0.338856
-0.343204
-0.346502
-0.348735
-0.349902
-0.350018
-0.349135
-0.347354
-0.344809
-0.341693
-0.338238
-0.33464
-0.330956
-0.327133
-0.322958
-0.318219
-0.312829
-0.306983
-0.301137
-0.295958
-0.292091
-0.289996
-0.289941
-0.292017
-0.296225
-0.302417
-0.310163
-0.318824
-0.327612
-0.335815
-0.342959
-0.348776
-0.353248
-0.356463
-0.3586
-0.359819
-0.360299
-0.360198
-0.35963
-0.358696
-0.357465
-0.356019
-0.354428
-0.352769
-0.351096
-0.349479
-0.348001
-0.346723
-0.345726
-0.345052
-0.344727
-0.344777
-0.345191
-0.345939
-0.346986
-0.348287
-0.34981
-0.351503
-0.353331
-0.355232
-0.357156
-0.359057
-0.360862
-0.362528
-0.364022
-0.365305
-0.366381
-0.367247
-0.36788
-0.368273
-0.368389
-0.368215
-0.367724
-0.366859
-0.365632
-0.364036
-0.362132
-0.359994
-0.357734
-0.355509
-0.35345
-0.351683
-0.350279
-0.349263
-0.348595
-0.348206
-0.34803
-0.34803
-0.34815
-0.348376
-0.348669
-0.348982
-0.349193
-0.349199
-0.348866
-0.348089
-0.346875
-0.345335
-0.343643
-0.342044
-0.340786
-0.34002
-0.339834
-0.340233
-0.341108
-0.342361
-0.343894
-0.345598
-0.347379
-0.349131
-0.350775
-0.352239
-0.353486
-0.354504
-0.355366
-0.356176
-0.357094
-0.358223
-0.359663
-0.36144
-0.36346
-0.365587
-0.367679
-0.369587
-0.371209
-0.372489
-0.373396
-0.373964
-0.374242
-0.37428
-0.374127
-0.373806
-0.373366
-0.3728
-0.372104
-0.371284
-0.370305
-0.369123
-0.367737
-0.366121
-0.364271
-0.362203
-0.359938
-0.357525
-0.355045
-0.352569
-0.350192
-0.347993
-0.346055
-0.344405
-0.343055
-0.342008
-0.341219
-0.340664
-0.340348
-0.340246
-0.340405
-0.34082
-0.341532
-0.342535
-0.343837
-0.345361
-0.34705
-0.348798
-0.350457
-0.351931
-0.353089
-0.353822
-0.354055
-0.353755
-0.352911
-0.351571
-0.349786
-0.347634
-0.345144
-0.342339
-0.339185
-0.335635
-0.331641
-0.327287
-0.322779
-0.318489
-0.31495
-0.312697
-0.312117
-0.313311
-0.316052
-0.319877
-0.324224
-0.328563
-0.332505
-0.335816
-0.338364
-0.340124
-0.341135
-0.341537
-0.341473
-0.341133
-0.340749
-0.340542
-0.340688
-0.341309
-0.342433
-0.343996
-0.34588
-0.347932
-0.349981
-0.351902
-0.353605
-0.355035
-0.35616
-0.356989
-0.357543
-0.357837
-0.357912
-0.357806
-0.357532
-0.357128
-0.356627
-0.35605
-0.355447
-0.354837
-0.354233
-0.35363
-0.352998
-0.352286
-0.351402
-0.350247
-0.348678
-0.346595
-0.343875
-0.340423
-0.336213
-0.331277
-0.325766
-0.319953
-0.314293
-0.309456
-0.306245
-0.305421
-0.307394
-0.312034
-0.318617
-0.326083
-0.333408
-0.339839
-0.344977
-0.348731
-0.35122
-0.352657
-0.353318
-0.353454
-0.353288
-0.35299
-0.352664
-0.352394
-0.352215
-0.35215
-0.352225
-0.352481
-0.352929
-0.35364
-0.35462
-0.355867
-0.357355
-0.359038
-0.360823
-0.362624
-0.364333
-0.365864
-0.367143
-0.368118
-0.36876
-0.369086
-0.369122
-0.368938
-0.368596
-0.368137
-0.367624
-0.367056
-0.366389
-0.365595
-0.364665
-0.363655
-0.362721
-0.362086
-0.362005
-0.362585
-0.363662
-0.364813
-0.365369
-0.364586
-0.361792
-0.35654
-0.348721
-0.338602
-0.326937
-0.314891
-0.303882
-0.295324
-0.290189
-0.288821
-0.29091
-0.295712
-0.302319
-0.309922
-0.317839
-0.325587
-0.332773
-0.339091
-0.344313
-0.348311
-0.351047
-0.352567
-0.353007
-0.352534
-0.351355
-0.349687
-0.347689
-0.345488
-0.343152
-0.340671
-0.338008
-0.335105
-0.331906
-0.328489
-0.324973
-0.321587
-0.318577
-0.316118
-0.314262
-0.312888
-0.311825
-0.310927
-0.310242
-0.31002
-0.31064
-0.312425
-0.31547
-0.319552
-0.324186
-0.328784
-0.332869
-0.336092
-0.338264
-0.339386
-0.339467
-0.338605
-0.336913
-0.334542
-0.331634
-0.328422
-0.325183
-0.322262
-0.320047
-0.318852
-0.318834
-0.319958
-0.32196
-0.324424
-0.326874
-0.32888
-0.330132
-0.330406
-0.329635
-0.327832
-0.325118
-0.32172
-0.31793
-0.314151
-0.310777
-0.308135
-0.306455
-0.305773
-0.305953
-0.306721
-0.307752
-0.308726
-0.309405
-0.309606
-0.309212
-0.308151
-0.306418
-0.304033
-0.3011
-0.297814
-0.294484
-0.291549
-0.289507
-0.288771
-0.289602
-0.291963
-0.29562
-0.300191
-0.305307
-0.310618
-0.3159
-0.320976
-0.325757
-0.330174
-0.334154
-0.337684
-0.340729
-0.343272
-0.345291
-0.346754
-0.347662
-0.347973
-0.347662
-0.346682
-0.344977
-0.342539
-0.339347
-0.335468
-0.331053
-0.326353
-0.321761
-0.317701
-0.314599
-0.312761
-0.312249
-0.312938
-0.314516
-0.316589
-0.318753
-0.320654
-0.321982
-0.32249
-0.322006
-0.320476
-0.317993
-0.314803
-0.311316
-0.308059
-0.305583
-0.304325
-0.304536
-0.306238
-0.309254
-0.313248
-0.317792
-0.322412
-0.326718
-0.330357
-0.333121
-0.33492
-0.335734
-0.335599
-0.334576
-0.332709
-0.329954
-0.326296
-0.321728
-0.316401
-0.310733
-0.305476
-0.301588
-0.299938
-0.300856
-0.303953
-0.308272
-0.312712
-0.316347
-0.318667
-0.31953
-0.319061
-0.317587
-0.31551
-0.313256
-0.311237
-0.309811
-0.309213
-0.309525
-0.310658
-0.312334
-0.314134
-0.315468
-0.315722
-0.314363
-0.31111
-0.3062
-0.300511
-0.295537
-0.292965
-0.293785
-0.297689
-0.30329
-0.30878
-0.312735
-0.314465
-0.314048
-0.312077
-0.309544
-0.307538
-0.306981
-0.308476
-0.312095
-0.317455
-0.323877
-0.330594
-0.33695
-0.342418
-0.3467
-0.349626
-0.351149
-0.351316
-0.350202
-0.347922
-0.344612
-0.340392
-0.335393
-0.32972
-0.323528
-0.316938
-0.310158
-0.3034
-0.296994
-0.291332
-0.286846
-0.283954
-0.282987
-0.284064
-0.287037
-0.291501
-0.296883
-0.302522
-0.307854
-0.312488
-0.316237
-0.319101
-0.321171
-0.322629
-0.323683
-0.324507
-0.325208
-0.325866
-0.326503
-0.327135
-0.327874
-0.32893
-0.330576
-0.333053
-0.336437
-0.340592
-0.345191
-0.34984
-0.354176
-0.357936
-0.360971
-0.36325
-0.364797
-0.365637
-0.365807
-0.365342
-0.364214
-0.362387
-0.359802
-0.356419
-0.352228
-0.347376
-0.342153
-0.336988
-0.33251
-0.329295
-0.327743
-0.328016
-0.329961
-0.333274
-0.337606
-0.342661
-0.348161
-0.353871
-0.359557
-0.365004
-0.370035
-0.374553
-0.378508
-0.38188
-0.384687
-0.386933
-0.388626
-0.389729
-0.390218
-0.390008
-0.389052
-0.38727
-0.384621
-0.381053
-0.376596
-0.371299
-0.365343
-0.358966
-0.352519
-0.346425
-0.341051
-0.336755
-0.333749
-0.332131
-0.331896
-0.332932
-0.335069
-0.338036
-0.341498
-0.345107
-0.34854
-0.351595
-0.354219
-0.356494
-0.358621
-0.360818
-0.363262
-0.366012
-0.368996
-0.372045
-0.37492
-0.37739
-0.379254
-0.380391
-0.380767
-0.380457
-0.379603
-0.378357
-0.376874
-0.375236
-0.373486
-0.371589
-0.369516
-0.367248
-0.364804
-0.362272
-0.359745
-0.357314
-0.355039
-0.352933
-0.350993
-0.34923
-0.347747
-0.346663
-0.346116
-0.346151
-0.346722
-0.347667
-0.348749
-0.349707
-0.35033
-0.350502
-0.350167
-0.349335
-0.348063
-0.346416
-0.344488
-0.342349
-0.340078
-0.337765
-0.33547
-0.333303
-0.331324
-0.329627
-0.328303
-0.327405
-0.326946
-0.326932
-0.327293
-0.327944
-0.328772
-0.329696
-0.330606
-0.331448
-0.332184
-0.332783
-0.333255
-0.333602
-0.333856
-0.334038
-0.33417
-0.334282
-0.334407
-0.334545
-0.334727
-0.334938
-0.335185
-0.335472
-0.335761
-0.336041
-0.336258
-0.336361
-0.336305
-0.335999
-0.335353
-0.334299
-0.332797
-0.330853
-0.328563
-0.326173
-0.324039
-0.322599
-0.32221
-0.323075
-0.325088
-0.327862
-0.330799
-0.333257
-0.334633
-0.334489
-0.332566
-0.328826
-0.323462
-0.316921
-0.309856
-0.302942
-0.29673
-0.291411
-0.286872
-0.28277
-0.278935
-0.275632
-0.273837
-0.274963
-0.28013
-0.289367
-0.301404
-0.314343
-0.326461
-0.33676
-0.344895
-0.351005
-0.35542
-0.358559
-0.36074
-0.362266
-0.363336
-0.364135
-0.364767
-0.36531
-0.365806
-0.366282
-0.366727
-0.367117
-0.367406
-0.367526
-0.367379
-0.36685
-0.365793
-0.364039
-0.361442
-0.357873
-0.353282
-0.3478
-0.341789
-0.335865
-0.330904
-0.327832
-0.327381
-0.329834
-0.334927
-0.341891
-0.349764
-0.357614
-0.364707
-0.370543
-0.374892
-0.377695
-0.379019
-0.37903
-0.377931
-0.375978
-0.373497
-0.370788
-0.368097
-0.365662
-0.363592
-0.361935
-0.360623
-0.359584
-0.358728
-0.358012
-0.357433
-0.357003
-0.356752
-0.356691
-0.356855
-0.357266
-0.357989
-0.359056
-0.360535
-0.362444
-0.364776
-0.367456
-0.370416
-0.37355
-0.376703
-0.379752
-0.382544
-0.384945
-0.386807
-0.38798
-0.388323
-0.387674
-0.385899
-0.382936
-0.378825
-0.373801
-0.368368
-0.363272
-0.35938
-0.357435
-0.35779
-0.360261
-0.364244
-0.368962
-0.373689
-0.377895
-0.381247
-0.383552
-0.384777
-0.38493
-0.384129
-0.382537
-0.380346
-0.377813
-0.375186
-0.3727
-0.370545
-0.368821
-0.367522
-0.366593
-0.365903
-0.365338
-0.364806
-0.36427
-0.363741
-0.363217
-0.362691
-0.362164
-0.361539
-0.360733
-0.359681
-0.358345
-0.356752
-0.354963
-0.353082
-0.351238
-0.349557
-0.34814
-0.347034
-0.346276
-0.345838
-0.345647
-0.345654
-0.345808
-0.346062
-0.346395
-0.346825
-0.347358
-0.348007
-0.348768
-0.349624
-0.350542
-0.351487
-0.352416
-0.353287
-0.354113
-0.354861
-0.355535
-0.356137
-0.356653
-0.357119
-0.357515
-0.357868
-0.358164
-0.358398
-0.358582
-0.358706
-0.358777
-0.358772
-0.358682
-0.358493
-0.35818
-0.35772
-0.357084
-0.356234
-0.355146
-0.353796
-0.352173
-0.350284
-0.348168
-0.345904
-0.343596
-0.341332
-0.339257
-0.337452
-0.335947
-0.334776
-0.333945
-0.333467
-0.333388
-0.333782
-0.334728
-0.336229
-0.338215
-0.340495
-0.342875
-0.345087
-0.346911
-0.348203
-0.348905
-0.349057
-0.348789
-0.348229
-0.34757
-0.346964
-0.346501
-0.346207
-0.346035
-0.345882
-0.345636
-0.345227
-0.344655
-0.344035
-0.343536
-0.343357
-0.343682
-0.344601
-0.346089
-0.348044
-0.350304
-0.352699
-0.355066
-0.357297
-0.359302
-0.361016
-0.362347
-0.363207
-0.363476
-0.362943
-0.36144
-0.358795
-0.355006
-0.350305
-0.345267
-0.340742
-0.337713
-0.336887
-0.33856
-0.342451
-0.347924
-0.354151
-0.360324
-0.365807
-0.370192
-0.373306
-0.375196
-0.376076
-0.376212
-0.375888
-0.375259
-0.374376
-0.373072
-0.371068
-0.367994
-0.36349
-0.357348
-0.349686
-0.341033
-0.332381
-0.325016
-0.320105
-0.318326
-0.319539
-0.322928
-0.32732
-0.33168
-0.33536
-0.338167
-0.340278
-0.342026
-0.343753
-0.345687
-0.347904
-0.350333
-0.352831
-0.355222
-0.357357
-0.359139
-0.360578
-0.361749
-0.362751
-0.363702
-0.364725
-0.365869
-0.367117
-0.368357
-0.369408
-0.370022
-0.369897
-0.368633
-0.365787
-0.360863
-0.353457
-0.343432
-0.331298
-0.318503
-0.307352
-0.300137
-0.297888
-0.299836
-0.304085
-0.30898
-0.313802
-0.318616
-0.323699
-0.329176
-0.334804
-0.340189
-0.344936
-0.348744
-0.351493
-0.353208
-0.353957
-0.353867
-0.353061
-0.351665
-0.349789
-0.34752
-0.344939
-0.342143
-0.339192
-0.336203
-0.333253
-0.330449
-0.327893
-0.325607
-0.323636
-0.32198
-0.320599
-0.319427
-0.318419
-0.317531
-0.316754
-0.316101
-0.3156
-0.315301
-0.31525
-0.315473
-0.316015
-0.316852
-0.317981
-0.319373
-0.321016
-0.322867
-0.324894
-0.32705
-0.32927
-0.331489
-0.333634
-0.335655
-0.337508
-0.33913
-0.340508
-0.341633
-0.342521
-0.343177
-0.343632
-0.34393
-0.344112
-0.34424
-0.34434
-0.344454
-0.344607
-0.344822
-0.345088
-0.345405
-0.345761
-0.346129
-0.346493
-0.346862
-0.347243
-0.347675
-0.34819
-0.348843
-0.349665
-0.350687
-0.351857
-0.353117
-0.354369
-0.355459
-0.356244
-0.35656
-0.356336
-0.355537
-0.354189
-0.352438
-0.350517
-0.348641
-0.347021
-0.34575
-0.34475
-0.343752
-0.342385
-0.340279
-0.337103
-0.332705
-0.327135
-0.320675
-0.313807
-0.307161
-0.301402
-0.297122
-0.294825
-0.294832
-0.297285
-0.30212
-0.308997
-0.31738
-0.326606
-0.336008
-0.345044
-0.353295
-0.360531
-0.366655
-0.371651
-0.375558
-0.378444
-0.380361
-0.381407
-0.38168
-0.38128
-0.380316
-0.378939
-0.377285
-0.375508
-0.373702
-0.371931
-0.370225
-0.368596
-0.367021
-0.365439
-0.363837
-0.362209
-0.36063
-0.359192
-0.358019
-0.357222
-0.356923
-0.357159
-0.357933
-0.35913
-0.360588
-0.362128
-0.363534
-0.364631
-0.365266
-0.365307
-0.364646
-0.363142
-0.360674
-0.357086
-0.352287
-0.346373
-0.339776
-0.333314
-0.327999
-0.324634
-0.323343
-0.323452
-0.32383
-0.323436
-0.321742
-0.318956
-0.315991
-0.314129
-0.314407
-0.317121
-0.321691
-0.327092
-0.332405
-0.337138
-0.341247
-0.344895
-0.348272
-0.351475
-0.354468
-0.357126
-0.359317
-0.360932
-0.361916
-0.362287
-0.36212
-0.361531
-0.360675
-0.359704
-0.358784
-0.358059
-0.357649
-0.357649
-0.358095
-0.359
-0.360335
-0.362024
-0.363976
-0.366092
-0.368264
-0.370404
-0.372434
-0.374316
-0.376021
-0.377546
-0.378922
-0.380178
-0.381352
-0.382491
-0.383629
-0.384787
-0.385959
-0.387111
-0.388219
-0.389251
-0.390162
-0.3909
-0.391425
-0.3917
-0.391698
-0.391395
-0.390782
-0.389903
-0.388833
-0.387722
-0.386811
-0.386404
-0.386798
-0.38822
-0.39067
-0.393896
-0.397394
-0.400532
-0.402712
-0.40349
-0.402677
-0.400261
-0.396391
-0.391276
-0.385175
-0.378484
-0.37184
-0.366085
-0.362189
-0.360998
-0.363018
-0.368254
-0.376359
-0.386681
-0.398374
-0.410516
-0.422227
-0.432768
-0.441617
-0.448567
-0.453643
-0.457063
-0.459209
-0.460474
-0.461199
-0.461661
-0.46195
-0.462048
-0.461868
-0.46126
-0.460047
-0.458075
-0.455221
-0.451385
-0.446521
-0.440756
-0.434401
-0.428022
-0.42239
-0.418344
-0.416511
-0.417035
-0.419504
-0.423057
-0.426681
-0.429493
-0.430894
-0.430668
-0.428939
-0.426212
-0.423168
-0.420607
-0.419234
-0.41944
-0.42119
-0.424095
-0.427524
-0.430772
-0.433316
-0.434813
-0.435164
-0.434485
-0.43297
-0.430899
-0.428535
-0.426108
-0.42377
-0.42163
-0.419745
-0.418107
-0.416693
-0.415481
-0.414428
-0.413483
-0.412605
-0.41175
-0.410884
-0.40993
-0.408803
-0.407391
-0.405615
-0.403336
-0.400509
-0.397106
-0.393238
-0.389111
-0.385047
-0.381451
-0.378708
-0.377065
-0.376549
-0.376982
-0.378005
-0.37921
-0.380246
-0.380839
-0.380866
-0.380271
-0.379112
-0.377456
-0.375407
-0.373084
-0.370619
-0.368169
-0.365847
-0.363759
-0.362001
-0.360627
-0.359648
-0.359041
-0.358744
-0.358675
-0.358754
-0.358871
-0.358954
-0.358904
-0.358671
-0.358155
-0.357316
-0.356086
-0.354429
-0.35229
-0.349686
-0.346644
-0.343299
-0.339837
-0.336559
-0.333829
-0.331987
-0.331312
-0.33191
-0.333667
-0.336284
-0.339306
-0.342235
-0.344598
-0.345988
-0.346192
-0.345095
-0.342845
-0.339819
-0.336593
-0.333888
-0.332317
-0.332216
-0.333479
-0.335644
-0.338084
-0.340264
-0.341803
-0.342567
-0.342627
-0.342148
-0.341431
-0.340825
-0.340694
-0.341298
-0.342751
-0.344963
-0.347704
-0.350677
-0.353576
-0.356207
-0.358464
-0.360307
-0.361754
-0.362887
-0.36379
-0.364505
-0.365076
-0.365363
-0.365152
-0.364099
-0.361915
-0.358507
-0.354234
-0.350015
-0.347155
-0.346784
-0.349297
-0.354091
-0.35986
-0.36527
-0.369439
-0.372057
-0.373254
-0.373476
-0.373215
-0.372972
-0.373122
-0.373882
-0.375326
-0.377359
-0.379829
-0.382548
-0.385338
-0.388034
-0.390509
-0.392644
-0.394352
-0.395562
-0.396201
-0.396207
-0.395544
-0.394191
-0.392178
-0.389571
-0.386539
-0.383288
-0.380099
-0.377281
-0.375114
-0.373793
-0.37337
-0.373755
-0.374692
-0.375861
-0.376874
-0.377435
-0.377417
-0.376942
-0.376356
-0.376133
-0.376655
-0.378017
-0.379999
-0.38218
-0.384119
-0.385536
-0.386387
-0.386818
-0.387139
-0.38767
-0.388699
-0.390382
-0.392724
-0.395523
-0.398484
-0.401209
-0.403288
-0.404375
-0.404238
-0.402774
-0.400053
-0.396302
-0.391898
-0.387326
-0.383142
-0.37983
-0.377726
-0.376911
-0.377273
-0.378559
-0.380457
-0.382737
-0.385226
-0.387824
-0.390409
-0.392902
-0.395196
-0.39718
-0.398777
-0.399982
-0.400784
-0.401221
-0.401379
-0.401339
-0.401196
-0.401057
-0.401011
-0.401144
-0.401508
-0.402136
-0.402995
-0.404038
-0.405172
-0.406299
-0.407335
-0.408222
-0.408908
-0.409378
-0.409601
-0.409617
-0.409425
-0.409074
-0.408583
-0.407982
-0.407305
-0.406575
-0.40582
-0.405078
-0.404408
-0.403839
-0.40342
-0.403166
-0.403085
-0.403179
-0.403408
-0.40371
-0.404051
-0.404419
-0.404783
-0.405174
-0.405639
-0.40623
-0.406999
-0.40801
-0.409291
-0.410806
-0.412502
-0.414302
-0.416096
-0.417786
-0.419288
-0.420548
-0.421529
-0.422213
-0.422625
-0.422752
-0.422569
-0.422056
-0.421135
-0.41972
-0.417705
-0.415003
-0.411531
-0.407292
-0.402343
-0.396892
-0.391186
-0.385562
-0.380442
-0.376266
-0.373574
-0.372926
-0.374748
-0.379123
-0.385677
-0.393608
-0.401833
-0.409269
-0.415084
-0.418855
-0.420748
-0.421403
-0.421778
-0.422772
-0.424924
-0.428188
-0.432105
-0.436058
-0.439538
-0.442361
-0.444496
-0.446071
-0.447224
-0.448049
-0.44855
-0.448696
-0.448403
-0.447588
-0.44614
-0.443965
-0.440936
-0.436946
-0.43189
-0.42577
-0.418717
-0.41113
-0.4036
-0.396918
-0.391869
-0.389075
-0.388784
-0.390912
-0.395019
-0.400549
-0.406859
-0.413361
-0.419545
-0.424968
-0.429277
-0.432232
-0.43373
-0.433819
-0.432657
-0.430554
-0.427899
-0.425104
-0.422522
-0.420418
-0.418973
-0.418297
-0.418533
-0.419759
-0.42198
-0.425021
-0.42852
-0.432045
-0.435195
-0.437692
-0.439449
-0.440503
-0.441029
-0.441213
-0.441251
-0.441268
-0.441343
-0.441474
-0.441594
-0.441607
-0.441405
-0.440866
-0.439907
-0.438494
-0.436641
-0.434422
-0.431986
-0.42949
-0.427125
-0.425073
-0.423445
-0.422333
-0.421718
-0.42158
-0.421845
-0.422414
-0.423225
-0.424198
-0.425321
-0.426563
-0.42793
-0.429431
-0.431038
-0.432758
-0.434554
-0.436373
-0.438149
-0.439794
-0.441234
-0.442373
-0.443104
-0.443303
-0.442844
-0.441592
-0.439412
-0.436264
-0.432223
-0.427563
-0.422812
-0.418633
-0.415673
-0.414223
-0.414073
-0.414574
-0.414925
-0.414514
-0.41322
-0.411499
-0.410126
-0.409947
-0.41143
-0.414503
-0.418653
-0.423164
-0.427397
-0.430999
-0.43382
-0.435945
-0.43752
-0.438738
-0.439782
-0.44077
-0.441807
-0.442912
-0.444068
-0.445231
-0.446302
-0.447193
-0.447845
-0.448207
-0.44827
-0.448085
-0.447774
-0.447475
-0.447338
-0.447459
-0.44787
-0.448507
-0.449241
-0.44989
-0.450316
-0.450459
-0.450377
-0.450223
-0.450275
-0.45081
-0.45205
-0.454114
-0.456987
-0.460453
-0.464229
-0.467985
-0.471391
-0.474182
-0.476147
-0.47713
-0.476995
-0.475657
-0.473044
-0.469208
-0.464307
-0.458642
-0.452606
-0.446596
-0.440953
-0.435919
-0.431664
-0.428446
-0.42666
-0.426772
-0.429223
-0.434158
-0.441349
-0.450137
-0.459542
-0.468499
-0.475982
-0.481127
-0.48332
-0.482193
-0.477733
-0.470325
-0.460865
-0.450673
-0.441321
-0.434276
-0.430529
-0.430298
-0.43296
-0.437352
-0.442072
-0.445977
-0.448408
-0.449184
-0.44854
-0.446932
-0.444931
-0.443047
-0.441734
-0.441302
-0.441932
-0.443724
-0.446627
-0.4505
-0.455112
-0.460173
-0.465374
-0.470455
-0.475212
-0.479489
-0.483196
-0.486274
-0.488678
-0.490333
-0.49116
-0.491025
-0.489764
-0.487156
-0.48306
-0.477394
-0.470341
-0.462464
-0.454775
-0.448545
-0.444901
-0.444331
-0.44646
-0.450282
-0.454651
-0.45867
-0.461864
-0.464064
-0.465329
-0.465802
-0.46566
-0.465074
-0.464239
-0.463383
-0.462864
-0.463031
-0.464194
-0.466411
-0.469405
-0.472599
-0.475272
-0.476799
-0.476838
-0.475397
-0.472793
-0.469515
-0.466081
-0.46288
-0.460127
-0.457881
-0.456114
-0.454775
-0.453867
-0.453408
-0.453391
-0.45378
-0.454501
-0.45545
-0.456523
-0.457645
-0.458759
-0.459812
-0.460772
-0.461612
-0.462265
-0.462746
-0.463042
-0.463205
-0.463264
-0.463247
-0.463126
-0.46285
-0.462273
-0.461231
-0.459601
-0.457361
-0.454579
-0.451477
-0.448303
-0.445311
-0.442642
-0.440285
-0.438179
-0.436192
-0.434259
-0.432442
-0.430873
-0.429785
-0.42936
-0.429739
-0.430923
-0.432791
-0.435142
-0.437726
-0.440327
-0.44275
-0.444907
-0.4467
-0.448131
-0.449213
-0.449975
-0.450471
-0.450714
-0.450723
-0.450503
-0.450017
-0.449243
-0.448099
-0.446492
-0.444314
-0.441462
-0.437857
-0.433469
-0.428387
-0.422828
-0.41709
-0.411535
-0.406457
-0.401934
-0.397826
-0.393849
-0.389719
-0.385314
-0.3808
-0.376613
-0.373371
-0.371761
-0.372305
-0.375197
-0.380219
-0.386813
-0.394218
-0.401621
-0.408369
-0.414004
-0.418296
-0.421217
-0.422883
-0.423611
-0.423714
-0.42351
-0.423334
-0.423354
-0.423638
-0.424127
-0.424696
-0.425201
-0.425511
-0.425564
-0.425347
-0.424871
-0.424214
-0.423428
-0.422583
-0.421736
-0.420915
-0.420102
-0.419265
-0.418287
-0.416993
-0.415117
-0.41236
-0.408428
-0.403074
-0.396214
-0.387924
-0.378544
-0.368654
-0.359025
-0.350648
-0.344816
-0.342831
-0.345533
-0.352518
-0.362024
-0.371582
-0.379118
-0.383666
-0.385543
-0.385981
-0.38658
-0.388615
-0.392514
-0.397882
-0.40383
-0.40948
-0.414273
-0.417971
-0.420604
-0.422348
-0.423384
-0.423916
-0.424111
-0.424093
-0.423956
-0.423771
-0.423598
-0.423466
-0.423397
-0.423402
-0.42347
-0.423552
-0.4236
-0.423555
-0.423345
-0.422902
-0.422144
-0.421044
-0.419555
-0.417712
-0.415581
-0.413268
-0.410919
-0.408625
-0.406466
-0.404432
-0.402436
-0.400371
-0.398145
-0.395742
-0.393212
-0.390683
-0.388246
-0.385891
-0.383501
-0.380852
-0.377693
-0.373887
-0.369506
-0.364817
-0.360301
-0.356563
-0.354124
-0.353314
-0.354135
-0.356195
-0.358846
-0.361289
-0.362799
-0.362959
-0.361862
-0.360219
-0.359263
-0.360279
-0.363974
-0.370131
-0.377708
-0.38539
-0.39216
-0.397405
-0.401
-0.403063
-0.403879
-0.403705
-0.402793
-0.401338
-0.399512
-0.397428
-0.395165
-0.392768
-0.390288
-0.387745
-0.385136
-0.382478
-0.379775
-0.377063
-0.374361
-0.371696
-0.369144
-0.366761
-0.364621
-0.362794
-0.361328
-0.360234
-0.359501
-0.359038
-0.358754
-0.358483
-0.358075
-0.35739
-0.356282
-0.354655
-0.352479
-0.349834
-0.346896
-0.343963
-0.341427
-0.339681
-0.339026
-0.339558
-0.341149
-0.343495
-0.346199
-0.348874
-0.351209
-0.352987
-0.354073
-0.35442
-0.353994
-0.352801
-0.350883
-0.348339
-0.345241
-0.341824
-0.338348
-0.33513
-0.332545
-0.330921
-0.3305
-0.331371
-0.333453
-0.336502
-0.340182
-0.344158
-0.34814
-0.351888
-0.355246
-0.358161
-0.360576
-0.362536
-0.36406
-0.365199
-0.366
-0.366521
-0.366801
-0.366888
-0.366828
-0.366668
-0.366443
-0.366163
-0.365859
-0.365534
-0.365212
-0.364888
-0.364559
-0.364246
-0.363972
-0.3638
-0.36378
-0.363934
-0.364282
-0.364759
-0.365229
-0.365451
-0.365064
-0.363702
-0.360967
-0.356623
-0.350706
-0.343702
-0.33658
-0.330646
-0.327164
-0.3269
-0.329819
-0.335196
-0.341914
-0.348828
-0.354964
-0.359636
-0.362473
-0.363412
-0.362723
-0.360888
-0.358534
-0.356206
-0.354161
-0.352303
-0.350222
-0.347481
-0.343891
-0.339763
-0.335974
-0.333741
-0.334085
-0.337427
-0.343347
-0.350845
-0.358819
-0.366389
-0.373042
-0.378578
-0.383013
-0.386455
-0.389054
-0.390953
-0.392296
-0.393208
-0.393799
-0.394146
-0.394344
-0.394443
-0.394487
-0.394498
-0.394481
-0.394429
-0.39429
-0.394026
-0.393574
-0.392877
-0.391906
-0.390659
-0.389124
-0.387368
-0.385407
-0.383292
-0.38104
-0.378663
-0.376154
-0.37347
-0.370614
-0.367573
-0.364342
-0.360945
-0.35751
-0.354206
-0.351231
-0.348718
-0.346638
-0.344818
-0.343
-0.340958
-0.338636
-0.336298
-0.334467
-0.333835
-0.335101
-0.338676
-0.344574
-0.352365
-0.361267
-0.370451
-0.37915
-0.386808
-0.393146
-0.39808
-0.401684
-0.404113
-0.405571
-0.406233
-0.406274
-0.405837
-0.405039
-0.403982
-0.402764
-0.401461
-0.400144
-0.398891
-0.397804
-0.396964
-0.396458
-0.396383
-0.39675
-0.397525
-0.398637
-0.399943
-0.401277
-0.402418
-0.403182
-0.403413
-0.402995
-0.401886
-0.400109
-0.397757
-0.394999
-0.392
-0.388897
-0.385718
-0.382442
-0.378987
-0.375328
-0.371591
-0.368087
-0.365311
-0.363702
-0.363548
-0.364842
-0.367288
-0.370451
-0.373985
-0.377678
-0.381483
-0.385413
-0.389462
-0.393523
-0.397393
-0.400816
-0.403564
-0.405459
-0.406446
-0.406589
-0.40611
-0.405265
-0.404415
-0.403892
-0.40392
-0.404599
-0.405822
-0.407365
-0.408915
-0.410126
-0.410719
-0.410399
-0.408927
-0.406119
-0.401883
-0.396264
-0.389597
-0.382577
-0.376245
-0.371774
-0.370104
-0.371612
-0.375927
-0.382147
-0.389179
-0.396115
-0.402294
-0.407368
-0.411233
-0.41394
-0.41561
-0.416429
-0.41654
-0.41611
-0.415257
-0.41408
-0.412692
-0.41114
-0.409527
-0.407881
-0.406285
-0.404778
-0.40341
-0.402237
-0.401327
-0.400756
-0.400627
-0.401016
-0.401924
-0.403251
-0.404811
-0.4063
-0.407364
-0.407658
-0.406873
-0.404749
-0.40109
-0.395799
-0.388872
-0.380466
-0.370942
-0.360883
-0.351158
-0.342778
-0.336768
-0.333887
-0.334398
-0.337954
-0.343726
-0.350657
-0.357785
-0.364362
-0.369957
-0.374385
-0.377635
-0.379788
-0.380975
-0.381336
-0.381017
-0.380143
-0.378821
-0.377153
-0.37522
-0.373121
-0.370992
-0.369002
-0.367382
-0.366391
-0.366229
-0.366961
-0.36854
-0.370749
-0.373291
-0.375876
-0.378243
-0.380243
-0.381783
-0.382848
-0.383447
-0.383622
-0.383416
-0.382849
-0.381959
-0.380771
-0.37928
-0.377497
-0.37546
-0.373162
-0.37064
-0.367931
-0.365072
-0.362112
-0.359108
-0.356148
-0.3533
-0.350674
-0.348401
-0.346605
-0.345425
-0.34497
-0.345285
-0.346313
-0.347954
-0.350026
-0.352343
-0.354757
-0.35711
-0.359309
-0.361267
-0.362964
-0.364338
-0.365371
-0.366047
-0.36635
-0.366284
-0.365859
-0.365086
-0.364002
-0.362645
-0.361077
-0.359332
-0.357463
-0.355516
-0.353561
-0.351621
-0.349726
-0.347869
-0.346047
-0.344204
-0.342297
-0.340265
-0.338074
-0.335784
-0.333496
-0.331406
-0.32979
-0.328962
-0.329102
-0.330276
-0.332297
-0.334828
-0.337372
-0.3394
-0.340351
-0.339636
-0.336672
-0.331007
-0.322525
-0.311901
-0.300943
-0.29225
-0.288046
-0.288599
-0.291943
-0.295375
-0.297353
-0.298396
-0.300446
-0.3055
-0.314093
-0.3251
-0.336617
-0.346958
-0.355302
-0.361494
-0.365804
-0.368636
-0.370388
-0.371369
-0.371811
-0.371827
-0.371456
-0.370701
-0.369475
-0.367662
-0.36512
-0.361687
-0.357253
-0.351805
-0.345469
-0.338591
-0.331758
-0.325719
-0.321231
-0.31881
-0.318558
-0.320139
-0.322828
-0.325814
-0.328384
-0.330194
-0.331312
-0.332191
-0.333439
-0.335584
-0.338803
-0.342925
-0.347485
-0.351982
-0.356009
-0.359307
-0.361825
-0.363591
-0.364741
-0.365402
-0.3657
-0.36576
-0.365684
-0.365554
-0.36543
-0.36536
-0.365356
-0.365419
-0.365583
-0.36582
-0.366107
-0.366434
-0.366767
-0.367103
-0.367423
-0.36773
-0.368021
-0.368322
-0.368633
-0.368958
-0.369303
-0.369651
-0.369965
-0.370174
-0.370177
-0.369849
-0.369012
-0.367496
-0.365112
-0.361688
-0.357128
-0.351446
-0.344868
-0.337851
-0.331079
-0.325444
-0.321773
-0.320644
-0.322205
-0.326093
-0.33159
-0.337877
-0.344208
-0.350043
-0.355067
-0.359135
-0.362217
-0.364348
-0.365571
-0.36592
-0.365444
-0.364182
-0.3622
-0.359598
-0.35657
-0.35341
-0.350496
-0.348285
-0.347207
-0.347515
-0.349251
-0.352172
-0.355852
-0.359821
-0.363652
-0.366999
-0.369643
-0.371428
-0.37224
-0.371983
-0.370544
-0.367853
-0.363904
-0.35887
-0.353164
-0.347576
-0.343143
-0.340901
-0.341455
-0.34473
-0.349926
-0.355885
-0.361472
-0.365822
-0.36845
-0.369194
-0.368058
-0.365202
-0.360907
-0.35545
-0.349188
-0.342474
-0.335743
-0.329443
-0.324044
-0.319919
-0.317215
-0.315829
-0.315492
-0.315934
-0.317061
-0.318923
-0.321671
-0.325357
-0.329883
-0.334942
-0.34012
-0.344984
-0.349157
-0.352338
-0.354321
-0.354967
-0.354247
-0.352158
-0.348812
-0.344426
-0.339396
-0.334291
-0.329796
-0.326563
-0.325051
-0.325309
-0.327038
-0.329668
-0.332582
-0.335279
-0.337441
-0.338904
-0.339646
-0.339705
-0.339187
-0.338187
-0.336784
-0.3351
-0.333207
-0.331206
-0.329183
-0.327209
-0.325348
-0.323673
-0.32224
-0.321059
-0.320164
-0.319532
-0.319141
-0.318963
-0.318927
-0.319005
-0.319139
-0.319283
-0.319401
-0.319466
-0.319453
-0.319328
-0.31909
-0.318735
-0.318241
-0.31761
-0.316838
-0.315925
-0.314872
-0.313684
-0.312357
-0.310907
-0.309334
-0.307626
-0.305768
-0.303749
-0.301539
-0.299124
-0.29651
-0.293769
-0.291024
-0.288549
-0.286702
-0.285904
-0.286501
-0.288625
-0.292166
-0.296779
-0.301948
-0.307177
-0.31207
-0.316386
-0.319982
-0.322824
-0.324936
-0.326393
-0.327243
-0.327558
-0.327406
-0.326836
-0.32593
-0.324761
-0.323426
-0.322043
-0.32072
-0.319568
-0.318684
-0.318101
-0.317805
-0.317708
-0.317648
-0.317463
-0.316973
-0.31601
-0.314476
-0.31234
-0.309691
-0.30673
-0.303742
-0.301084
-0.299097
-0.298043
-0.298026
-0.298965
-0.30057
-0.302406
-0.304024
-0.304976
-0.305065
-0.304357
-0.303267
-0.302375
-0.302301
-0.303438
-0.30584
-0.309237
-0.313181
-0.317271
-0.321231
-0.324933
-0.328355
-0.331534
-0.334518
-0.337324
-0.33991
-0.342252
-0.344272
-0.345884
-0.347013
-0.34753
-0.347373
-0.34644
-0.344665
-0.342023
-0.338666
-0.334806
-0.330801
-0.327084
-0.324048
-0.321929
-0.320722
-0.320253
-0.320332
-0.320846
-0.32188
-0.323553
-0.325884
-0.328731
-0.331729
-0.334414
-0.336363
-0.337238
-0.336867
-0.335217
-0.332356
-0.328429
-0.323677
-0.318367
-0.312792
-0.307307
-0.30227
-0.297995
-0.294763
-0.292764
-0.292071
-0.292684
-0.294521
-0.29737
-0.300954
-0.304855
-0.308585
-0.311663
-0.313635
-0.314148
-0.312989
-0.310157
-0.30597
-0.301158
-0.296859
-0.294416
-0.294837
-0.298328
-0.304205
-0.311188
-0.31799
-0.323663
-0.327715
-0.330039
-0.330726
-0.32999
-0.328084
-0.325279
-0.321829
-0.318006
-0.314021
-0.31005
-0.306208
-0.302513
-0.298894
-0.295298
-0.291727
-0.288307
-0.285258
-0.282901
-0.281504
-0.281156
-0.281692
-0.282745
-0.283882
-0.284697
-0.284919
-0.284444
-0.283303
-0.281663
-0.279763
-0.277864
-0.276185
-0.27487
-0.274016
-0.273609
-0.273562
-0.273809
-0.27423
-0.274742
-0.275269
-0.275813
-0.276326
-0.276827
-0.277329
-0.27784
-0.278388
-0.278985
-0.27964
-0.280339
-0.28108
-0.28187
-0.282688
-0.283518
-0.284359
-0.285176
-0.285961
-0.286703
-0.287383
-0.287998
-0.288543
-0.289011
-0.289393
-0.289694
-0.289893
-0.289997
-0.290008
-0.289897
-0.289685
-0.289358
-0.288895
-0.288284
-0.287496
-0.286533
-0.285362
-0.283993
-0.2824
-0.280668
-0.278861
-0.277113
-0.275617
-0.274555
-0.274103
-0.274367
-0.275347
-0.276995
-0.279142
-0.281593
-0.28416
-0.286703
-0.289115
-0.291359
-0.293405
-0.295269
-0.296942
-0.298442
-0.299765
-0.300934
-0.301922
-0.302738
-0.303406
-0.303909
-0.304291
-0.304576
-0.304787
-0.304987
-0.305204
-0.305504
-0.305904
-0.306414
-0.307041
-0.307758
-0.30851
-0.30923
-0.309841
-0.310287
-0.310495
-0.310445
-0.310136
-0.309655
-0.309103
-0.308625
-0.308428
-0.308697
-0.309563
-0.311133
-0.313395
-0.31628
-0.319619
-0.323215
-0.326885
-0.330442
-0.333742
-0.336665
-0.339131
-0.341092
-0.342514
-0.34337
-0.343661
-0.343367
-0.342508
-0.341112
-0.339239
-0.336995
-0.33451
-0.331989
-0.329661
-0.32775
-0.326455
-0.325893
-0.326068
-0.326872
-0.328113
-0.329539
-0.330936
-0.33213
-0.333036
-0.333639
-0.334011
-0.334264
-0.334529
-0.334929
-0.335511
-0.336178
-0.336756
-0.336934
-0.336388
-0.334862
-0.332215
-0.328544
-0.324202
-0.319789
-0.316035
-0.313634
-0.312963
-0.314055
-0.31654
-0.319871
-0.323505
-0.326994
-0.33008
-0.332619
-0.334572
-0.335966
-0.336827
-0.337205
-0.337156
-0.336787
-0.336186
-0.335507
-0.334853
-0.334344
-0.334037
-0.333921
-0.333945
-0.333982
-0.333915
-0.333615
-0.332995
-0.332009
-0.330608
-0.328847
-0.326783
-0.32449
-0.322083
-0.319685
-0.317427
-0.315419
-0.313779
-0.312563
-0.311792
-0.311463
-0.311544
-0.311945
-0.312589
-0.313392
-0.314266
-0.315141
-0.315964
-0.316707
-0.317383
-0.317976
-0.318525
-0.31905
-0.319619
-0.320241
-0.320926
-0.321623
-0.32224
-0.322607
-0.322522
-0.321758
-0.320105
-0.317484
-0.314012
-0.310151
-0.30662
-0.304283
-0.303818
-0.305372
-0.308511
-0.312404
-0.316144
-0.319051
-0.320778
-0.321278
-0.320744
-0.319492
-0.317877
-0.31627
-0.314926
-0.314036
-0.313658
-0.313778
-0.314329
-0.315212
-0.316299
-0.317478
-0.318611
-0.31957
-0.320277
-0.320671
-0.320753
-0.320516
-0.320025
-0.319399
-0.318877
-0.318821
-0.319648
-0.321751
-0.325367
-0.330434
-0.336612
-0.343402
-0.350224
-0.356568
-0.362041
-0.366354
-0.369331
-0.370821
-0.370784
-0.369241
-0.366338
-0.362391
-0.357914
-0.35358
-0.350122
-0.348169
-0.348069
-0.349772
-0.352904
-0.356934
-0.361238
-0.365247
-0.368385
-0.370031
-0.369491
-0.365955
-0.358638
-0.347194
-0.332497
-0.31757
-0.307463
-0.306823
-0.316447
-0.332688
-0.35034
-0.365738
-0.377469
-0.385565
-0.390623
-0.393276
-0.394012
-0.393173
-0.391019
-0.387733
-0.38356
-0.378819
-0.37388
-0.369246
-0.365366
-0.362625
-0.36111
-0.360659
-0.360838
-0.361159
-0.361258
-0.361002
-0.360449
-0.359728
-0.358893
-0.357821
-0.35627
-0.353976
-0.350821
-0.34698
-0.34292
-0.339296
-0.336781
-0.335795
-0.336435
-0.338511
-0.34167
-0.345561
-0.349892
-0.354464
-0.359162
-0.363882
-0.368549
-0.373125
-0.37757
-0.381871
-0.385955
-0.389788
-0.393259
-0.396257
-0.39864
-0.40031
-0.40115
-0.401118
-0.400168
-0.398304
-0.39556
-0.392013
-0.387796
-0.38311
-0.378229
-0.373509
-0.369251
-0.365684
-0.362891
-0.360805
-0.359283
-0.358146
-0.357139
-0.355956
-0.354121
-0.351107
-0.346448
-0.340071
-0.332504
-0.325036
-0.319489
-0.317638
-0.320429
-0.327531
-0.337526
-0.348522
-0.35888
-0.367532
-0.374028
-0.378365
-0.380806
-0.381718
-0.381509
-0.380554
-0.379187
-0.377665
-0.376202
-0.374921
-0.373856
-0.372996
-0.372273
-0.371595
-0.370828
-0.369874
-0.368609
-0.366983
-0.364925
-0.362403
-0.359406
-0.355969
-0.352172
-0.348125
-0.34397
-0.339905
-0.336128
-0.332809
-0.330104
-0.328159
-0.327058
-0.32684
-0.327515
-0.328993
-0.331142
-0.333762
-0.336623
-0.339503
-0.342212
-0.344606
-0.346595
-0.348168
-0.34934
-0.350167
-0.350738
-0.351169
-0.351555
-0.351952
-0.352418
-0.352941
-0.353486
-0.353982
-0.354349
-0.354528
-0.354465
-0.354161
-0.353696
-0.353173
-0.352775
-0.352673
-0.353023
-0.353916
-0.355339
-0.357154
-0.359168
-0.361128
-0.362776
-0.363883
-0.364256
-0.363812
-0.362484
-0.360305
-0.357364
-0.35384
-0.349987
-0.346127
-0.342622
-0.339837
-0.338119
-0.337742
-0.338829
-0.341385
-0.345258
-0.350208
-0.355893
-0.361979
-0.368147
-0.374152
-0.379795
-0.384951
-0.389546
-0.393565
-0.39698
-0.399794
-0.402045
-0.403728
-0.404869
-0.405455
-0.405464
-0.404887
-0.403722
-0.401983
-0.399708
-0.396961
-0.393865
-0.390546
-0.387199
-0.384004
-0.381114
-0.378659
-0.376727
-0.375356
-0.374544
-0.374322
-0.374689
-0.375673
-0.377264
-0.379435
-0.382096
-0.38514
-0.388413
-0.391736
-0.394954
-0.397889
-0.400395
-0.402374
-0.403752
-0.40452
-0.404723
-0.404448
-0.403824
-0.403
-0.402175
-0.40152
-0.401249
-0.401542
-0.402564
-0.404402
-0.407058
-0.410429
-0.414318
-0.418464
-0.422568
-0.42636
-0.429562
-0.431979
-0.433468
-0.433949
-0.433358
-0.431715
-0.429139
-0.425848
-0.422185
-0.418615
-0.415662
-0.413754
-0.41311
-0.413617
-0.414907
-0.41641
-0.417542
-0.4178
-0.416788
-0.41422
-0.409917
-0.403862
-0.396248
-0.387625
-0.379015
-0.371874
-0.367725
-0.367543
-0.37115
-0.377286
-0.384196
-0.390266
-0.394491
-0.396602
-0.396837
-0.395776
-0.394055
-0.392195
-0.39046
-0.388813
-0.386948
-0.384373
-0.380536
-0.374911
-0.36718
-0.357376
-0.346103
-0.334723
-0.325347
-0.320466
-0.322071
-0.330622
-0.344707
-0.36161
-0.37852
-0.393404
-0.405255
-0.413941
-0.419773
-0.423283
-0.425024
-0.425448
-0.424939
-0.423732
-0.421999
-0.419834
-0.41728
-0.41438
-0.411164
-0.407685
-0.404041
-0.400359
-0.396814
-0.39356
-0.390742
-0.388399
-0.386538
-0.385091
-0.384013
-0.383274
-0.382954
-0.383182
-0.384112
-0.385846
-0.388393
-0.391602
-0.395213
-0.398879
-0.402278
-0.405131
-0.407193
-0.408357
-0.408554
-0.407773
-0.406033
-0.403397
-0.400017
-0.396233
-0.392578
-0.389876
-0.389058
-0.390818
-0.395295
-0.40193
-0.409677
-0.417411
-0.424278
-0.429814
-0.433912
-0.436687
-0.438419
-0.439459
-0.440124
-0.440756
-0.441637
-0.442973
-0.444885
-0.447403
-0.450457
-0.453921
-0.457619
-0.461355
-0.46493
-0.468188
-0.470968
-0.473173
-0.474699
-0.475454
-0.475423
-0.474582
-0.473009
-0.470832
-0.468262
-0.465544
-0.462968
-0.460771
-0.459055
-0.45784
-0.457012
-0.456387
-0.455756
-0.454989
-0.454026
-0.452891
-0.451643
-0.450306
-0.448842
-0.447116
-0.444991
-0.442339
-0.439209
-0.435904
-0.433054
-0.431462
-0.431962
-0.435084
-0.440866
-0.448813
-0.458011
-0.467408
-0.476054
-0.483272
-0.48867
-0.492105
-0.493586
-0.493171
-0.490887
-0.486679
-0.480387
-0.471777
-0.460735
-0.447581
-0.433407
-0.420313
-0.410869
-0.407038
-0.409123
-0.415658
-0.424424
-0.43351
-0.441745
-0.44857
-0.453784
-0.457345
-0.459234
-0.459425
-0.457914
-0.454652
-0.449655
-0.44301
-0.434959
-0.42589
-0.416415
-0.407302
-0.399458
-0.393803
-0.39114
-0.391846
-0.395571
-0.401308
-0.407701
-0.413528
-0.418002
-0.420792
-0.421965
-0.421797
-0.420636
-0.418834
-0.416719
-0.414567
-0.412545
-0.410792
-0.409354
-0.408218
-0.407351
-0.406683
-0.406154
-0.405692
-0.405218
-0.40468
-0.404
-0.403121
-0.401981
-0.400486
-0.398575
-0.396156
-0.393168
-0.389582
-0.385468
-0.381006
-0.376493
-0.372362
-0.369099
-0.367114
-0.366586
-0.367457
-0.369419
-0.371996
-0.374727
-0.37723
-0.379291
-0.380788
-0.381702
-0.382054
-0.381901
-0.381301
-0.380312
-0.378973
-0.377313
-0.375354
-0.373121
-0.370612
-0.367842
-0.364839
-0.361672
-0.358419
-0.355213
-0.352247
-0.349715
-0.347773
-0.346553
-0.346076
-0.346253
-0.346937
-0.347939
-0.349047
-0.350079
-0.350918
-0.351446
-0.351605
-0.351366
-0.350741
-0.349776
-0.348601
-0.347384
-0.3463
-0.345542
-0.345249
-0.345496
-0.346257
-0.347448
-0.34892
-0.35051
-0.352042
-0.353379
-0.354397
-0.355044
-0.355281
-0.355124
-0.354619
-0.35386
-0.352932
-0.351956
-0.351062
-0.350335
-0.349829
-0.349605
-0.349683
-0.350037
-0.350647
-0.351476
-0.352496
-0.35365
-0.354896
-0.356172
-0.35741
-0.358551
-0.359535
-0.360311
-0.360831
-0.361069
-0.360981
-0.360579
-0.359832
-0.358703
-0.357171
-0.355192
-0.352777
-0.349967
-0.346886
-0.343795
-0.341029
-0.338985
-0.337966
-0.338097
-0.339247
-0.341077
-0.343146
-0.345082
-0.346669
-0.347861
-0.348797
-0.349707
-0.350843
-0.352377
-0.354343
-0.356705
-0.359292
-0.361912
-0.364388
-0.366593
-0.368465
-0.369952
-0.37105
-0.371783
-0.372181
-0.372241
-0.372008
-0.371506
-0.370773
-0.369882
-0.368934
-0.368062
-0.367401
-0.367074
-0.367195
-0.367801
-0.368879
-0.370324
-0.37204
-0.373854
-0.375623
-0.377209
-0.378501
-0.379366
-0.37976
-0.379577
-0.37877
-0.37733
-0.375273
-0.37269
-0.369696
-0.366454
-0.363111
-0.359771
-0.35645
-0.353086
-0.349648
-0.3462
-0.343063
-0.340864
-0.340386
-0.342349
-0.346938
-0.353791
-0.362072
-0.370864
-0.379459
-0.387415
-0.394552
-0.400776
-0.405986
-0.410019
-0.412623
-0.413535
-0.412523
-0.409593
-0.40508
-0.399882
-0.395365
-0.392983
-0.393755
-0.397712
-0.403939
-0.411082
-0.417924
-0.423712
-0.428135
-0.431188
-0.433012
-0.433768
-0.433569
-0.432448
-0.430367
-0.427184
-0.422695
-0.416733
-0.409229
-0.400392
-0.390753
-0.381225
-0.37289
-0.366698
-0.363119
-0.361976
-0.3627
-0.364781
-0.367935
-0.372093
-0.377182
-0.382964
-0.389057
-0.395043
-0.400596
-0.405528
-0.409783
-0.413375
-0.416327
-0.418671
-0.420386
-0.421449
-0.421723
-0.421068
-0.419251
-0.416013
-0.41103
-0.404036
-0.394902
-0.383874
-0.371626
-0.359446
-0.349012
-0.341975
-0.339428
-0.341624
-0.347869
-0.356786
-0.366714
-0.376178
-0.384172
-0.390229
-0.394325
-0.396669
-0.397581
-0.397394
-0.396424
-0.394918
-0.393104
-0.39117
-0.38928
-0.387567
-0.38615
-0.385102
-0.384511
-0.384378
-0.384731
-0.385527
-0.386727
-0.388263
-0.390064
-0.392068
-0.394195
-0.396374
-0.398559
-0.400728
-0.402839
-0.404886
-0.406843
-0.408704
-0.410479
-0.412118
-0.413628
-0.41496
-0.416061
-0.416866
-0.417257
-0.417099
-0.416209
-0.414406
-0.411524
-0.407497
-0.402475
-0.396923
-0.391687
-0.387831
-0.386322
-0.387561
-0.391245
-0.396467
-0.402187
-0.407583
-0.412198
-0.415884
-0.418745
-0.420979
-0.422835
-0.424511
-0.426172
-0.427918
-0.42982
-0.431892
-0.434124
-0.436471
-0.438913
-0.441391
-0.443871
-0.44631
-0.448685
-0.450956
-0.453116
-0.455142
-0.456991
-0.458648
-0.460072
-0.461225
-0.462048
-0.462515
-0.462592
-0.462243
-0.461455
-0.460243
-0.458631
-0.456672
-0.454453
-0.452051
-0.44958
-0.447131
-0.444777
-0.442544
-0.440376
-0.438177
-0.435795
-0.433077
-0.429938
-0.426387
-0.422617
-0.418904
-0.415545
-0.412818
-0.410838
-0.409583
-0.408937
-0.408771
-0.409052
-0.409848
-0.411291
-0.413517
-0.416581
-0.420383
-0.424679
-0.429143
-0.433442
-0.437303
-0.44056
-0.443146
-0.445109
-0.446538
-0.447545
-0.448244
-0.448743
-0.449125
-0.449382
-0.449527
-0.449471
-0.44914
-0.448398
-0.447105
-0.445112
-0.442282
-0.438555
-0.433983
-0.428764
-0.423309
-0.418213
-0.414157
-0.411723
-0.411153
-0.412334
-0.414807
-0.41799
-0.421353
-0.424536
-0.427336
-0.42967
-0.431524
-0.432928
-0.433902
-0.434445
-0.43458
-0.434321
-0.433676
-0.432685
-0.431394
-0.429865
-0.428157
-0.426307
-0.424328
-0.422175
-0.419852
-0.417351
-0.41479
-0.41235
-0.410327
-0.409007
-0.408565
-0.408978
-0.409991
-0.411191
-0.412141
-0.412553
-0.41235
-0.411688
-0.410912
-0.410406
-0.410459
-0.411129
-0.412222
-0.413398
-0.414308
-0.414796
-0.414988
-0.415314
-0.41633
-0.418559
-0.422191
-0.427048
-0.432615
-0.438227
-0.44333
-0.447478
-0.450411
-0.451974
-0.452137
-0.45093
-0.448409
-0.444704
-0.440009
-0.434553
-0.428607
-0.422419
-0.416125
-0.409705
-0.402942
-0.395437
-0.386839
-0.377144
-0.366971
-0.357666
-0.351026
-0.348586
-0.350927
-0.357431
-0.366646
-0.37701
-0.387353
-0.39703
-0.405768
-0.413444
-0.419971
-0.425214
-0.429033
-0.431313
-0.431991
-0.431023
-0.428483
-0.424572
-0.419665
-0.414371
-0.409502
-0.405914
-0.404248
-0.404666
-0.406839
-0.410034
-0.413486
-0.416577
-0.418943
-0.420479
-0.421205
-0.421234
-0.42071
-0.419803
-0.418687
-0.417556
-0.416553
-0.415791
-0.415286
-0.415003
-0.414817
-0.414543
-0.413998
-0.413057
-0.411705
-0.410043
-0.408357
-0.406963
-0.406209
-0.406379
-0.407595
-0.409829
-0.412889
-0.416488
-0.420282
-0.423989
-0.427378
-0.430288
-0.432631
-0.434383
-0.435558
-0.436212
-0.436451
-0.436369
-0.436091
-0.43573
-0.435407
-0.435238
-0.435301
-0.43564
-0.436294
-0.437279
-0.438589
-0.440175
-0.441964
-0.443806
-0.445519
-0.446888
-0.447661
-0.447609
-0.446495
-0.444127
-0.440358
-0.435078
-0.428272
-0.420088
-0.410842
-0.401137
-0.39177
-0.383673
-0.377668
-0.374272
-0.373619
-0.3756
-0.380003
-0.386552
-0.394834
-0.404202
-0.413783
-0.422672
-0.430119
-0.435624
-0.438939
-0.440022
-0.438972
-0.435978
-0.431364
-0.425548
-0.419148
-0.412836
-0.40731
-0.40311
-0.400497
-0.399419
-0.399572
-0.400553
-0.401986
-0.403619
-0.405342
-0.40713
-0.409025
-0.411078
-0.413313
-0.415696
-0.418165
-0.420628
-0.422988
-0.425183
-0.427133
-0.428837
-0.430276
-0.431457
-0.432388
-0.433049
-0.433367
-0.433232
-0.432466
-0.430733
-0.427577
-0.42236
-0.414446
-0.403412
-0.389593
-0.374897
-0.363023
-0.358102
-0.362049
-0.373057
-0.387019
-0.4002
-0.410617
-0.417843
-0.422244
-0.424398
-0.424806
-0.42382
-0.421645
-0.418363
-0.413976
-0.408516
-0.402062
-0.394861
-0.387333
-0.380077
-0.37377
-0.369046
-0.366221
-0.365239
-0.365727
-0.367183
-0.36916
-0.371388
-0.373786
-0.376423
-0.379362
-0.382647
-0.386252
-0.390078
-0.393967
-0.39777
-0.401373
-0.404686
-0.407672
-0.410298
-0.412546
-0.414444
-0.415973
-0.417111
-0.417824
-0.418109
-0.417958
-0.417397
-0.416459
-0.415199
-0.413714
-0.412118
-0.410502
-0.408988
-0.407651
-0.406563
-0.405733
-0.405154
-0.404746
-0.404449
-0.404151
-0.403751
-0.403154
-0.402265
-0.401031
-0.399425
-0.39744
-0.395147
-0.39265
-0.390102
-0.387684
-0.385578
-0.383964
-0.382935
-0.382537
-0.382742
-0.383487
-0.384672
-0.386189
-0.387959
-0.389892
-0.391919
-0.393961
-0.395942
-0.397788
-0.399435
-0.400797
-0.401834
-0.402492
-0.402752
-0.402621
-0.402115
-0.401294
-0.400239
-0.399036
-0.397799
-0.396641
-0.395658
-0.394942
-0.394551
-0.394475
-0.394696
-0.395144
-0.395744
-0.396415
-0.397116
-0.397794
-0.398449
-0.399104
-0.399807
-0.400672
-0.401732
-0.403076
-0.40471
-0.406614
-0.408727
-0.410958
-0.413171
-0.415247
-0.417053
-0.418493
-0.419493
-0.420038
-0.42011
-0.419818
-0.419293
-0.41878
-0.418526
-0.418787
-0.419761
-0.42153
-0.42404
-0.427123
-0.430539
-0.434028
-0.43734
-0.440235
-0.442492
-0.443895
-0.444237
-0.443339
-0.441104
-0.437534
-0.432809
-0.427289
-0.421506
-0.416105
-0.411701
-0.408775
-0.407623
-0.408307
-0.410673
-0.414329
-0.418757
-0.423328
-0.42737
-0.430259
-0.431492
-0.430676
-0.427653
-0.422461
-0.41551
-0.407644
-0.400248
-0.39501
-0.393378
-0.395944
-0.402185
-0.410783
-0.420246
-0.429398
-0.437546
-0.444394
-0.449891
-0.454118
-0.457201
-0.459253
-0.460384
-0.460684
-0.460236
-0.459104
-0.45738
-0.455103
-0.45237
-0.449265
-0.445844
-0.442142
-0.438179
-0.43393
-0.42932
-0.424269
-0.41866
-0.412401
-0.405528
-0.398336
-0.391421
-0.385713
-0.382232
-0.381664
-0.384069
-0.388792
-0.394802
-0.401048
-0.40677
-0.411503
-0.415086
-0.417483
-0.41877
-0.419028
-0.418336
-0.416785
-0.414507
-0.411642
-0.408414
-0.405089
-0.401969
-0.399341
-0.397436
-0.396375
-0.396114
-0.396514
-0.397352
-0.398404
-0.399446
-0.400325
-0.400957
-0.401301
-0.401348
-0.401101
-0.400553
-0.399724
-0.398591
-0.397138
-0.395331
-0.393155
-0.390574
-0.387599
-0.384283
-0.380749
-0.377183
-0.373847
-0.370992
-0.368877
-0.367632
-0.367242
-0.367583
-0.368412
-0.369492
-0.370637
-0.371692
-0.372599
-0.373357
-0.373987
-0.374504
-0.374931
-0.375262
-0.375493
-0.375614
-0.375648
-0.375629
-0.375645
-0.375787
-0.376167
-0.376911
-0.378093
-0.379741
-0.381829
-0.384269
-0.38693
-0.389683
-0.39236
-0.394836
-0.39699
-0.398771
-0.400119
-0.40102
-0.40151
-0.401617
-0.401406
-0.400944
-0.400337
-0.399672
-0.399055
-0.398592
-0.398367
-0.398438
-0.398858
-0.39963
-0.40072
-0.402077
-0.403595
-0.405194
-0.406766
-0.408206
-0.409438
-0.410377
-0.410992
-0.41128
-0.411267
-0.41101
-0.410616
-0.41017
-0.40974
-0.40938
-0.40906
-0.408704
-0.408186
-0.40737
-0.406128
-0.404388
-0.402165
-0.399496
-0.396502
-0.393328
-0.390118
-0.387024
-0.384145
-0.381591
-0.379445
-0.377771
-0.376588
-0.375873
-0.375612
-0.375799
-0.376537
-0.378041
-0.380541
-0.384181
-0.388962
-0.394681
-0.400981
-0.407476
-0.413809
-0.419698
-0.424964
-0.429534
-0.433323
-0.436323
-0.438513
-0.43989
-0.440432
-0.440106
-0.438886
-0.436725
-0.433589
-0.429456
-0.424374
-0.418432
-0.411791
-0.404703
-0.397513
-0.39065
-0.384583
-0.379859
-0.37696
-0.376118
-0.377216
-0.379756
-0.382957
-0.38598
-0.388284
-0.389614
-0.390083
-0.390081
-0.390148
-0.390818
-0.392478
-0.395274
-0.399098
-0.403652
-0.408519
-0.41327
-0.417554
-0.421085
-0.42371
-0.425368
-0.426066
-0.425874
-0.424861
-0.423156
-0.420868
-0.418131
-0.415052
-0.411771
-0.408439
-0.405208
-0.402257
-0.399766
-0.397859
-0.396646
-0.396141
-0.3963
-0.39699
-0.39809
-0.399451
-0.400937
-0.402447
-0.403906
-0.405265
-0.406484
-0.407543
-0.408436
-0.40916
-0.409726
-0.410137
-0.410422
-0.410598
-0.410707
-0.410786
-0.410901
-0.41108
-0.411365
-0.411775
-0.412311
-0.412922
-0.413503
-0.413894
-0.41389
-0.413259
-0.41177
-0.409195
-0.405404
-0.400433
-0.394528
-0.3882
-0.382193
-0.377468
-0.374897
-0.375121
-0.37827
-0.383976
-0.391454
-0.399815
-0.408193
-0.415934
-0.422668
-0.428219
-0.432577
-0.43583
-0.438101
-0.439479
-0.44013
-0.440168
-0.439715
-0.438911
-0.437891
-0.436802
-0.435817
-0.435092
-0.434777
-0.434958
-0.435669
-0.436852
-0.438368
-0.439967
-0.44141
-0.442407
-0.44271
-0.442095
-0.44042
-0.437655
-0.433886
-0.429346
-0.424339
-0.419255
-0.414401
-0.410024
-0.406199
-0.403037
-0.400705
-0.399464
-0.399498
-0.400756
-0.402852
-0.405269
-0.407546
-0.409554
-0.411484
-0.413704
-0.416596
-0.420441
-0.425325
-0.431204
-0.437816
-0.444738
-0.451458
-0.457429
-0.462234
-0.465595
-0.467433
-0.467831
-0.467039
-0.465407
-0.463385
-0.461432
-0.459988
-0.459378
-0.459738
-0.460976
-0.462822
-0.464889
-0.466734
-0.467893
-0.46794
-0.466482
-0.463165
-0.457706
-0.449964
-0.440272
-0.429682
-0.420192
-0.414298
-0.413895
-0.419107
-0.428255
-0.438886
-0.448983
-0.457484
-0.464115
-0.469068
-0.472685
-0.475257
-0.476977
-0.477934
-0.478128
-0.477474
-0.475831
-0.473023
-0.468869
-0.463202
-0.455994
-0.447399
-0.43796
-0.428647
-0.420802
-0.415752
-0.41427
-0.416243
-0.420727
-0.426491
-0.432445
-0.437863
-0.442395
-0.445914
-0.448374
-0.449779
-0.450135
-0.449442
-0.447709
-0.444968
-0.441248
-0.436657
-0.431384
-0.425812
-0.420516
-0.416252
-0.413716
-0.413306
-0.41492
-0.418013
-0.421854
-0.425809
-0.429488
-0.432744
-0.43557
-0.437986
-0.440037
-0.441748
-0.443143
-0.444292
-0.445239
-0.446077
-0.446915
-0.447806
-0.448767
-0.449774
-0.450767
-0.451634
-0.452252
-0.452503
-0.452267
-0.451414
-0.449875
-0.447566
-0.444438
-0.440443
-0.435615
-0.430019
-0.423767
-0.417058
-0.410132
-0.403247
-0.39668
-0.390675
-0.385438
-0.381125
-0.377861
-0.375743
-0.374832
-0.375102
-0.376504
-0.378909
-0.38211
-0.385869
-0.389924
-0.394008
-0.3979
-0.401444
-0.40449
-0.406994
-0.408955
-0.410386
-0.411342
-0.411883
-0.412021
-0.41178
-0.411136
-0.410024
-0.408395
-0.4062
-0.40345
-0.400279
-0.396903
-0.393675
-0.390994
-0.389255
-0.388718
-0.389495
-0.391498
-0.3945
-0.398186
-0.402207
-0.406222
-0.409945
-0.413178
-0.415778
-0.417688
-0.418887
-0.419407
-0.419304
-0.418624
-0.417411
-0.415725
-0.413634
-0.41125
-0.408747
-0.406397
-0.404519
-0.40338
-0.403156
-0.403836
-0.405222
-0.40703
-0.40898
-0.410846
-0.412444
-0.413565
-0.413961
-0.413297
-0.411252
-0.407668
-0.402727
-0.397081
-0.391855
-0.388299
-0.387247
-0.388641
-0.391601
-0.394927
-0.397628
-0.399234
-0.399808
-0.399676
-0.399305
-0.39908
-0.399323
-0.400254
-0.402034
-0.404754
-0.408406
-0.412904
-0.41807
-0.423653
-0.429401
-0.435062
-0.440434
-0.445315
-0.44957
-0.453092
-0.455811
-0.45768
-0.458683
-0.4588
-0.458044
-0.456379
-0.453764
-0.450161
-0.445551
-0.440003
-0.433706
-0.427046
-0.420665
-0.415347
-0.41187
-0.410716
-0.411861
-0.41486
-0.418995
-0.423517
-0.4279
-0.431795
-0.435092
-0.437776
-0.439934
-0.441618
-0.442891
-0.443813
-0.444411
-0.444668
-0.444573
-0.444097
-0.443187
-0.441803
-0.439918
-0.437536
-0.434663
-0.43139
-0.427815
-0.424101
-0.420439
-0.416972
-0.413872
-0.411202
-0.408989
-0.407221
-0.405859
-0.404905
-0.404379
-0.404378
-0.405009
-0.406376
-0.408505
-0.411342
-0.414668
-0.418098
-0.421051
-0.422789
-0.422432
-0.419039
-0.41196
-0.401345
-0.388836
-0.377848
-0.372303
-0.374121
-0.381788
-0.391646
-0.400382
-0.406388
-0.409564
-0.410543
-0.410048
-0.408678
-0.406846
-0.404868
-0.402988
-0.401434
-0.400408
-0.400046
-0.400361
-0.401242
-0.402453
-0.403728
-0.404787
-0.405402
-0.405434
-0.404876
-0.403806
-0.402391
-0.400891
-0.399641
-0.398964
-0.399123
-0.400262
-0.402347
-0.405166
-0.408371
-0.411576
-0.414407
-0.416553
-0.417771
-0.417876
-0.416745
-0.414297
-0.41049
-0.405335
-0.398957
-0.391553
-0.383474
-0.375176
-0.367266
-0.360498
-0.355707
-0.353631
-0.354757
-0.35901
-0.365745
-0.373928
-0.382417
-0.390304
-0.396981
-0.402204
-0.405955
-0.408398
-0.409724
-0.41017
-0.409918
-0.409154
-0.408003
-0.406557
-0.40487
-0.402971
-0.400875
-0.39855
-0.395987
-0.393132
-0.38996
-0.386437
-0.382546
-0.378336
-0.373912
-0.369445
-0.365117
-0.361128
-0.35763
-0.354657
-0.352159
-0.349989
-0.347922
-0.345794
-0.343521
-0.34112
-0.338699
-0.336481
-0.334731
-0.333743
-0.333741
-0.334871
-0.337155
-0.340501
-0.344709
-0.349478
-0.354495
-0.35945
-0.364043
-0.36805
-0.371323
-0.37378
-0.375399
-0.376206
-0.376263
-0.375711
-0.374701
-0.373415
-0.37204
-0.370722
-0.369525
-0.368442
-0.367312
-0.365911
-0.363884
-0.360864
-0.356521
-0.350652
-0.343293
-0.334818
-0.326033
-0.317978
-0.311628
-0.307586
-0.305892
-0.306283
-0.308441
-0.312191
-0.317396
-0.323812
-0.330995
-0.338393
-0.345429
-0.351676
-0.356834
-0.360762
-0.363447
-0.364948
-0.365349
-0.364774
-0.363358
-0.361208
-0.358433
-0.355125
-0.351364
-0.347248
-0.342884
-0.338424
-0.334123
-0.330288
-0.327301
-0.325535
-0.325222
-0.326349
-0.328664
-0.331686
-0.334887
-0.337796
-0.34005
-0.341429
-0.341881
-0.341399
-0.340056
-0.337927
-0.335138
-0.331803
-0.328088
-0.324263
-0.320643
-0.317592
-0.315462
-0.314479
-0.31469
-0.315925
-0.317922
-0.320341
-0.322882
-0.325319
-0.327512
-0.329379
-0.330943
-0.332239
-0.333425
-0.334621
-0.335983
-0.337594
-0.339501
-0.341647
-0.343906
-0.346068
-0.347926
-0.349282
-0.34998
-0.349902
-0.349022
-0.347379
-0.345104
-0.342417
-0.33968
-0.337274
-0.335632
-0.335128
-0.335993
-0.33823
-0.341691
-0.346043
-0.350919
-0.355968
-0.360906
-0.365512
-0.369656
-0.373277
-0.376363
-0.378889
-0.380894
-0.382412
-0.383485
-0.384187
-0.384578
-0.38476
-0.384843
-0.384955
-0.385194
-0.385658
-0.386374
-0.387346
-0.388514
-0.389787
-0.391037
-0.392149
-0.392998
-0.393506
-0.393612
-0.393294
-0.392564
-0.391472
-0.390099
-0.388596
-0.387115
-0.385864
-0.384999
-0.384654
-0.384882
-0.385648
-0.386804
-0.388134
-0.389414
-0.390393
-0.390937
-0.391042
-0.390831
-0.39055
-0.39051
-0.390964
-0.392105
-0.393937
-0.396325
-0.399013
-0.40164
-0.403843
-0.405309
-0.405859
-0.405498
-0.404467
-0.403097
-0.401822
-0.401008
-0.400832
-0.401226
-0.401891
-0.402425
-0.402482
-0.401891
-0.400748
-0.399394
-0.398278
-0.397824
-0.398275
-0.399591
-0.401489
-0.403542
-0.405319
-0.406502
-0.406889
-0.406428
-0.405187
-0.403286
-0.400925
-0.398285
-0.395507
-0.392748
-0.390139
-0.387798
-0.385857
-0.38438
-0.383411
-0.382897
-0.382701
-0.382655
-0.382587
-0.382402
-0.382103
-0.381809
-0.381721
-0.381987
-0.382737
-0.383917
-0.385434
-0.387059
-0.388577
-0.389823
-0.39067
-0.391075
-0.391039
-0.390617
-0.389877
-0.388883
-0.387707
-0.386388
-0.384908
-0.383244
-0.38133
-0.37907
-0.376371
-0.373207
-0.36967
-0.366009
-0.362738
-0.360435
-0.359625
-0.36044
-0.362477
-0.364716
-0.365857
-0.364542
-0.359918
-0.352171
-0.343108
-0.336117
-0.334731
-0.340363
-0.351277
-0.363958
-0.375301
-0.383734
-0.389015
-0.391665
-0.392419
-0.392023
-0.391102
-0.390165
-0.389538
-0.389397
-0.389737
-0.390441
-0.391303
-0.392131
-0.39277
-0.393137
-0.393208
-0.39297
-0.392413
-0.391512
-0.390283
-0.388815
-0.387321
-0.386133
-0.385607
-0.386043
-0.387477
-0.389664
-0.392031
-0.393857
-0.394468
-0.393502
-0.391063
-0.387822
-0.384886
-0.383327
-0.383706
-0.385789
-0.388792
-0.391764
-0.394025
-0.395329
-0.395727
-0.395481
-0.39488
-0.394142
-0.393417
-0.392782
-0.392253
-0.391834
-0.391502
-0.39123
-0.390971
-0.39061
-0.39002
-0.38912
-0.387884
-0.386395
-0.384833
-0.383405
-0.382266
-0.381403
-0.380694
-0.379959
-0.379047
-0.377923
-0.376694
-0.375628
-0.375054
-0.375331
-0.376705
-0.379228
-0.382762
-0.386994
-0.391556
-0.396058
-0.400209
-0.403821
-0.406784
-0.409078
-0.410704
-0.411667
-0.411999
-0.41168
-0.410709
-0.409051
-0.406674
-0.403585
-0.399812
-0.395478
-0.390795
-0.386041
-0.381568
-0.377747
-0.374872
-0.373099
-0.372416
-0.372633
-0.373478
-0.374605
-0.375729
-0.376605
-0.37709
-0.377123
-0.376707
-0.375913
-0.374832
-0.373625
-0.372451
-0.37142
-0.370632
-0.370107
-0.369835
-0.369734
-0.369715
-0.369705
-0.369645
-0.369551
-0.369474
-0.369509
-0.369752
-0.370316
-0.37127
-0.372651
-0.374406
-0.376453
-0.378698
-0.380988
-0.383195
-0.385168
-0.386813
-0.388042
-0.388797
-0.389
-0.388639
-0.387667
-0.386035
-0.3837
-0.38062
-0.376732
-0.372017
-0.366516
-0.360379
-0.353937
-0.347683
-0.342259
-0.338336
-0.336408
-0.336673
-0.338945
-0.342727
-0.347364
-0.352245
-0.356821
-0.36069
-0.363582
-0.36534
-0.36592
-0.365369
-0.363823
-0.361534
-0.358841
-0.356218
-0.354151
-0.353098
-0.353388
-0.355128
-0.358225
-0.362432
-0.367349
-0.372551
-0.377618
-0.382144
-0.385767
-0.388166
-0.389083
-0.388292
-0.385692
-0.381312
-0.375394
-0.368472
-0.361359
-0.355004
-0.350228
-0.347507
-0.346901
-0.348134
-0.350893
-0.354889
-0.359788
-0.365124
-0.37023
-0.374394
-0.377042
-0.377879
-0.377051
-0.375178
-0.373167
-0.371983
-0.372308
-0.374286
-0.37756
-0.381511
-0.385543
-0.389208
-0.392347
-0.394958
-0.397128
-0.398959
-0.400531
-0.401913
-0.403116
-0.404097
-0.404798
-0.405167
-0.405135
-0.404677
-0.40379
-0.402496
-0.400856
-0.399003
-0.397076
-0.395247
-0.393671
-0.39251
-0.391847
-0.391685
-0.391979
-0.392556
-0.393224
-0.393722
-0.393802
-0.393257
-0.39194
-0.389804
-0.386899
-0.38339
-0.379502
-0.375503
-0.371665
-0.368271
-0.365524
-0.36366
-0.362865
-0.363262
-0.364895
-0.367669
-0.371311
-0.375436
-0.379556
-0.383201
-0.385943
-0.387428
-0.387403
-0.385693
-0.382206
-0.376983
-0.370307
-0.362791
-0.355494
-0.349766
-0.346921
-0.34764
-0.351702
-0.358114
-0.365623
-0.373145
-0.379934
-0.385578
-0.389913
-0.392929
-0.394712
-0.395439
-0.395349
-0.394706
-0.393793
-0.392854
-0.392083
-0.391572
-0.391373
-0.391447
-0.39172
-0.39208
-0.392435
-0.392691
-0.392783
-0.39265
-0.392274
-0.391648
-0.390755
-0.389602
-0.388211
-0.386601
-0.384809
-0.382849
-0.38075
-0.37853
-0.37619
-0.373701
-0.37104
-0.368181
-0.365114
-0.361881
-0.358592
-0.355446
-0.352684
-0.350596
-0.349399
-0.349235
-0.350117
-0.351907
-0.354396
-0.357355
-0.36059
-0.36393
-0.367276
-0.370524
-0.373634
-0.376522
-0.379141
-0.381426
-0.383306
-0.384751
-0.385668
-0.386008
-0.385746
-0.384879
-0.383429
-0.381447
-0.379103
-0.376601
-0.374213
-0.372233
-0.370966
-0.370596
-0.371182
-0.372638
-0.37476
-0.377293
-0.379964
-0.382589
-0.385015
-0.387166
-0.38903
-0.390634
-0.392004
-0.393189
-0.394222
-0.395137
-0.395927
-0.396611
-0.397189
-0.397646
-0.397975
-0.398156
-0.398178
-0.398033
-0.397709
-0.397209
-0.39652
-0.395656
-0.394623
-0.39343
-0.392101
-0.390663
-0.389158
-0.387652
-0.386216
-0.384899
-0.383771
-0.382882
-0.382224
-0.38178
-0.381484
-0.381228
-0.380924
-0.380488
-0.379917
-0.379316
-0.378876
-0.378827
-0.379441
-0.380885
-0.383223
-0.386365
-0.390094
-0.394118
-0.398156
-0.401943
-0.40524
-0.407872
-0.409676
-0.410559
-0.410409
-0.409209
-0.406929
-0.403602
-0.399356
-0.394403
-0.38909
-0.38383
-0.379137
-0.375555
-0.373478
-0.373147
-0.374552
-0.377419
-0.381312
-0.385685
-0.389984
-0.393713
-0.39647
-0.39798
-0.398091
-0.396783
-0.394144
-0.390374
-0.385745
-0.380618
-0.375407
-0.370565
-0.366546
-0.363763
-0.362518
-0.362947
-0.364981
-0.368355
-0.372667
-0.377461
-0.382372
-0.387113
-0.39154
-0.395574
-0.399135
-0.402187
-0.404664
-0.406501
-0.407655
-0.408073
-0.407731
-0.406617
-0.404699
-0.401961
-0.398392
-0.393945
-0.388623
-0.382436
-0.375476
-0.367938
-0.360151
-0.352626
-0.345992
-0.340921
-0.337951
-0.337297
-0.338765
-0.34181
-0.345684
-0.349662
-0.353172
-0.35586
-0.357603
-0.35844
-0.35853
-0.358106
-0.357414
-0.356658
-0.356014
-0.355609
-0.355476
-0.355631
-0.356022
-0.356622
-0.357376
-0.358203
-0.359057
-0.359884
-0.36062
-0.361184
-0.361512
-0.361523
-0.361146
-0.360333
-0.359038
-0.357237
-0.35497
-0.352293
-0.349331
-0.34626
-0.343321
-0.340721
-0.338679
-0.337354
-0.336804
-0.337026
-0.337969
-0.339529
-0.341574
-0.343939
-0.346461
-0.34895
-0.351262
-0.353224
-0.354701
-0.355582
-0.355732
-0.355053
-0.353466
-0.350921
-0.347435
-0.343122
-0.338246
-0.333216
-0.328545
-0.324806
-0.32249
-0.321843
-0.322845
-0.325174
-0.328351
-0.331849
-0.33522
-0.338145
-0.34046
-0.342064
-0.342975
-0.343222
-0.342879
-0.342068
-0.340931
-0.33964
-0.338368
-0.337312
-0.336703
-0.336849
-0.338086
-0.340698
-0.344791
-0.350188
-0.356501
-0.363206
-0.369756
-0.375767
-0.381022
-0.385457
-0.389089
-0.392024
-0.394381
-0.396267
-0.397813
-0.399092
-0.400184
-0.401139
-0.401995
-0.402802
-0.403574
-0.40434
-0.405126
-0.405953
-0.406862
-0.40788
-0.409045
-0.410389
-0.411938
-0.413733
-0.415743
-0.417986
-0.420436
-0.423029
-0.42567
-0.428269
-0.430684
-0.432742
-0.434238
-0.434899
-0.434415
-0.432454
-0.428641
-0.422673
-0.414385
-0.403921
-0.391891
-0.379431
-0.368036
-0.359088
-0.353282
-0.350301
-0.349088
-0.34829
-0.346834
-0.344059
-0.339812
-0.33444
-0.328934
-0.324749
-0.323416
-0.325916
-0.332138
-0.341
-0.350973
-0.360643
-0.369092
-0.375896
-0.381041
-0.384762
-0.387457
-0.389648
-0.391826
-0.394398
-0.397512
-0.401059
-0.404771
-0.408298
-0.411344
-0.413707
-0.415349
-0.416314
-0.41668
-0.416579
-0.416122
-0.415401
-0.414473
-0.413381
-0.412133
-0.410717
-0.409135
-0.407355
-0.405359
-0.403135
-0.400671
-0.397951
-0.394983
-0.391832
-0.38858
-0.385346
-0.382303
-0.379606
-0.377393
-0.375758
-0.374714
-0.374205
-0.374081
-0.374172
-0.374256
-0.374116
-0.373539
-0.372378
-0.370494
-0.367821
-0.364353
-0.360181
-0.355447
-0.350391
-0.345322
-0.340626
-0.336723
-0.33407
-0.333102
-0.334165
-0.337382
-0.342599
-0.349328
-0.35693
-0.36474
-0.372206
-0.378962
-0.384824
-0.389707
-0.393596
-0.396515
-0.398457
-0.399383
-0.399191
-0.39771
-0.39469
-0.389845
-0.382904
-0.373727
-0.362518
-0.350092
-0.338024
-0.32845
-0.32331
-0.323501
-0.328397
-0.336319
-0.345367
-0.354026
-0.361416
-0.367132
-0.371122
-0.373624
-0.375064
-0.375982
-0.376952
-0.378409
-0.380585
-0.383417
-0.38667
-0.38999
-0.393052
-0.395627
-0.397548
-0.398754
-0.39923
-0.399019
-0.398164
-0.396759
-0.394917
-0.392766
-0.390425
-0.388029
-0.385676
-0.383473
-0.381489
-0.379836
-0.378619
-0.377929
-0.377851
-0.378441
-0.379673
-0.381471
-0.383666
-0.386035
-0.388284
-0.390118
-0.391281
-0.391587
-0.390942
-0.389426
-0.387281
-0.384921
-0.382883
-0.381705
-0.381782
-0.383235
-0.38595
-0.389601
-0.393834
-0.398392
-0.403118
-0.407901
-0.412665
-0.417294
-0.421619
-0.425493
-0.428757
-0.43132
-0.433137
-0.434209
-0.434564
-0.434268
-0.433396
-0.43201
-0.430181
-0.427964
-0.425359
-0.422412
-0.419091
-0.415391
-0.411373
-0.407162
-0.403103
-0.399669
-0.397491
-0.397155
-0.398981
-0.402892
-0.408413
-0.414818
-0.421302
-0.427154
-0.431879
-0.435128
-0.436742
-0.436705
-0.435163
-0.432342
-0.428591
-0.424352
-0.420048
-0.416103
-0.41287
-0.410581
-0.409353
-0.409226
-0.410117
-0.411915
-0.414466
-0.417617
-0.421199
-0.424992
-0.428813
-0.432406
-0.435534
-0.437979
-0.439517
-0.440006
-0.439343
-0.437504
-0.434588
-0.430773
-0.42643
-0.42206
-0.418222
-0.415385
-0.413764
-0.413317
-0.413722
-0.414517
-0.415308
-0.415838
-0.416014
-0.415862
-0.41547
-0.414952
-0.414359
-0.413707
-0.412961
-0.412052
-0.410865
-0.409293
-0.407219
-0.404568
-0.401333
-0.397582
-0.393517
-0.389424
-0.385601
-0.382292
-0.379601
-0.377395
-0.375445
-0.373491
-0.371395
-0.369231
-0.367209
-0.365657
-0.364787
-0.364652
-0.365119
-0.365919
-0.366758
-0.367415
-0.367788
-0.367859
-0.367731
-0.367528
-0.367379
-0.367368
-0.367553
-0.367913
-0.368394
-0.368912
-0.36937
-0.369682
-0.369792
-0.369626
-0.369139
-0.368299
-0.36705
-0.365363
-0.363233
-0.360686
-0.357782
-0.354643
-0.351493
-0.348576
-0.346176
-0.344545
-0.343878
-0.344264
-0.345661
-0.347905
-0.350811
-0.354128
-0.357629
-0.361117
-0.364431
-0.367475
-0.370208
-0.372584
-0.374637
-0.376377
-0.377874
-0.379131
-0.380177
-0.38102
-0.38163
-0.381956
-0.381929
-0.381431
-0.380319
-0.378453
-0.375648
-0.371785
-0.366731
-0.360391
-0.352688
-0.343545
-0.332921
-0.321005
-0.308611
-0.297689
-0.291234
-0.29198
-0.30042
-0.314136
-0.329296
-0.342786
-0.353095
-0.36008
-0.364329
-0.366674
-0.367896
-0.368607
-0.369236
-0.370055
-0.37118
-0.372659
-0.374436
-0.376422
-0.378496
-0.380528
-0.382392
-0.383975
-0.385181
-0.385951
-0.386254
-0.38607
-0.385406
-0.384193
-0.382345
-0.379663
-0.37584
-0.370522
-0.36353
-0.355201
-0.346701
-0.340152
-0.3379
-0.341227
-0.349335
-0.359912
-0.370306
-0.378731
-0.384465
-0.387582
-0.388605
-0.388267
-0.387339
-0.386486
-0.386225
-0.386798
-0.388207
-0.390275
-0.39271
-0.39524
-0.397618
-0.399721
-0.401458
-0.402754
-0.403592
-0.403924
-0.403719
-0.402981
-0.401734
-0.400043
-0.398044
-0.395946
-0.393977
-0.392348
-0.391261
-0.390813
-0.391
-0.391757
-0.39295
-0.394435
-0.396075
-0.397761
-0.399434
-0.401021
-0.402461
-0.403679
-0.404616
-0.405169
-0.405261
-0.404848
-0.403898
-0.402429
-0.400525
-0.398342
-0.396098
-0.394038
-0.392389
-0.391355
-0.391
-0.391324
-0.392186
-0.393421
-0.394834
-0.396197
-0.397325
-0.398055
-0.398269
-0.397867
-0.396781
-0.394983
-0.392474
-0.389279
-0.385461
-0.3811
-0.376326
-0.371342
-0.366435
-0.362029
-0.358649
-0.356821
-0.356929
-0.359071
-0.363
-0.368159
-0.373884
-0.379604
-0.384878
-0.389447
-0.39322
-0.396229
-0.398528
-0.400193
-0.40128
-0.401808
-0.401811
-0.401272
-0.400169
-0.398498
-0.396306
-0.393622
-0.390587
-0.387343
-0.384087
-0.381088
-0.378595
-0.376852
-0.376008
-0.376108
-0.377097
-0.378901
-0.381394
-0.384485
-0.388028
-0.391821
-0.395609
-0.399131
-0.402108
-0.404347
-0.405692
-0.406052
-0.405332
-0.403418
-0.400158
-0.395452
-0.389385
-0.382552
-0.376206
-0.372118
-0.371911
-0.376145
-0.383972
-0.393537
-0.402992
-0.411084
-0.417304
-0.421631
-0.424274
-0.425435
-0.425238
-0.423626
-0.420417
-0.415413
-0.408533
-0.400034
-0.390581
-0.38126
-0.37321
-0.367204
-0.363368
-0.361225
-0.360041
-0.358939
-0.357013
-0.35331
-0.347026
-0.337956
-0.327077
-0.316735
-0.310236
-0.310409
-0.318043
-0.331503
-0.347857
-0.36432
-0.379045
-0.39118
-0.400533
-0.407335
-0.411969
-0.414856
-0.416396
-0.416901
-0.41661
-0.415666
-0.414092
-0.411879
-0.408961
-0.405259
-0.400733
-0.395481
-0.389787
-0.384153
-0.379269
-0.375893
-0.374587
-0.375473
-0.378235
-0.382228
-0.386709
-0.391067
-0.394852
-0.397831
-0.399887
-0.400994
-0.401147
-0.40035
-0.398624
-0.395968
-0.39239
-0.387926
-0.38264
-0.376692
-0.370257
-0.363579
-0.356956
-0.350745
-0.345306
-0.341085
-0.338601
-0.338321
-0.340519
-0.345053
-0.35131
-0.358356
-0.365178
-0.370978
-0.375246
-0.377752
-0.378493
-0.377583
-0.375279
-0.371873
-0.367727
-0.36325
-0.35881
-0.354733
-0.351258
-0.348535
-0.34669
-0.345835
-0.346052
-0.347324
-0.349466
-0.352131
-0.354937
-0.357522
-0.359624
-0.361128
-0.362028
-0.362393
-0.362318
-0.36186
-0.3611
-0.360047
-0.358699
-0.357095
-0.355275
-0.353289
-0.351258
-0.349342
-0.347767
-0.346719
-0.346414
-0.346931
-0.348251
-0.350261
-0.352763
-0.355521
-0.358353
-0.36107
-0.36359
-0.365844
-0.367815
-0.369499
-0.370911
-0.372036
-0.372861
-0.373371
-0.373526
-0.373289
-0.372645
-0.37152
-0.369929
-0.367877
-0.36542
-0.362663
-0.359748
-0.356918
-0.354372
-0.352344
-0.350988
-0.35041
-0.350577
-0.35142
-0.352726
-0.354281
-0.355818
-0.357063
-0.357747
-0.357668
-0.356647
-0.354655
-0.351804
-0.348385
-0.344874
-0.341786
-0.339534
-0.338391
-0.33837
-0.339321
-0.341028
-0.343224
-0.345691
-0.348224
-0.350665
-0.352905
-0.354889
-0.356648
-0.358224
-0.359692
-0.361121
-0.362568
-0.364082
-0.365681
-0.367308
-0.36889
-0.370317
-0.371435
-0.372054
-0.371973
-0.370972
-0.368832
-0.365403
-0.360639
-0.354739
-0.348262
-0.342168
-0.337666
-0.3358
-0.336979
-0.340759
-0.346064
-0.351712
-0.356798
-0.36084
-0.36372
-0.36559
-0.366687
-0.367251
-0.367481
-0.367552
-0.367548
-0.367531
-0.367498
-0.367428
-0.3673
-0.367079
-0.366796
-0.366499
-0.366233
-0.366067
-0.36606
-0.366216
-0.366483
-0.366776
-0.366985
-0.367001
-0.366752
-0.366233
-0.36546
-0.364529
-0.363563
-0.362712
-0.362094
-0.361804
-0.361912
-0.362406
-0.363247
-0.364326
-0.365503
-0.36661
-0.367532
-0.368161
-0.368514
-0.368681
-0.368845
-0.369243
-0.370064
-0.371464
-0.373443
-0.375898
-0.378608
-0.381314
-0.383787
-0.385828
-0.387288
-0.388088
-0.388177
-0.387565
-0.386283
-0.384408
-0.38203
-0.379288
-0.376346
-0.373344
-0.370451
-0.367784
-0.365406
-0.363321
-0.361522
-0.36001
-0.358825
-0.358116
-0.358057
-0.358837
-0.36056
-0.363182
-0.366454
-0.37002
-0.373426
-0.376228
-0.378039
-0.37858
-0.377703
-0.375425
-0.371924
-0.367589
-0.362983
-0.35872
-0.355345
-0.35315
-0.352099
-0.351965
-0.352378
-0.353038
-0.353725
-0.354338
-0.354856
-0.355322
-0.355848
-0.356623
-0.357877
-0.359857
-0.362743
-0.366583
-0.371243
-0.376435
-0.381767
-0.38684
-0.391326
-0.394984
-0.3977
-0.399421
-0.400189
-0.400095
-0.399279
-0.397908
-0.396152
-0.394213
-0.392235
-0.390315
-0.388468
-0.386605
-0.384522
-0.381921
-0.378554
-0.37424
-0.368971
-0.363013
-0.356876
-0.351281
-0.346801
-0.343708
-0.341793
-0.340572
-0.339601
-0.338709
-0.338105
-0.338149
-0.339151
-0.341129
-0.343804
-0.346753
-0.34954
-0.351903
-0.353747
-0.355083
-0.355999
-0.356599
-0.356941
-0.357062
-0.357003
-0.356759
-0.356328
-0.355726
-0.35497
-0.354062
-0.353058
-0.352027
-0.351054
-0.350213
-0.349614
-0.349313
-0.349359
-0.349769
-0.350508
-0.351509
-0.352683
-0.353919
-0.355134
-0.35621
-0.357079
-0.357672
-0.357933
-0.357837
-0.35736
-0.356486
-0.355203
-0.353522
-0.351441
-0.349019
-0.346316
-0.343409
-0.340409
-0.337422
-0.334586
-0.332024
-0.329852
-0.328113
-0.326806
-0.325894
-0.325301
-0.324972
-0.324815
-0.324805
-0.324941
-0.325238
-0.325733
-0.326464
-0.32747
-0.328789
-0.330415
-0.332345
-0.334554
-0.336989
-0.339577
-0.342227
-0.344839
-0.347329
-0.349609
-0.351604
-0.353261
-0.354504
-0.355265
-0.355461
-0.354998
-0.353776
-0.351708
-0.348729
-0.344834
-0.340149
-0.334964
-0.329742
-0.325085
-0.321617
-0.319768
-0.319682
-0.321103
-0.323536
-0.326389
-0.329133
-0.331392
-0.333026
-0.334046
-0.334631
-0.335036
-0.335536
-0.336334
-0.337541
-0.339155
-0.341108
-0.343256
-0.345429
-0.347461
-0.349185
-0.350495
-0.351237
-0.351286
-0.350552
-0.348916
-0.346334
-0.342785
-0.338329
-0.333168
-0.327616
-0.322135
-0.3173
-0.313674
-0.311755
-0.311793
-0.31373
-0.317186
-0.321526
-0.325995
-0.329869
-0.332614
-0.333942
-0.333899
-0.332865
-0.331503
-0.330584
-0.330729
-0.33223
-0.334894
-0.338218
-0.341597
-0.344487
-0.346581
-0.347768
-0.34808
-0.34764
-0.3466
-0.345114
-0.343342
-0.341364
-0.339276
-0.33713
-0.334984
-0.332875
-0.330833
-0.328901
-0.327112
-0.325578
-0.324417
-0.32381
-0.324001
-0.325209
-0.327564
-0.331075
-0.335565
-0.340737
-0.34621
-0.35162
-0.356689
-0.361221
-0.365075
-0.368207
-0.370574
-0.372192
-0.373081
-0.373241
-0.372722
-0.371556
-0.369809
-0.367563
-0.364914
-0.362003
-0.359018
-0.356152
-0.353702
-0.351962
-0.351191
-0.351663
-0.353532
-0.356787
-0.361198
-0.36634
-0.37165
-0.376503
-0.380376
-0.38291
-0.383901
-0.383328
-0.381337
-0.378227
-0.374384
-0.370268
-0.36636
-0.363036
-0.360548
-0.358989
-0.358307
-0.358382
-0.359056
-0.3602
-0.361707
-0.363496
-0.365519
-0.367709
-0.369999
-0.372319
-0.374598
-0.376805
-0.378893
-0.380817
-0.382524
-0.383961
-0.385054
-0.38572
-0.385933
-0.385735
-0.385237
-0.384638
-0.3842
-0.384228
-0.385007
-0.386742
-0.389444
-0.393025
-0.397195
-0.401551
-0.405628
-0.40897
-0.411177
-0.411946
-0.411061
-0.408417
-0.404008
-0.397991
-0.390733
-0.38289
-0.375374
-0.369255
-0.365431
-0.364316
-0.365655
-0.368744
-0.372737
-0.376972
-0.381026
-0.384697
-0.38792
-0.390671
-0.392976
-0.394831
-0.39625
-0.397226
-0.397764
-0.397861
-0.397528
-0.39677
-0.395626
-0.394116
-0.39235
-0.390395
-0.388374
-0.386382
-0.384527
-0.3829
-0.381559
-0.380532
-0.379841
-0.379437
-0.37927
-0.379298
-0.379472
-0.379761
-0.380147
-0.380642
-0.381289
-0.382114
-0.383162
-0.384442
-0.385963
-0.38767
-0.389501
-0.391394
-0.393254
-0.395009
-0.396571
-0.397914
-0.399006
-0.399834
-0.400409
-0.400728
-0.400804
-0.400639
-0.400245
-0.399623
-0.398766
-0.397682
-0.396377
-0.394851
-0.393115
-0.39122
-0.389215
-0.387151
-0.385113
-0.383215
-0.381542
-0.380181
-0.379202
-0.378601
-0.378381
-0.378479
-0.378779
-0.379137
-0.379418
-0.37949
-0.379223
-0.378555
-0.377448
-0.375936
-0.374114
-0.372108
-0.370077
-0.36821
-0.366663
-0.365567
-0.364978
-0.364902
-0.365277
-0.366011
-0.366969
-0.368021
-0.369077
-0.37008
-0.371006
-0.371893
-0.372768
-0.373656
-0.374536
-0.375377
-0.376119
-0.376707
-0.377145
-0.377479
-0.377822
-0.378256
-0.3789
-0.379781
-0.380854
-0.38199
-0.383031
-0.383793
-0.384091
-0.383765
-0.382705
-0.380791
-0.377951
-0.374168
-0.369509
-0.364183
-0.358579
-0.353266
-0.34892
-0.346109
-0.345142
-0.345923
-0.348016
-0.350782
-0.353601
-0.356003
-0.357711
-0.358556
-0.358505
-0.357557
-0.355713
-0.352971
-0.349383
-0.345083
-0.340303
-0.335538
-0.331457
-0.328787
-0.328111
-0.329611
-0.332934
-0.337317
-0.341861
-0.3458
-0.348622
-0.350162
-0.350494
-0.3499
-0.348703
-0.347277
-0.345944
-0.34493
-0.344335
-0.344222
-0.344593
-0.345451
-0.346781
-0.348574
-0.350776
-0.353301
-0.356012
-0.358761
-0.361415
-0.363835
-0.365914
-0.367552
-0.368685
-0.369272
-0.369279
-0.368724
-0.367717
-0.366421
-0.365032
-0.363799
-0.362912
-0.362449
-0.362326
-0.362316
-0.362042
-0.361106
-0.359157
-0.355946
-0.351393
-0.345676
-0.339205
-0.33264
-0.326839
-0.322654
-0.320759
-0.321422
-0.324445
-0.329288
-0.335239
-0.341629
-0.347956
-0.353951
-0.359498
-0.364587
-0.369268
-0.373582
-0.377548
-0.381172
-0.384423
-0.38724
-0.389567
-0.391361
-0.392515
-0.392989
-0.392704
-0.391615
-0.389692
-0.38694
-0.383399
-0.379158
-0.374335
-0.369115
-0.363682
-0.358274
-0.353167
-0.348659
-0.344961
-0.3422
-0.340364
-0.33935
-0.33909
-0.339676
-0.341418
-0.344759
-0.350041
-0.357187
-0.365662
-0.374556
-0.382843
-0.389624
-0.39427
-0.396493
-0.396339
-0.394315
-0.391403
-0.388898
-0.38805
-0.389601
-0.393429
-0.398724
-0.404373
-0.409424
-0.413297
-0.415762
-0.416798
-0.416544
-0.415187
-0.413005
-0.410393
-0.407866
-0.406033
-0.405402
-0.406236
-0.40842
-0.411535
-0.414965
-0.418147
-0.420702
-0.422445
-0.423365
-0.423566
-0.423156
-0.422218
-0.420781
-0.418873
-0.416554
-0.41398
-0.411468
-0.409446
-0.408351
-0.408502
-0.409904
-0.412242
-0.41496
-0.417433
-0.419144
-0.41984
-0.419571
-0.418707
-0.417827
-0.417602
-0.418586
-0.421064
-0.424953
-0.429896
-0.435388
-0.44091
-0.446005
-0.45034
-0.453685
-0.455904
-0.456916
-0.456736
-0.45543
-0.453189
-0.45029
-0.447124
-0.444191
-0.442035
-0.441129
-0.441824
-0.444197
-0.448068
-0.453024
-0.458503
-0.463935
-0.468845
-0.472896
-0.475889
-0.477776
-0.478591
-0.478477
-0.477638
-0.476268
-0.474582
-0.472733
-0.470763
-0.468611
-0.466096
-0.462952
-0.458932
-0.453841
-0.447697
-0.440755
-0.433541
-0.426769
-0.421143
-0.417204
-0.415206
-0.415133
-0.416746
-0.419669
-0.423416
-0.427499
-0.43145
-0.4349
-0.437581
-0.439344
-0.440169
-0.440175
-0.439569
-0.438654
-0.437807
-0.437341
-0.437489
-0.438273
-0.439467
-0.4407
-0.441576
-0.441783
-0.441203
-0.439942
-0.438253
-0.436476
-0.43496
-0.434025
-0.433863
-0.434533
-0.435942
-0.437838
-0.439873
-0.441619
-0.442544
-0.442096
-0.43974
-0.435076
-0.427972
-0.418715
-0.408112
-0.397457
-0.388293
-0.381995
-0.379327
-0.380195
-0.38376
-0.388887
-0.394624
-0.400456
-0.406325
-0.412396
-0.418759
-0.425312
-0.43176
-0.437733
-0.442885
-0.447029
-0.450087
-0.452102
-0.453158
-0.45336
-0.452796
-0.451507
-0.449491
-0.446675
-0.442906
-0.438018
-0.431853
-0.424418
-0.416007
-0.407388
-0.399745
-0.394359
-0.39207
-0.392803
-0.395621
-0.399207
-0.402377
-0.404468
-0.405304
-0.405025
-0.403968
-0.402523
-0.400973
-0.399555
-0.398389
-0.397494
-0.396811
-0.396245
-0.395705
-0.395125
-0.394498
-0.393856
-0.393309
-0.393037
-0.393189
-0.393938
-0.395388
-0.397549
-0.400315
-0.403537
-0.406959
-0.41035
-0.413504
-0.41624
-0.418478
-0.420135
-0.421202
-0.421623
-0.421375
-0.420322
-0.418278
-0.414976
-0.410089
-0.403353
-0.394803
-0.384981
-0.375185
-0.367234
-0.362804
-0.362593
-0.36598
-0.371507
-0.377732
-0.383647
-0.388736
-0.392837
-0.395887
-0.397881
-0.39893
-0.399214
-0.399008
-0.398676
-0.398589
-0.399058
-0.40034
-0.40254
-0.405607
-0.409372
-0.413566
-0.417901
-0.422117
-0.426
-0.429447
-0.43243
-0.434938
-0.43704
-0.438814
-0.440329
-0.441624
-0.442708
-0.443556
-0.444109
-0.444231
-0.44377
-0.442504
-0.440236
-0.436726
-0.431884
-0.425825
-0.419019
-0.412363
-0.407032
-0.404202
-0.404578
-0.408056
-0.413837
-0.420791
-0.427796
-0.433986
-0.43879
-0.441875
-0.443037
-0.44217
-0.439204
-0.434105
-0.42692
-0.417885
-0.407506
-0.396688
-0.386636
-0.378685
-0.373926
-0.372844
-0.3753
-0.380705
-0.388268
-0.397188
-0.406711
-0.416249
-0.425259
-0.433418
-0.44052
-0.446501
-0.451422
-0.455377
-0.458486
-0.460869
-0.462632
-0.463869
-0.464643
-0.464992
-0.464931
-0.46448
-0.463636
-0.462409
-0.460828
-0.458929
-0.456794
-0.454537
-0.452321
-0.450345
-0.448814
-0.447917
-0.447794
-0.448471
-0.449884
-0.451854
-0.454165
-0.456581
-0.458882
-0.460905
-0.462546
-0.463725
-0.464367
-0.464407
-0.463731
-0.462175
-0.459521
-0.455508
-0.449845
-0.442271
-0.432636
-0.420999
-0.407773
-0.393851
-0.38059
-0.369658
-0.362601
-0.360375
-0.363052
-0.369903
-0.379669
-0.390994
-0.402735
-0.41408
-0.424561
-0.433979
-0.442314
-0.449618
-0.455993
-0.461517
-0.466241
-0.470225
-0.473472
-0.475988
-0.477742
-0.478649
-0.478647
-0.477622
-0.475463
-0.472059
-0.46733
-0.461293
-0.454101
-0.446129
-0.437955
-0.430323
-0.423979
-0.419503
-0.417186
-0.416973
-0.41852
-0.421283
-0.424616
-0.427948
-0.430843
-0.43303
-0.434429
-0.43509
-0.435089
-0.434511
-0.433436
-0.431879
-0.429834
-0.427291
-0.424242
-0.420757
-0.416968
-0.41313
-0.409595
-0.40681
-0.405108
-0.40468
-0.405432
-0.407064
-0.409145
-0.411233
-0.412958
-0.41406
-0.41435
-0.413767
-0.412257
-0.409848
-0.406599
-0.402615
-0.39811
-0.393373
-0.388769
-0.384664
-0.381425
-0.379271
-0.378314
-0.378474
-0.379563
-0.381262
-0.383213
-0.385073
-0.386549
-0.387431
-0.387627
-0.387151
-0.386156
-0.384868
-0.383579
-0.382548
-0.381986
-0.381962
-0.382432
-0.383269
-0.384243
-0.385163
-0.385813
-0.386079
-0.385863
-0.385097
-0.383762
-0.381862
-0.379403
-0.376402
-0.372844
-0.368637
-0.363636
-0.357544
-0.350085
-0.341038
-0.330578
-0.319555
-0.309654
-0.302894
-0.300754
-0.303154
-0.308545
-0.314746
-0.319968
-0.323284
-0.324657
-0.324636
-0.32411
-0.324009
-0.325021
-0.327378
-0.330903
-0.335068
-0.339286
-0.343083
-0.346171
-0.348429
-0.349862
-0.350546
-0.350576
-0.350047
-0.349046
-0.347638
-0.345924
-0.343937
-0.341754
-0.33942
-0.337012
-0.33459
-0.332239
-0.330045
-0.328089
-0.326463
-0.325237
-0.324446
-0.324135
-0.324279
-0.324834
-0.325748
-0.326941
-0.328368
-0.329966
-0.331686
-0.333486
-0.335356
-0.337279
-0.339239
-0.34122
-0.343204
-0.34518
-0.347111
-0.348951
-0.35063
-0.352073
-0.353163
-0.353758
-0.353669
-0.352658
-0.350457
-0.346758
-0.341267
-0.33381
-0.324452
-0.313645
-0.302376
-0.292026
-0.284079
-0.279656
-0.279178
-0.282303
-0.288244
-0.296014
-0.30467
-0.313477
-0.321872
-0.329494
-0.336173
-0.341843
-0.34652
-0.35025
-0.353101
-0.355129
-0.356392
-0.356911
-0.356722
-0.35584
-0.354308
-0.352187
-0.349579
-0.346628
-0.343482
-0.340346
-0.337404
-0.334805
-0.332754
-0.331449
-0.331073
-0.331732
-0.333407
-0.335878
-0.338753
-0.341532
-0.343761
-0.345024
-0.345016
-0.343596
-0.340741
-0.336627
-0.331653
-0.326473
-0.321965
-0.31905
-0.318452
-0.320465
-0.324857
-0.33099
-0.338096
-0.345463
-0.352576
-0.359138
-0.364987
-0.37011
-0.374545
-0.378361
-0.38163
-0.384408
-0.386763
-0.388691
-0.390203
-0.391285
-0.391881
-0.391932
-0.391386
-0.390143
-0.388126
-0.385262
-0.381499
-0.376748
-0.370976
-0.364123
-0.356155
-0.347116
-0.337156
-0.326618
-0.3161
-0.306419
-0.298505
-0.293246
-0.291371
-0.293237
-0.298846
-0.307742
-0.319086
-0.331764
-0.344624
-0.356677
-0.367234
-0.375913
-0.382549
-0.387146
-0.389778
-0.39057
-0.38966
-0.387262
-0.383665
-0.379287
-0.374678
-0.370463
-0.367224
-0.365367
-0.365032
-0.366094
-0.368223
-0.371042
-0.374204
-0.377448
-0.380591
-0.383517
-0.386136
-0.388434
-0.390387
-0.391964
-0.393191
-0.394069
-0.394637
-0.3949
-0.394892
-0.394632
-0.394147
-0.393463
-0.392638
-0.39171
-0.390732
-0.389754
-0.388848
-0.388062
-0.387443
-0.387053
-0.3869
-0.387002
-0.387357
-0.387932
-0.388718
-0.389649
-0.390688
-0.391791
-0.392888
-0.393923
-0.394857
-0.39563
-0.396195
-0.396527
-0.396581
-0.396314
-0.395707
-0.394742
-0.39343
-0.391811
-0.389989
-0.388074
-0.386235
-0.38467
-0.383557
-0.383038
-0.383179
-0.383941
-0.385159
-0.386605
-0.388014
-0.389127
-0.389751
-0.389763
-0.389142
-0.387938
-0.386295
-0.384431
-0.382605
-0.381096
-0.380168
-0.380005
-0.380647
-0.382039
-0.38396
-0.386191
-0.388485
-0.390705
-0.392822
-0.394865
-0.396928
-0.399105
-0.401443
-0.403983
-0.406669
-0.40943
-0.41215
-0.414736
-0.417068
-0.419063
-0.420654
-0.421789
-0.422435
-0.422544
-0.422106
-0.421114
-0.41958
-0.417519
-0.414959
-0.411991
-0.408701
-0.405225
-0.401736
-0.398355
-0.395209
-0.392344
-0.389776
-0.387479
-0.385495
-0.383943
-0.383067
-0.383203
-0.38465
-0.387537
-0.391719
-0.396785
-0.402117
-0.407058
-0.411028
-0.41356
-0.414337
-0.413184
-0.410115
-0.40539
-0.399607
-0.393703
-0.38881
-0.385947
-0.385652
-0.387831
-0.391851
-0.396869
-0.402169
-0.407263
-0.411896
-0.416028
-0.419608
-0.422651
-0.425163
-0.427134
-0.428575
-0.429479
-0.429869
-0.42975
-0.429158
-0.428139
-0.426735
-0.424998
-0.422998
-0.42082
-0.418583
-0.416447
-0.41459
-0.413191
-0.412434
-0.412397
-0.413051
-0.414246
-0.415726
-0.417158
-0.418236
-0.418685
-0.418301
-0.417007
-0.41478
-0.411737
-0.408092
-0.404153
-0.400285
-0.396866
-0.394207
-0.392491
-0.391757
-0.391943
-0.392902
-0.394465
-0.396483
-0.398831
-0.401384
-0.404007
-0.406545
-0.408873
-0.410897
-0.412545
-0.413758
-0.414536
-0.414905
-0.414934
-0.414678
-0.414198
-0.41357
-0.412844
-0.412078
-0.411291
-0.410521
-0.40976
-0.409004
-0.408261
-0.407509
-0.406725
-0.405907
-0.405033
-0.404082
-0.402996
-0.4017
-0.400136
-0.398229
-0.395919
-0.393197
-0.390104
-0.386816
-0.383583
-0.380726
-0.378566
-0.377372
-0.377294
-0.378317
-0.380319
-0.383125
-0.386577
-0.390465
-0.394606
-0.398795
-0.402791
-0.406367
-0.409296
-0.411425
-0.412658
-0.412972
-0.412435
-0.411192
-0.409504
-0.407673
-0.406016
-0.40484
-0.404351
-0.404614
-0.405528
-0.406899
-0.408442
-0.409895
-0.411071
-0.411802
-0.412011
-0.411664
-0.410792
-0.409416
-0.407587
-0.405384
-0.402867
-0.400169
-0.397404
-0.394741
-0.392386
-0.390547
-0.389499
-0.389446
-0.390557
-0.392887
-0.39638
-0.400834
-0.405962
-0.411403
-0.416814
-0.421902
-0.426439
-0.430261
-0.433279
-0.435459
-0.436796
-0.437346
-0.43716
-0.4363
-0.434856
-0.432952
-0.430727
-0.42833
-0.425932
-0.423684
-0.421699
-0.420068
-0.418834
-0.41799
-0.417519
-0.417406
-0.417615
-0.418154
-0.419019
-0.420197
-0.421712
-0.423508
-0.425557
-0.427779
-0.430098
-0.43241
-0.434656
-0.436753
-0.438674
-0.4404
-0.441938
-0.443304
-0.444559
-0.445749
-0.446907
-0.448082
-0.44927
-0.450459
-0.451615
-0.452687
-0.453583
-0.454263
-0.454645
-0.454679
-0.454321
-0.453489
-0.452108
-0.449994
-0.446891
-0.442471
-0.436334
-0.42827
-0.418566
-0.408309
-0.399545
-0.394661
-0.39517
-0.400672
-0.409134
-0.418159
-0.426057
-0.43219
-0.436651
-0.43985
-0.442191
-0.443897
-0.444998
-0.445384
-0.444956
-0.443626
-0.441519
-0.438896
-0.436143
-0.433691
-0.431865
-0.430781
-0.430257
-0.429921
-0.429336
-0.428218
-0.426713
-0.42545
-0.425416
-0.427475
-0.431792
-0.437671
-0.443761
-0.448616
-0.451115
-0.450673
-0.447275
-0.441447
-0.434264
-0.427163
-0.421649
-0.418781
-0.418797
-0.421149
-0.424711
-0.428262
-0.430792
-0.431599
-0.430379
-0.427264
-0.422814
-0.417975
-0.413918
-0.411641
-0.411658
-0.413779
-0.417329
-0.421459
-0.425489
-0.429033
-0.432014
-0.434552
-0.436843
-0.439041
-0.441231
-0.443374
-0.4454
-0.447204
-0.448666
-0.449668
-0.45013
-0.449976
-0.449141
-0.447562
-0.445202
-0.442052
-0.438173
-0.433696
-0.428835
-0.423874
-0.419145
-0.414947
-0.411452
-0.408695
-0.406588
-0.404964
-0.403684
-0.402725
-0.402211
-0.402293
-0.403145
-0.404825
-0.407196
-0.410025
-0.412997
-0.415799
-0.418205
-0.420039
-0.421227
-0.421775
-0.421729
-0.421183
-0.420264
-0.419131
-0.417939
-0.416843
-0.415942
-0.415273
-0.414818
-0.414505
-0.414222
-0.413829
-0.413203
-0.412245
-0.410869
-0.409077
-0.406869
-0.404308
-0.401493
-0.398566
-0.395676
-0.393018
-0.39076
-0.389052
-0.387972
-0.387523
-0.387663
-0.388283
-0.389219
-0.390322
-0.391452
-0.392503
-0.393395
-0.394073
-0.394545
-0.394801
-0.39485
-0.394708
-0.394408
-0.393975
-0.393427
-0.392757
-0.391993
-0.391094
-0.390013
-0.388687
-0.386994
-0.384804
-0.381948
-0.378236
-0.373519
-0.367738
-0.36096
-0.353517
-0.346069
-0.339545
-0.335017
-0.333449
-0.335317
-0.340529
-0.34829
-0.357468
-0.366874
-0.375532
-0.382817
-0.38841
-0.392244
-0.394324
-0.394732
-0.393539
-0.390771
-0.386508
-0.380793
-0.373814
-0.365901
-0.357575
-0.349569
-0.342695
-0.337655
-0.334854
-0.334281
-0.335556
-0.338112
-0.341445
-0.345129
-0.348894
-0.352558
-0.355956
-0.358888
-0.361091
-0.362252
-0.362071
-0.360322
-0.356969
-0.352308
-0.347026
-0.342164
-0.338862
-0.337941
-0.339559
-0.34318
-0.347884
-0.352724
-0.357036
-0.360457
-0.362912
-0.364448
-0.365205
-0.36533
-0.364945
-0.364214
-0.363277
-0.362306
-0.361511
-0.361067
-0.361168
-0.361884
-0.363205
-0.365013
-0.367105
-0.369284
-0.371329
-0.373043
-0.374289
-0.375001
-0.375141
-0.374725
-0.373791
-0.372463
-0.370898
-0.369307
-0.367925
-0.366975
-0.366638
-0.366981
-0.367941
-0.369349
-0.370973
-0.372516
-0.373744
-0.374465
-0.374548
-0.373943
-0.372701
-0.37094
-0.368889
-0.366881
-0.365292
-0.364527
-0.364904
-0.366596
-0.369638
-0.373857
-0.378962
-0.384596
-0.390389
-0.396055
-0.401382
-0.406199
-0.410418
-0.414
-0.416926
-0.41919
-0.4208
-0.42178
-0.422153
-0.421911
-0.421115
-0.419782
-0.417978
-0.415769
-0.413262
-0.41056
-0.407794
-0.405084
-0.402575
-0.400333
-0.398446
-0.396926
-0.39574
-0.394868
-0.394229
-0.393784
-0.393504
-0.393424
-0.393623
-0.394242
-0.395382
-0.39714
-0.399516
-0.402429
-0.405736
-0.409305
-0.412985
-0.416729
-0.420527
-0.42445
-0.428604
-0.43308
-0.437916
-0.44301
-0.448167
-0.453115
-0.457547
-0.461202
-0.463912
-0.465546
-0.466111
-0.465651
-0.464235
-0.462009
-0.459103
-0.455709
-0.451999
-0.448155
-0.444373
-0.440805
-0.437567
-0.434763
-0.43237
-0.430336
-0.428534
-0.426806
-0.424969
-0.422899
-0.42054
-0.417942
-0.415263
-0.412785
-0.410848
-0.40973
-0.40955
-0.41021
-0.411348
-0.412492
-0.413077
-0.412669
-0.411
-0.408048
-0.40402
-0.399357
-0.394629
-0.390455
-0.387382
-0.385836
-0.385991
-0.387774
-0.390821
-0.3946
-0.398505
-0.402054
-0.404872
-0.406792
-0.407761
-0.407878
-0.407314
-0.406299
-0.405063
-0.403819
-0.402739
-0.401925
-0.401385
-0.401101
-0.400984
-0.400938
-0.400869
-0.400721
-0.400434
-0.399955
-0.399244
-0.398241
-0.396858
-0.394978
-0.392414
-0.388924
-0.384264
-0.378187
-0.370571
-0.361621
-0.351965
-0.342859
-0.335962
-0.332897
-0.334556
-0.340752
-0.350316
-0.361598
-0.373068
-0.383584
-0.392495
-0.39953
-0.404671
-0.408019
-0.409717
-0.409887
-0.408601
-0.405907
-0.401798
-0.396267
-0.389353
-0.381125
-0.371787
-0.361699
-0.351435
-0.341701
-0.333351
-0.327148
-0.323612
-0.322784
-0.324258
-0.327268
-0.330975
-0.334671
-0.337955
-0.340697
-0.342947
-0.344866
-0.346626
-0.348334
-0.35006
-0.351785
-0.353434
-0.354917
-0.356091
-0.356762
-0.356772
-0.355921
-0.354007
-0.350888
-0.346537
-0.341112
-0.335047
-0.329052
-0.324021
-0.320761
-0.319719
-0.320787
-0.323385
-0.326726
-0.330095
-0.332966
-0.33511
-0.336475
-0.337141
-0.337204
-0.336789
-0.335963
-0.334787
-0.333265
-0.331386
-0.329154
-0.326539
-0.323524
-0.320142
-0.316519
-0.31282
-0.309318
-0.306304
-0.304082
-0.302855
-0.302649
-0.303323
-0.304566
-0.306023
-0.307297
-0.30808
-0.308156
-0.307419
-0.305883
-0.303705
-0.301166
-0.298683
-0.296709
-0.29566
-0.29581
-0.297197
-0.299639
-0.302777
-0.306223
-0.309638
-0.312775
-0.315495
-0.317747
-0.319509
-0.320779
-0.321554
-0.321805
-0.321466
-0.320444
-0.318636
-0.31595
-0.312374
-0.308023
-0.303243
-0.298636
-0.294909
-0.292702
-0.292288
-0.293372
-0.295144
-0.296597
-0.296838
-0.295396
-0.292463
-0.28892
-0.286134
-0.285538
-0.287902
-0.292951
-0.299586
-0.306432
-0.312387
-0.316867
-0.31979
-0.321321
-0.321826
-0.321729
-0.321412
-0.321209
-0.321332
-0.321935
-0.323038
-0.324623
-0.326581
-0.328799
-0.331153
-0.333498
-0.335724
-0.337741
-0.339457
-0.340801
-0.341708
-0.34213
-0.342052
-0.341483
-0.340477
-0.339176
-0.33775
-0.336478
-0.335619
-0.335386
-0.335896
-0.337107
-0.338869
-0.340921
-0.342974
-0.344802
-0.346254
-0.347268
-0.347867
-0.348114
-0.348114
-0.347964
-0.347764
-0.347583
-0.347467
-0.347444
-0.347538
-0.3478
-0.348266
-0.348974
-0.349979
-0.351318
-0.353001
-0.355011
-0.357328
-0.359897
-0.362648
-0.365537
-0.368502
-0.371489
-0.374455
-0.377366
-0.380202
-0.382924
-0.385505
-0.387931
-0.390175
-0.392216
-0.394028
-0.395591
-0.396906
-0.397941
-0.39872
-0.39924
-0.399528
-0.399627
-0.399609
-0.399544
-0.399546
-0.399696
-0.40008
-0.400741
-0.4017
-0.402972
-0.404523
-0.40632
-0.408304
-0.410421
-0.41259
-0.414716
-0.41671
-0.418491
-0.419976
-0.421118
-0.421923
-0.422434
-0.422685
-0.422718
-0.422495
-0.421873
-0.420582
-0.418265
-0.414608
-0.409523
-0.40339
-0.397197
-0.392313
-0.389953
-0.390517
-0.39331
-0.396961
-0.400108
-0.401892
-0.402076
-0.400905
-0.398907
-0.396676
-0.394807
-0.393799
-0.394017
-0.395622
-0.398515
-0.402432
-0.40694
-0.411598
-0.416038
-0.419975
-0.42328
-0.425858
-0.427691
-0.428735
-0.428991
-0.428489
-0.42739
-0.426018
-0.424796
-0.42414
-0.424309
-0.425265
-0.426659
-0.427961
-0.428598
-0.428117
-0.426337
-0.423324
-0.419466
-0.415422
-0.411984
-0.409902
-0.409596
-0.410986
-0.41354
-0.4165
-0.41913
-0.420889
-0.421526
-0.421091
-0.419888
-0.418364
-0.417105
-0.416643
-0.41732
-0.419181
-0.421979
-0.425225
-0.428369
-0.430862
-0.432304
-0.432419
-0.431095
-0.428335
-0.42424
-0.419046
-0.413037
-0.40671
-0.400772
-0.396038
-0.393178
-0.392327
-0.392928
-0.393961
-0.394419
-0.393729
-0.391889
-0.389374
-0.386867
-0.385022
-0.38428
-0.38466
-0.385838
-0.387289
-0.388557
-0.389408
-0.389985
-0.390686
-0.392042
-0.394464
-0.398124
-0.402878
-0.408336
-0.413992
-0.41934
-0.423984
-0.427667
-0.430249
-0.431701
-0.431997
-0.431163
-0.429232
-0.426244
-0.422259
-0.4174
-0.41188
-0.405999
-0.400144
-0.394688
-0.389943
-0.386021
-0.382829
-0.380126
-0.377626
-0.375163
-0.372731
-0.370489
-0.368693
-0.367562
-0.367195
-0.367554
-0.36851
-0.369877
-0.371475
-0.373161
-0.374815
-0.376346
-0.377681
-0.378751
-0.379546
-0.380091
-0.380478
-0.380792
-0.381127
-0.38151
-0.381872
-0.382008
-0.381611
-0.380327
-0.377771
-0.373721
-0.368332
-0.362314
-0.357009
-0.354078
-0.354789
-0.359351
-0.36678
-0.375432
-0.383756
-0.390729
-0.395882
-0.399104
-0.400418
-0.399847
-0.397382
-0.393029
-0.386925
-0.379552
-0.371915
-0.365563
-0.362111
-0.362533
-0.366614
-0.37306
-0.380121
-0.386334
-0.390751
-0.392992
-0.393032
-0.39106
-0.387403
-0.382622
-0.377466
-0.37282
-0.369514
-0.36794
-0.367918
-0.368714
-0.36935
-0.368951
-0.367037
-0.363587
-0.358983
-0.353897
-0.349113
-0.345345
-0.3431
-0.342677
-0.34409
-0.34718
-0.351652
-0.357117
-0.363124
-0.36921
-0.374925
-0.379868
-0.383753
-0.386448
-0.388043
-0.388861
-0.389472
-0.390562
-0.392713
-0.396207
-0.400893
-0.406282
-0.411765
-0.416763
-0.420878
-0.42388
-0.425654
-0.426161
-0.425318
-0.422958
-0.418807
-0.412431
-0.403288
-0.390845
-0.374833
-0.355728
-0.335241
-0.316319
-0.302398
-0.295905
-0.297263
-0.305134
-0.317278
-0.331309
-0.345195
-0.357545
-0.367654
-0.37543
-0.381112
-0.385091
-0.387848
-0.389758
-0.391128
-0.392176
-0.393033
-0.393773
-0.394433
-0.394966
-0.395345
-0.395495
-0.395361
-0.39487
-0.393975
-0.392617
-0.390774
-0.388446
-0.385711
-0.382655
-0.37944
-0.37628
-0.373442
-0.371203
-0.3698
-0.369344
-0.369828
-0.371071
-0.372776
-0.374638
-0.376331
-0.377627
-0.378345
-0.378395
-0.377769
-0.37648
-0.374664
-0.372448
-0.370044
-0.367663
-0.365558
-0.363918
-0.362871
-0.362464
-0.362657
-0.363352
-0.364421
-0.365717
-0.367109
-0.368499
-0.369769
-0.370856
-0.37168
-0.372161
-0.372183
-0.371624
-0.370329
-0.368141
-0.365002
-0.360921
-0.356235
-0.35155
-0.347682
-0.345503
-0.345522
-0.347699
-0.351417
-0.35579
-0.35994
-0.363282
-0.365526
-0.366674
-0.366858
-0.366327
-0.365328
-0.364112
-0.362851
-0.361673
-0.360624
-0.359709
-0.358879
-0.358112
-0.357409
-0.356853
-0.35665
-0.357058
-0.358287
-0.360475
-0.363573
-0.367348
-0.371457
-0.375525
-0.379235
-0.382344
-0.384742
-0.38637
-0.387259
-0.387452
-0.387059
-0.386197
-0.385033
-0.383741
-0.382505
-0.381518
-0.380934
-0.380863
-0.381329
-0.382263
-0.383528
-0.384941
-0.386298
-0.387399
-0.38811
-0.388339
-0.38807
-0.387339
-0.386293
-0.385091
-0.383915
-0.382908
-0.382151
-0.381612
-0.381132
-0.380549
-0.379725
-0.378624
-0.377349
-0.376125
-0.375223
-0.374789
-0.374742
-0.374792
-0.374472
-0.3734
-0.371421
-0.368677
-0.365746
-0.36338
-0.362385
-0.363304
-0.366231
-0.370798
-0.376235
-0.381665
-0.386335
-0.389718
-0.39169
-0.392434
-0.392409
-0.392172
-0.392187
-0.392689
-0.393605
-0.394641
-0.39536
-0.395441
-0.394766
-0.393472
-0.391911
-0.390581
-0.389969
-0.3904
-0.391967
-0.394446
-0.397445
-0.400521
-0.403259
-0.405329
-0.406541
-0.406768
-0.40599
-0.404275
-0.40183
-0.398973
-0.396138
-0.393807
-0.392382
-0.392049
-0.39277
-0.394305
-0.396326
-0.398499
-0.400609
-0.402568
-0.404337
-0.405974
-0.407511
-0.408989
-0.410454
-0.41196
-0.413552
-0.415272
-0.41718
-0.419292
-0.421587
-0.424006
-0.426437
-0.428717
-0.430688
-0.432221
-0.433197
-0.433552
-0.433303
-0.432519
-0.43131
-0.429893
-0.428487
-0.427389
-0.426857
-0.427096
-0.428232
-0.430257
-0.43303
-0.436285
-0.439703
-0.442968
-0.445809
-0.448069
-0.449684
-0.45074
-0.451401
-0.451811
-0.452068
-0.452115
-0.451744
-0.450677
-0.448622
-0.445373
-0.440907
-0.435383
-0.429136
-0.422557
-0.416082
-0.410106
-0.404933
-0.400855
-0.398184
-0.397293
-0.398526
-0.402048
-0.40766
-0.414847
-0.422846
-0.430814
-0.438028
-0.443952
-0.448285
-0.450931
-0.451946
-0.451441
-0.449597
-0.44659
-0.442547
-0.437581
-0.431755
-0.425151
-0.417922
-0.410415
-0.403211
-0.397199
-0.393335
-0.392345
-0.394349
-0.398835
-0.404799
-0.411197
-0.417202
-0.422324
-0.426375
-0.429383
-0.431426
-0.432684
-0.433271
-0.433326
-0.432949
-0.432215
-0.4312
-0.429926
-0.428455
-0.426821
-0.42503
-0.423126
-0.421101
-0.418973
-0.416736
-0.41438
-0.411901
-0.409283
-0.406542
-0.403682
-0.400734
-0.397747
-0.394764
-0.391888
-0.38922
-0.386875
-0.384965
-0.383612
-0.382915
-0.382928
-0.383682
-0.385123
-0.387164
-0.389654
-0.392418
-0.395272
-0.398061
-0.400685
-0.403107
-0.405333
-0.407439
-0.409519
-0.411655
-0.413903
-0.416295
-0.418809
-0.421372
-0.423896
-0.426236
-0.428306
-0.429986
-0.431194
-0.43183
-0.431843
-0.431188
-0.429864
-0.427941
-0.42556
-0.422982
-0.420516
-0.418536
-0.417352
-0.417143
-0.417865
-0.419276
-0.420968
-0.422519
-0.423565
-0.423949
-0.4237
-0.423076
-0.422481
-0.422379
-0.423107
-0.424809
-0.427401
-0.430605
-0.434117
-0.437692
-0.441193
-0.444655
-0.448174
-0.451878
-0.455886
-0.460225
-0.464847
-0.469625
-0.474358
-0.478851
-0.482906
-0.486317
-0.488918
-0.490577
-0.491224
-0.490903
-0.48978
-0.488179
-0.486523
-0.485257
-0.484693
-0.484943
-0.485887
-0.487259
-0.488728
-0.489992
-0.490881
-0.491318
-0.491319
-0.490945
-0.490285
-0.489436
-0.488495
-0.487499
-0.486486
-0.485482
-0.484472
-0.483469
-0.482497
-0.481634
-0.480973
-0.480589
-0.480543
-0.480817
-0.481338
-0.482007
-0.482686
-0.48325
-0.483592
-0.483633
-0.483359
-0.482775
-0.481972
-0.481056
-0.480192
-0.479535
-0.4792
-0.47929
-0.479781
-0.480627
-0.481706
-0.482876
-0.484013
-0.484979
-0.485719
-0.486211
-0.486473
-0.486568
-0.486573
-0.486537
-0.486501
-0.486428
-0.486229
-0.485749
-0.484771
-0.483066
-0.480436
-0.476804
-0.472296
-0.467319
-0.462582
-0.458959
-0.457183
-0.45755
-0.459759
-0.463086
-0.46671
-0.469957
-0.472471
-0.474128
-0.475022
-0.47528
-0.47508
-0.474575
-0.47387
-0.47304
-0.472133
-0.471175
-0.470158
-0.469087
-0.467943
-0.46671
-0.465359
-0.463871
-0.462224
-0.460399
-0.458402
-0.456213
-0.453851
-0.451323
-0.448639
-0.445853
-0.442989
-0.440097
-0.437201
-0.434337
-0.431541
-0.428826
-0.42623
-0.423788
-0.421544
-0.419545
-0.417826
-0.416409
-0.415314
-0.414463
-0.413781
-0.413154
-0.412461
-0.411574
-0.410444
-0.409041
-0.407411
-0.405688
-0.404031
-0.402604
-0.401482
-0.400588
-0.39966
-0.398264
-0.395856
-0.391958
-0.386296
-0.37901
-0.37079
-0.362834
-0.356479
-0.352707
-0.351658
-0.352687
-0.354785
-0.357095
-0.359155
-0.360886
-0.362426
-0.363984
-0.365708
-0.367709
-0.369963
-0.372387
-0.374888
-0.377324
-0.379595
-0.381607
-0.3833
-0.384631
-0.385585
-0.386158
-0.386357
-0.38619
-0.385681
-0.384831
-0.383668
-0.382195
-0.380408
-0.378326
-0.375954
-0.373332
-0.370493
-0.367519
-0.364531
-0.36165
-0.359036
-0.356851
-0.355209
-0.35419
-0.353798
-0.353951
-0.354504
-0.355277
-0.356071
-0.356719
-0.357089
-0.357031
-0.356471
-0.355306
-0.353478
-0.350899
-0.347483
-0.343196
-0.338053
-0.332241
-0.326177
-0.320537
-0.31616
-0.313827
-0.31394
-0.316381
-0.32058
-0.325774
-0.331237
-0.336468
-0.341156
-0.345135
-0.348328
-0.35072
-0.352345
-0.353316
-0.353724
-0.353714
-0.353395
-0.352863
-0.352145
-0.351204
-0.34997
-0.348359
-0.346306
-0.3438
-0.340953
-0.337979
-0.335173
-0.332902
-0.331512
-0.331247
-0.332168
-0.334192
-0.337063
-0.34049
-0.34415
-0.34778
-0.351182
-0.354257
-0.356962
-0.3593
-0.361296
-0.362965
-0.364294
-0.365287
-0.365904
-0.36608
-0.365759
-0.364891
-0.363411
-0.361298
-0.358564
-0.355221
-0.351376
-0.347174
-0.342784
-0.338428
-0.334384
-0.330973
-0.328575
-0.327583
-0.328296
-0.330793
-0.334869
-0.340005
-0.345506
-0.350608
-0.354706
-0.357434
-0.358763
-0.358998
-0.358694
-0.358549
-0.359125
-0.360708
-0.363203
-0.366218
-0.36924
-0.371759
-0.373413
-0.374009
-0.373542
-0.372231
-0.370379
-0.368428
-0.366839
-0.365956
-0.366024
-0.367066
-0.368981
-0.37155
-0.374528
-0.37772
-0.380983
-0.384203
-0.387306
-0.390242
-0.392925
-0.395277
-0.397188
-0.398466
-0.398903
-0.398175
-0.395917
-0.391699
-0.385096
-0.375833
-0.364064
-0.350754
-0.337838
-0.327965
-0.323474
-0.325167
-0.332056
-0.342118
-0.353384
-0.364485
-0.374713
-0.383731
-0.39141
-0.397693
-0.402591
-0.406127
-0.408367
-0.409353
-0.409237
-0.408133
-0.406254
-0.403873
-0.401311
-0.398939
-0.397058
-0.395869
-0.395351
-0.395316
-0.395431
-0.395307
-0.394589
-0.393039
-0.390587
-0.387365
-0.383659
-0.379934
-0.376734
-0.374558
-0.373745
-0.374411
-0.376421
-0.37951
-0.383368
-0.387711
-0.392315
-0.396999
-0.401596
-0.405955
-0.409914
-0.413342
-0.416114
-0.418112
-0.419235
-0.419393
-0.418508
-0.416492
-0.413301
-0.408947
-0.403518
-0.397222
-0.390409
-0.383564
-0.377257
-0.372142
-0.368914
-0.368177
-0.370287
-0.375153
-0.382168
-0.390384
-0.398804
-0.406721
-0.413669
-0.419535
-0.424354
-0.428239
-0.431297
-0.433621
-0.435239
-0.436163
-0.43636
-0.435811
-0.434444
-0.432194
-0.428975
-0.424698
-0.419318
-0.412897
-0.405716
-0.398371
-0.391834
-0.387265
-0.385643
-0.387361
-0.391977
-0.39837
-0.405179
-0.411211
-0.415669
-0.418153
-0.418591
-0.417115
-0.414036
-0.409767
-0.404865
-0.400103
-0.396372
-0.394568
-0.395226
-0.398397
-0.403543
-0.409807
-0.416316
-0.422361
-0.427547
-0.431683
-0.434756
-0.436822
-0.437989
-0.438379
-0.438114
-0.43732
-0.436134
-0.434682
-0.433127
-0.43157
-0.430149
-0.428967
-0.42812
-0.427655
-0.427573
-0.427842
-0.428415
-0.429197
-0.430067
-0.430935
-0.431688
-0.432251
-0.432526
-0.432456
-0.432002
-0.431165
-0.429986
-0.428614
-0.427297
-0.426311
-0.425991
-0.426553
-0.428118
-0.430638
-0.43387
-0.4375
-0.441205
-0.444673
-0.447713
-0.450203
-0.452114
-0.45348
-0.454356
-0.454867
-0.455099
-0.455201
-0.455234
-0.455239
-0.455213
-0.455044
-0.454561
-0.453511
-0.451666
-0.448847
-0.445034
-0.440423
-0.435538
-0.431123
-0.428047
-0.426996
-0.428293
-0.431776
-0.436969
-0.443272
-0.450112
-0.457052
-0.463794
-0.470107
-0.475837
-0.480869
-0.485099
-0.488411
-0.49069
-0.49181
-0.491662
-0.490152
-0.487281
-0.483152
-0.478073
-0.472553
-0.467274
-0.462935
-0.460098
-0.459022
-0.459637
-0.461662
-0.464702
-0.468362
-0.472306
-0.476224
-0.479805
-0.482792
-0.484916
-0.486008
-0.485998
-0.484964
-0.483187
-0.481165
-0.479493
-0.478811
-0.479518
-0.481663
-0.484949
-0.488819
-0.492641
-0.49586
-0.498102
-0.499185
-0.499045
-0.497715
-0.49531
-0.49193
-0.487706
-0.482749
-0.477114
-0.470779
-0.463618
-0.455323
-0.445441
-0.433488
-0.41934
-0.403869
-0.389684
-0.380992
-0.381582
-0.392056
-0.409253
-0.428427
-0.445848
-0.459698
-0.469646
-0.476102
-0.479743
-0.481255
-0.481256
-0.480234
-0.478552
-0.476456
-0.474069
