           1    0.265343    0.265343           0
           2    0.268362    0.266852  0.00106725
           3    0.267736    0.267147 0.000751038
           4    0.269092    0.267633 0.000703241
           5    0.284232    0.270953  0.00302217
           6    0.270646    0.270902  0.00251891
           7    0.269791    0.270743  0.00216406
           8     0.27604    0.271405  0.00199229
           9    0.276508    0.271972  0.00184983
          10    0.274023    0.272177  0.00167618
          11     0.26831    0.271826  0.00156023
          12    0.272336    0.271868  0.00143079
          13    0.266316    0.271441  0.00138301
          14    0.273303    0.271574   0.0012906
          15    0.269564     0.27144   0.0012115
          16    0.274318     0.27162  0.00114905
          17    0.278965    0.272052  0.00115985
          18    0.276227    0.272284  0.00111837
          19    0.267656     0.27204  0.00108571
          20    0.274744    0.272176   0.0010398
