           1   -0.476844   -0.476844           0
           2   -0.480058   -0.478451  0.00113624
           3   -0.477122   -0.478008 0.000839405
           4   -0.477638   -0.477916 0.000634623
           5   -0.477731   -0.477879 0.000508773
           6   -0.480016   -0.478235 0.000534359
           7   -0.482033   -0.478778 0.000679764
           8   -0.478079    -0.47869 0.000600384
           9   -0.479997   -0.478835 0.000550957
          10   -0.480862   -0.479038 0.000531812
          11   -0.478883   -0.479024 0.000483651
          12   -0.477647   -0.478909 0.000456753
          13   -0.481314   -0.479094 0.000457559
          14   -0.481027   -0.479232 0.000445221
          15   -0.478871   -0.479208 0.000416191
          16    -0.47753   -0.479103 0.000403187
          17   -0.478614   -0.479075 0.000380494
          18   -0.480519   -0.479155 0.000367724
          19   -0.477783   -0.479083 0.000355392
          20   -0.478007   -0.479029 0.000341665
