           1   -0.460515   -0.460515           0
           2   -0.464761   -0.462638   0.0015011
           3   -0.461265    -0.46218  0.00106819
           4   -0.461466   -0.462002  0.00081593
           5    -0.46218   -0.462037 0.000653527
           6   -0.463502   -0.462282 0.000588452
           7   -0.462864   -0.462365 0.000510228
           8   -0.463515   -0.462509 0.000466271
           9   -0.464459   -0.462725 0.000462079
          10   -0.462995   -0.462752 0.000416656
          11   -0.464578   -0.462918 0.000410511
          12    -0.46241   -0.462876  0.00037848
          13   -0.463161   -0.462898     0.00035
          14   -0.465373   -0.463075 0.000366939
          15   -0.464013   -0.463137 0.000347768
          16   -0.462982   -0.463127 0.000326168
          17    -0.46483   -0.463228 0.000321989
          18   -0.464743   -0.463312  0.00031492
          19   -0.460649   -0.463172  0.00032806
          20    -0.46101   -0.463064 0.000328973
