           1   -0.554895   -0.554895           0
           2   -0.556809   -0.555852 0.000676729
           3   -0.550568    -0.55409  0.00150717
           4   -0.551101   -0.553343  0.00130251
           5   -0.556307   -0.553936  0.00116913
           6   -0.556571   -0.554375  0.00105354
           7   -0.558819    -0.55501  0.00107747
           8   -0.553972    -0.55488 0.000950563
           9   -0.558335   -0.555264 0.000919187
          10   -0.553048   -0.555042 0.000853574
          11   -0.551879   -0.554755 0.000822991
          12    -0.55389   -0.554683 0.000757558
          13   -0.558117   -0.554947 0.000743926
          14   -0.557312   -0.555116 0.000709711
          15    -0.55502   -0.555109 0.000662426
          16   -0.552338   -0.554936 0.000643272
          17   -0.554444   -0.554907 0.000606083
          18   -0.554067   -0.554861 0.000574209
          19   -0.553966   -0.554814 0.000545914
          20   -0.554395   -0.554793 0.000519019
