           1    0.051936    0.051936           0
           2    0.051628    0.051782 0.000108894
           3    0.036588   0.0467173  0.00413592
           4    0.039172    0.044831  0.00350581
           5    0.046292   0.0451232   0.0028168
           6    0.049392   0.0458347  0.00243553
           7    0.054992   0.0471429  0.00241349
           8    0.065996   0.0494995  0.00305275
           9    0.054416   0.0500458    0.002762
          10    0.059056   0.0509468  0.00262866
          11    0.052376   0.0510767   0.0023929
          12    0.063356      0.0521  0.00240234
          13    0.048192   0.0517994  0.00223627
          14    0.055548   0.0520671  0.00209251
          15    0.035684   0.0509749  0.00221983
          16     0.05854   0.0514478  0.00213085
          17    0.038612   0.0506927  0.00213509
          18    0.073224   0.0519444  0.00235499
          19    0.042536   0.0514493  0.00228251
          20    0.049868   0.0513702  0.00216975
