           1     0.04128     0.04128           0
           2    0.041768    0.041524 0.000172534
           3    0.032892   0.0386467  0.00235215
           4    0.033584    0.037381   0.0020769
           5    0.035436    0.036992  0.00169756
           6    0.039824    0.037464   0.0014788
           7    0.031108    0.036556  0.00152097
           8    0.035984   0.0364845  0.00133253
           9     0.03698   0.0365396   0.0011856
          10    0.035216   0.0364072  0.00107441
          11    0.038544   0.0366015 0.000994139
          12    0.036932    0.036629 0.000911675
          13     0.02702   0.0358898  0.00110115
          14    0.046136   0.0366217  0.00124212
          15    0.038936    0.036776  0.00116885
          16    0.035312   0.0366845  0.00109938
          17    0.034356   0.0365475  0.00104321
          18    0.034424   0.0364296 0.000991898
          19     0.03454   0.0363301 0.000944665
          20    0.032584   0.0361428 0.000915813
