           1     3.27527     3.27527           0
           2     3.27374     3.27451 0.000541535
           3     3.15806     3.23569    0.031694
           4     3.22407     3.23279   0.0239033
           5     3.18068     3.22237   0.0212733
           6     3.43846     3.25838   0.0373528
           7     3.42108     3.28162   0.0385757
           8     3.29286     3.28303   0.0337793
           9     3.23285     3.27745   0.0304827
          10     3.20462     3.27017   0.0282911
          11     3.12337     3.25682   0.0286948
          12     3.26056     3.25714   0.0263053
          13     3.35957     3.26501   0.0254346
          14     3.23678       3.263   0.0236976
          15     3.16712     3.25661   0.0229635
          16      3.4128     3.26637    0.023512
          17     3.15703     3.25994   0.0229918
          18     3.13696     3.25311   0.0227069
          19      3.3359     3.25746   0.0219259
          20      3.3388     3.26153   0.0212034
