           1     0.05016     0.05016           0
           2    0.032924    0.041542  0.00609385
           3    0.033868    0.038984  0.00456801
           4    0.044932    0.040471  0.00366004
           5    0.039044   0.0401856  0.00293914
           6    0.050044   0.0418287  0.00287205
           7     0.05694   0.0439874  0.00317093
           8    0.042784    0.043837  0.00277813
           9     0.05706   0.0453062  0.00283142
          10    0.039944     0.04477  0.00259856
          11    0.028284   0.0432713   0.0027609
          12    0.034436    0.042535  0.00262716
          13    0.056316   0.0435951  0.00263027
          14    0.040692   0.0433877  0.00245055
          15    0.048564   0.0437328  0.00231135
          16    0.055828   0.0444887  0.00228717
          17    0.058424   0.0453085  0.00229483
          18    0.057012   0.0459587  0.00225757
          19    0.055224   0.0464463  0.00219079
          20    0.039244   0.0460862  0.00211064
