           1   -0.513354   -0.513354           0
           2   -0.517427    -0.51539  0.00144029
           3   -0.511882   -0.514221   0.0013542
           4     -0.5142   -0.514216  0.00101566
           5   -0.514637     -0.5143 0.000816015
           6   -0.515076   -0.514429 0.000690202
           7   -0.518086   -0.514952 0.000764146
           8   -0.515912   -0.515072 0.000677984
           9    -0.51442   -0.514999 0.000606512
          10   -0.514032   -0.514903 0.000553514
          11   -0.512827   -0.514714 0.000534392
          12   -0.513211   -0.514589 0.000504327
          13    -0.51606   -0.514702 0.000478072
          14   -0.516547   -0.514834  0.00046173
          15   -0.514659   -0.514822 0.000431095
          16   -0.513634   -0.514748 0.000410492
          17   -0.512847   -0.514636 0.000401281
          18   -0.514592   -0.514633 0.000378995
          19   -0.513155   -0.514556 0.000366952
          20   -0.514548   -0.514555 0.000348604
