           1    0.030548    0.030548           0
           2    0.022836    0.026692   0.0027266
           3    0.023664   0.0256827  0.00199583
           4      0.0321    0.027287  0.00204231
           5    0.019824   0.0257944  0.00210992
           6    0.019124   0.0246827  0.00203014
           7    0.024384     0.02464  0.00174056
           8    0.032956   0.0256795  0.00180693
           9     0.03894   0.0271529  0.00212354
          10    0.031336   0.0275712  0.00195195
          11    0.038104   0.0285287  0.00199559
          12    0.029304   0.0285933  0.00183033
          13    0.030436   0.0287351  0.00169502
          14    0.029036   0.0287566  0.00157408
          15    0.022648   0.0283493  0.00152091
          16    0.025888   0.0281955  0.00143361
          17    0.039092   0.0288365  0.00148568
          18    0.027568    0.028766  0.00140481
          19    0.024828   0.0285587  0.00134608
          20     0.02132   0.0281968  0.00132654
