           1     2.54787     2.54787           0
           2     2.55305     2.55046  0.00183272
           3     2.42236     2.50776   0.0348849
           4      2.5184     2.51042    0.026265
           5     2.46474     2.50128   0.0225448
           6     2.67664     2.53051   0.0326308
           7      2.5366     2.53138   0.0279809
           8     2.43817     2.51973   0.0267993
           9      2.5695     2.52526   0.0243854
          10     2.43156     2.51589   0.0236788
          11     2.33461     2.49941    0.026651
          12     2.49697     2.49921   0.0244308
          13      2.4493     2.49537   0.0228512
          14     2.44529     2.49179   0.0214971
          15     2.61401     2.49994   0.0215528
          16     2.52774     2.50168   0.0202757
          17     2.46716     2.49965   0.0191844
          18     2.46053     2.49747   0.0182413
          19     2.57467     2.50154   0.0177279
          20      2.3724     2.49508   0.0179789
