           1   -0.495301   -0.495301           0
           2   -0.497726   -0.496513 0.000857211
           3   -0.494933   -0.495987 0.000715187
           4   -0.492198   -0.495039 0.000980037
           5   -0.494248   -0.494881 0.000796714
           6   -0.495944   -0.495058 0.000683319
           7    -0.49836    -0.49553 0.000730587
           8   -0.495684   -0.495549 0.000639517
           9   -0.496412   -0.495645 0.000575599
          10   -0.496217   -0.495702 0.000520869
          11   -0.496009    -0.49573 0.000474262
          12   -0.493822   -0.495571 0.000460624
          13   -0.498635   -0.495807  0.00048172
          14    -0.49922   -0.496051 0.000505261
          15   -0.496248   -0.496064 0.000471748
          16   -0.494453   -0.495963 0.000452881
          17   -0.496955   -0.496021 0.000429981
          18   -0.498877    -0.49618  0.00043437
          19   -0.494636   -0.496099 0.000419037
          20   -0.495053   -0.496046 0.000401337
