           1     2.06711     2.06711           0
           2     2.23004     2.14858   0.0576059
           3     2.18127     2.15948   0.0394215
           4      2.1461     2.15613   0.0297077
           5     2.27414     2.17973   0.0317877
           6     2.16864     2.17788   0.0265435
           7     2.29778     2.19501   0.0277323
           8     2.14729     2.18905    0.024899
           9       2.243     2.19504   0.0228428
          10     2.25846     2.20138   0.0214208
          11     2.16362     2.19795   0.0197466
          12     2.24504     2.20187   0.0184868
          13     2.27328     2.20737    0.017862
          14      2.2416     2.20981   0.0167527
          15     2.16188     2.20662   0.0159377
          16     2.23132     2.20816   0.0150162
          17     2.15959      2.2053   0.0144022
          18     2.14312     2.20185   0.0140103
          19     2.22622     2.20313   0.0133315
          20     2.15805     2.20088    0.012854
