           1    0.254727    0.254727           0
           2     0.25098    0.252854  0.00132479
           3    0.255286    0.253664  0.00110372
           4    0.253331    0.253581 0.000830934
           5    0.260209    0.254906  0.00135928
           6    0.252359    0.254482  0.00119723
           7    0.251229    0.254017  0.00111271
           8    0.256121     0.25428  0.00100422
           9    0.250934    0.253908 0.000958982
          10    0.254553    0.253973 0.000865247
          11    0.257234    0.254269 0.000835827
          12    0.253055    0.254168 0.000772273
          13    0.249736    0.253827 0.000784522
          14    0.255333    0.253935 0.000735824
          15    0.254579    0.253978 0.000688021
          16    0.257733    0.254212 0.000683885
          17    0.251211    0.254036 0.000666059
          18    0.249043    0.253758 0.000684378
          19    0.250523    0.253588 0.000669205
          20    0.253639    0.253591  0.00063575
