           1    0.203932    0.203932           0
           2    0.195912    0.199922   0.0028353
           3    0.206657    0.202167  0.00263311
           4      0.1949     0.20035    0.002525
           5    0.202535    0.200787  0.00205745
           6    0.203387     0.20122  0.00175957
           7    0.198438    0.200823  0.00155245
           8    0.197639    0.200425  0.00140849
           9     0.19623    0.199959  0.00132689
          10    0.198861    0.199849  0.00119873
          11    0.199249    0.199794  0.00109099
          12    0.200033    0.199814  0.00100026
          13    0.194456    0.199402  0.00100466
          14    0.198251     0.19932 0.000936254
          15    0.198991    0.199298 0.000874094
          16    0.202735    0.199513  0.00084544
          17    0.194301    0.199206 0.000849478
          18    0.199662    0.199232 0.000802662
          19     0.19689    0.199108 0.000769818
          20     0.19933    0.199119 0.000731407
