           1    0.041656    0.041656           0
           2     0.04456    0.043108  0.00102672
           3    0.037116   0.0411107  0.00176864
           4    0.032072    0.038851  0.00236413
           5     0.04682   0.0404448  0.00236837
           6    0.037188    0.039902  0.00203489
           7    0.042512   0.0402749  0.00177803
           8      0.0468   0.0410905  0.00173279
           9    0.037484   0.0406898  0.00158591
          10    0.039508   0.0405716  0.00143172
          11      0.0448    0.040956  0.00135218
          12    0.037164     0.04064  0.00127589
          13       0.047   0.0411292  0.00126808
          14     0.03112   0.0404143  0.00136424
          15    0.041948   0.0405165  0.00127711
          16     0.04746   0.0409505  0.00126888
          17     0.04136   0.0409746  0.00119447
          18    0.041964   0.0410296  0.00112938
          19    0.031472   0.0405265  0.00117664
          20    0.036824   0.0403414  0.00113228
