           1      1.3496      1.3496           0
           2     1.33476     1.34218  0.00524956
           3     1.38611     1.35682   0.0124584
           4     1.37351     1.36099   0.0100177
           5     1.36889     1.36257  0.00813761
           6     1.36124     1.36235   0.0067844
           7     1.36585     1.36285  0.00583356
           8     1.38149     1.36518  0.00555029
           9     1.39207     1.36817    0.005681
          10     1.39318     1.37067  0.00563652
          11     1.37712     1.37126  0.00515453
          12     1.37912     1.37191  0.00476647
          13     1.38752     1.37311  0.00454862
          14     1.38558       1.374  0.00431002
          15     1.36934     1.37369   0.0040339
          16     1.34667       1.372  0.00412011
          17     1.42209     1.37495  0.00481745
          18     1.40654      1.3767  0.00485893
          19     1.36414     1.37604  0.00464797
          20     1.33679     1.37408  0.00481209
