           1    0.348708    0.348708           0
           2    0.348349    0.348529 0.000126881
           3    0.349671     0.34891 0.000322372
           4    0.344324    0.347763  0.00102191
           5    0.355787    0.349368   0.0016519
           6    0.345226    0.348678  0.00151396
           7    0.348943    0.348715  0.00129815
           8    0.353578    0.349323  0.00127022
           9    0.351036    0.349514  0.00114326
          10    0.341716    0.348734  0.00126725
          11     0.35752    0.349533    0.001381
          12    0.357221    0.350173  0.00140671
          13    0.353607    0.350437  0.00132307
          14     0.36475     0.35146  0.00157475
          15    0.358534    0.351931  0.00153876
          16    0.348324    0.351706  0.00145901
          17     0.35041     0.35163  0.00137518
          18    0.343819    0.351196  0.00136552
          19    0.352886    0.351285  0.00129655
          20    0.344268    0.350934   0.0012783
