           1   -0.626387   -0.626387           0
           2   -0.625848   -0.626117 0.000190297
           3   -0.622776   -0.625004 0.000918296
           4   -0.622819   -0.624457 0.000835501
           5   -0.623514   -0.624269 0.000689379
           6   -0.627569   -0.624819 0.000763007
           7   -0.627966   -0.625268 0.000775242
           8   -0.627233   -0.625514 0.000716182
           9   -0.630028   -0.626015 0.000792988
          10   -0.623822   -0.625796  0.00074342
          11   -0.623874   -0.625621 0.000696073
          12   -0.626431   -0.625689  0.00064133
          13   -0.626712   -0.625768 0.000596811
          14   -0.624973   -0.625711 0.000556874
          15    -0.62535   -0.625687 0.000520268
          16   -0.625688   -0.625687 0.000487752
          17    -0.62208   -0.625475 0.000503094
          18   -0.623335   -0.625356 0.000488982
          19    -0.62854   -0.625523 0.000491127
          20   -0.629011   -0.625698 0.000496564
