           1   -0.653756   -0.653756           0
           2   -0.652522   -0.653139 0.000436172
           3   -0.651339   -0.652539  0.00056978
           4   -0.649023    -0.65166 0.000872996
           5   -0.650885   -0.651505 0.000712026
           6   -0.654975   -0.652083 0.000794213
           7   -0.654509    -0.65243 0.000752584
           8    -0.65138   -0.652299 0.000669851
           9   -0.652704   -0.652344 0.000596934
          10    -0.65143   -0.652252 0.000544184
          11   -0.652513   -0.652276  0.00049523
          12   -0.653617   -0.652388 0.000466393
          13   -0.653953   -0.652508 0.000445787
          14   -0.653537   -0.652582 0.000419953
          15   -0.651836   -0.652532 0.000394887
          16   -0.651227    -0.65245 0.000378533
          17   -0.650936   -0.652361 0.000366605
          18   -0.652089   -0.652346 0.000346549
          19   -0.656384   -0.652559 0.000388027
          20   -0.656483   -0.652755 0.000415284
