           1    0.235959    0.235959           0
           2    0.240967    0.238463  0.00177066
           3     0.23688    0.237936   0.0012566
           4    0.240453    0.238565  0.00108871
           5    0.245879    0.240028  0.00157179
           6    0.236204     0.23939  0.00143324
           7    0.238631    0.239282   0.0012326
           8    0.237028       0.239  0.00111025
           9    0.240428    0.239159 0.000998159
          10    0.227815    0.238024  0.00140182
          11     0.24114    0.238308  0.00130267
          12    0.238571     0.23833   0.0011943
          13    0.234663    0.238048  0.00113525
          14    0.238597    0.238087  0.00105484
          15    0.239133    0.238157 0.000986822
          16    0.238332    0.238167 0.000925207
          17    0.238148    0.238166 0.000870784
          18     0.23438    0.237956 0.000847436
          19     0.23335    0.237713 0.000836795
          20    0.240588    0.237857 0.000807201
