           1    0.023412    0.023412           0
           2      0.0309    0.027156  0.00264741
           3    0.025312   0.0265413  0.00183491
           4     0.03352    0.028286  0.00204371
           5    0.028948   0.0284184  0.00163925
           6    0.026024   0.0280193  0.00141379
           7     0.03084   0.0284223  0.00126794
           8    0.025928   0.0281105  0.00114714
           9     0.03426   0.0287938  0.00120613
          10    0.031076    0.029022   0.0011069
          11    0.035768   0.0296353  0.00116383
          12     0.02076   0.0288957  0.00128046
          13    0.034924   0.0293594  0.00126314
          14    0.026964   0.0291883  0.00118445
          15    0.031956   0.0293728  0.00111977
          16    0.031276   0.0294917  0.00105608
          17    0.047124   0.0305289  0.00141437
          18    0.026768     0.03032  0.00135114
          19    0.015132   0.0295206  0.00149794
          20    0.020768    0.029083   0.0014856
