           1     3.83315     3.83315           0
           2     3.94658     3.88986   0.0401033
           3     3.85527     3.87833   0.0283452
           4     3.78557     3.85514   0.0292453
           5     3.72557     3.82923   0.0329335
           6     3.90127     3.84123   0.0295525
           7     3.74418     3.82737   0.0283977
           8     3.80067     3.82403   0.0250433
           9     3.72411     3.81293   0.0245988
          10      3.5565     3.78729   0.0328926
          11     3.82098     3.79035   0.0300446
          12     3.98169     3.80629   0.0314889
          13      3.7341     3.80074   0.0295523
          14      4.0642     3.81956   0.0328919
          15     3.49215     3.79773   0.0372439
          16     3.97588     3.80887   0.0365426
          17      3.7593     3.80595   0.0345092
          18     3.74063     3.80232   0.0327823
          19     3.91743     3.80838   0.0316117
          20     3.87441     3.81168    0.030203
