           1      2.8187      2.8187           0
           2     2.83935     2.82903  0.00730279
           3     2.83512     2.83106  0.00514328
           4     2.71344     2.80165   0.0257549
           5      2.7019      2.7817   0.0272569
           6     2.81971     2.78804   0.0234383
           7     2.99504     2.81761   0.0339585
           8     2.88736     2.82633   0.0308128
           9     2.74621     2.81743   0.0286461
          10     2.89983     2.82567   0.0269406
          11     2.94895     2.83688   0.0267213
          12     2.96778     2.84778   0.0266281
          13     2.88661     2.85077   0.0247467
          14     2.69888     2.83992   0.0252454
          15     2.90444     2.84422   0.0239261
          16     2.83364     2.84356   0.0224398
          17     2.73589     2.83723   0.0219954
          18     2.86307     2.83866   0.0208203
          19     2.82273     2.83783   0.0197413
          20     2.87704     2.83979   0.0188514
