           1    0.218822    0.218822           0
           2    0.210244    0.214533  0.00303277
           3    0.216775     0.21528  0.00211189
           4    0.209004    0.213711  0.00208686
           5    0.215655      0.2141  0.00170532
           6    0.210348    0.213475  0.00153145
           7    0.210185    0.213005   0.0013829
           8    0.205406    0.212055  0.00150121
           9    0.208469    0.211656  0.00138627
          10    0.206691     0.21116  0.00133362
          11    0.212605    0.211291  0.00121884
          12    0.209801    0.211167  0.00112358
          13    0.210104    0.211085  0.00104012
          14    0.209658    0.210983 0.000970808
          15    0.209427     0.21088 0.000911614
          16    0.210768    0.210873 0.000854665
          17    0.209815     0.21081 0.000806651
          18    0.213123    0.210939 0.000771998
          19    0.213737    0.211086 0.000745284
          20     0.21211    0.211137 0.000709775
