           1   -0.533913   -0.533913           0
           2   -0.539299   -0.536606  0.00190427
           3   -0.530422   -0.534545  0.00210814
           4   -0.530689   -0.533581  0.00178792
           5   -0.534184   -0.533702   0.0014344
           6    -0.53484   -0.533891  0.00120781
           7   -0.536674   -0.534289  0.00109875
           8   -0.534096   -0.534265 0.000961669
           9   -0.536094   -0.534468 0.000876023
          10   -0.531454   -0.534167 0.000838664
          11   -0.532184   -0.533986  0.00078155
          12   -0.531783   -0.533803 0.000737669
          13   -0.536044   -0.533975 0.000700782
          14   -0.535974   -0.534118 0.000665116
          15   -0.535279   -0.534195 0.000625262
          16   -0.532173   -0.534069 0.000598821
          17   -0.530555   -0.533862 0.000598206
          18   -0.532519   -0.533788 0.000569606
          19   -0.532653   -0.533728 0.000542746
          20   -0.535184   -0.533801 0.000520472
