           1    0.230219    0.230219           0
           2    0.222605    0.226412   0.0026921
           3    0.222753    0.225192  0.00205257
           4    0.224902     0.22512  0.00154071
           5    0.223541    0.224804  0.00126451
           6    0.225793    0.224969  0.00106444
           7    0.222444    0.224608 0.000971582
           8    0.221429    0.224211 0.000927827
           9    0.222494     0.22402  0.00084411
          10     0.22255    0.223873 0.000772388
          11    0.226578    0.224119 0.000740273
          12    0.223819    0.224094 0.000679007
          13    0.229964    0.224545  0.00076229
          14    0.225995    0.224649 0.000714836
          15    0.225094    0.224679 0.000667797
          16    0.223789    0.224623 0.000628369
          17    0.222969    0.224526 0.000598893
          18    0.224113    0.224503 0.000566059
          19    0.221423    0.224341 0.000558995
          20    0.224382    0.224343 0.000531049
