           1   -0.602367   -0.602367           0
           2   -0.601913    -0.60214  0.00016057
           3   -0.597164   -0.600481  0.00135849
           4   -0.597879   -0.599831  0.00116419
           5   -0.599782   -0.599821 0.000931395
           6     -0.6017   -0.600134 0.000827136
           7   -0.605684   -0.600927   0.0010205
           8   -0.601712   -0.601025 0.000897646
           9   -0.601496   -0.601077 0.000799434
          10   -0.598893   -0.600859 0.000748735
          11   -0.599808   -0.600763 0.000686743
          12   -0.599195   -0.600633 0.000641828
          13   -0.601324   -0.600686 0.000594655
          14   -0.599039   -0.600568 0.000563695
          15   -0.599858   -0.600521 0.000528101
          16   -0.600171   -0.600499 0.000495548
          17   -0.596148   -0.600243 0.000528367
          18   -0.600344   -0.600249 0.000499043
          19   -0.601179   -0.600298 0.000475173
          20   -0.603469   -0.600456 0.000477145
