           1    0.078396    0.078396           0
           2    0.076228    0.077312 0.000766504
           3    0.084892   0.0798387  0.00212536
           4    0.084232    0.080937  0.00185625
           5    0.060884   0.0769264  0.00388242
           6    0.085668   0.0783833  0.00349805
           7    0.089848   0.0800211  0.00335994
           8    0.097812    0.082245  0.00360148
           9    0.089292    0.083028  0.00328533
          10    0.084144   0.0831396  0.00295869
          11    0.092036   0.0839484  0.00279807
          12    0.084764   0.0840163  0.00256573
          13    0.110016   0.0860163  0.00304981
          14    0.080756   0.0856406  0.00285502
          15    0.077868   0.0851224   0.0027113
          16    0.064912   0.0838593  0.00282078
          17    0.070724   0.0830866  0.00275864
          18    0.066328   0.0821556  0.00275803
          19    0.057492   0.0808575  0.00290231
          20    0.087128    0.081171  0.00277408
