           1     1.99436     1.99436           0
           2     2.04552     2.01994   0.0180869
           3     1.94591     1.99526   0.0234817
           4     1.93005     1.97896   0.0225726
           5     2.02877     1.98892   0.0201365
           6     2.00363     1.99137    0.016929
           7     2.01181     1.99429   0.0147603
           8     2.12289     2.01037   0.0198215
           9       2.014     2.01077   0.0176232
          10      1.9734     2.00703   0.0162523
          11     1.93327     2.00033   0.0160989
          12     1.99374     1.99978   0.0147667
          13     1.97683     1.99801    0.013736
          14     2.10339     2.00554   0.0146727
          15     2.02219     2.00665   0.0137365
          16     1.96502     2.00405    0.013122
          17     1.95556      2.0012   0.0126564
          18     1.94333     1.99798   0.0123547
          19     2.03763     2.00007   0.0118794
          20     1.98439     1.99928   0.0113112
