           1     1.51545     1.51545           0
           2     1.51623     1.51584 0.000276798
           3     1.46751     1.49973   0.0131544
           4     1.51521      1.5036   0.0104196
           5     1.45079     1.49304   0.0125985
           6     1.49352     1.49312    0.010499
           7     1.52944     1.49831   0.0102013
           8     1.43374     1.49024   0.0116909
           9     1.47476     1.48852   0.0105176
          10     1.53503     1.49317   0.0104438
          11     1.55126     1.49845   0.0107468
          12     1.48635     1.49744  0.00989842
          13      1.5219     1.49932  0.00931413
          14     1.52495     1.50115  0.00882689
          15     1.50908     1.50168  0.00825422
          16     1.47847     1.50023  0.00786481
          17     1.50172     1.50032  0.00740266
          18     1.51115     1.50092  0.00701583
          19     1.53052     1.50248  0.00681729
          20     1.49718     1.50221  0.00648157
