           1   -0.682384   -0.682384           0
           2   -0.683333   -0.682858 0.000335395
           3   -0.680186   -0.681967 0.000760928
           4   -0.678157   -0.681015  0.00100321
           5   -0.677218   -0.680255  0.00105142
           6   -0.682297   -0.680596 0.000929633
           7   -0.682341   -0.680845 0.000829589
           8   -0.683204    -0.68114 0.000776541
           9    -0.68193   -0.681228 0.000695201
          10   -0.679675   -0.681072 0.000642788
          11   -0.681377     -0.6811 0.000584948
          12   -0.682263   -0.681197 0.000544175
          13    -0.68332    -0.68136 0.000526257
          14   -0.682527   -0.681444 0.000495223
          15   -0.681405   -0.681441 0.000462214
          16   -0.680666   -0.681393 0.000435856
          17    -0.67915   -0.681261  0.00042971
          18   -0.680607   -0.681224 0.000407372
          19   -0.683366   -0.681337 0.000401219
          20   -0.684423   -0.681491 0.000409745
