           1   -0.578611   -0.578611           0
           2   -0.577874   -0.578243  0.00026047
           3   -0.572269   -0.576252  0.00163502
           4   -0.575347   -0.576025  0.00124182
           5   -0.573477   -0.575516  0.00109307
           6   -0.579225   -0.576134  0.00107154
           7   -0.581195   -0.576857  0.00113649
           8   -0.576424   -0.576803 0.000995717
           9   -0.576309   -0.576748  0.00088659
          10   -0.574719   -0.576545 0.000820821
          11   -0.575174    -0.57642 0.000755608
          12   -0.573105   -0.576144 0.000741439
          13   -0.579318   -0.576388 0.000723496
          14   -0.577678    -0.57648 0.000677656
          15   -0.576763   -0.576499 0.000632742
          16   -0.574837   -0.576395 0.000601668
          17   -0.576136    -0.57638 0.000566468
          18    -0.57578   -0.576347 0.000535977
          19    -0.57996   -0.576537 0.000540462
          20   -0.576145   -0.576517 0.000513794
