           1     1.57142     1.57142           0
           2     1.66083     1.61613    0.031613
           3     1.58738     1.60655   0.0224804
           4     1.64028     1.61498   0.0183738
           5     1.55357      1.6027   0.0183508
           6     1.70356     1.61951   0.0216641
           7     1.74583     1.63755   0.0249795
           8     1.59268     1.63194   0.0224779
           9     1.60948     1.62945   0.0201184
          10     1.58454     1.62496    0.018601
          11     1.65132     1.62735   0.0170637
          12     1.59874     1.62497   0.0158075
          13     1.69331     1.63023    0.015441
          14     1.64389      1.6312   0.0143689
          15     1.62695     1.63092   0.0134138
          16     1.62225     1.63038   0.0125864
          17     1.69005     1.63389   0.0123257
          18     1.62142      1.6332   0.0116604
          19     1.61319     1.63214   0.0110941
          20     1.61093     1.63108     0.01059
