           1    0.041928    0.041928           0
           2    0.047632     0.04478  0.00201667
           3    0.030792   0.0401173  0.00403747
           4    0.039068    0.039855  0.00303661
           5    0.048944   0.0416728  0.00292318
           6    0.046544   0.0424847  0.00254623
           7    0.046956   0.0431234  0.00226118
           8    0.058612   0.0450595  0.00268224
           9    0.050344   0.0456467  0.00244764
          10    0.041576   0.0452396  0.00223647
          11     0.03436   0.0442505  0.00224121
          12    0.035696   0.0435377  0.00216485
          13     0.04066   0.0433163  0.00200961
          14    0.058004   0.0443654  0.00212232
          15    0.048608   0.0446483  0.00199959
          16    0.034904   0.0440393  0.00196517
          17    0.028224   0.0431089  0.00205803
          18    0.042928   0.0430989  0.00194372
          19    0.045104   0.0432044  0.00184428
          20     0.04096   0.0430922  0.00175548
