           1      4.3664      4.3664           0
           2     4.69414     4.53027    0.115873
           3     4.76034     4.60696   0.0994406
           4     4.62273      4.6109   0.0746586
           5     4.40357     4.56943   0.0703059
           6     4.45657     4.55062    0.061053
           7     4.61763      4.5602   0.0530762
           8     4.71053     4.57899   0.0496569
           9     4.51071      4.5714   0.0447153
          10     4.40327     4.55459   0.0432894
          11     5.01836     4.59675   0.0562557
          12     4.55639     4.59338   0.0516682
          13     4.82318     4.61106   0.0506273
          14     4.78386      4.6234   0.0484923
          15     4.41678     4.60963   0.0471753
          16     4.43191     4.59852   0.0455157
          17     4.48418      4.5918   0.0433324
          18     4.20513     4.57031   0.0459422
          19     4.58256     4.57096   0.0435287
          20     4.63698     4.57426   0.0414772
