           1     0.29756     0.29756           0
           2    0.289002    0.293281  0.00302551
           3     0.28732    0.291294  0.00258857
           4    0.288368    0.290562  0.00204215
           5    0.291633    0.290776   0.0016449
           6    0.288169    0.290342    0.001427
           7    0.290318    0.290339  0.00122315
           8    0.293989    0.290795  0.00115222
           9    0.286453    0.290312  0.00112065
          10    0.291258    0.290407  0.00101256
          11    0.290361    0.290403 0.000920521
          12    0.289417    0.290321 0.000847471
          13    0.290199    0.290311 0.000782332
          14    0.293604    0.290546 0.000760982
          15    0.286852      0.2903 0.000749053
          16    0.304962    0.291217  0.00113154
          17    0.290245    0.291159  0.00106642
          18    0.292767    0.291249  0.00101091
          19    0.292168    0.291297 0.000958857
          20    0.284535    0.290959 0.000968683
