           1    0.033048    0.033048           0
           2    0.025076    0.029062  0.00281853
           3    0.025464   0.0278627  0.00211888
           4    0.029908    0.028374   0.0016497
           5    0.032396   0.0291784  0.00150314
           6    0.035176    0.030178  0.00154974
           7    0.032004   0.0304389  0.00135013
           8       0.031    0.030509  0.00118318
           9    0.030596   0.0305187  0.00105176
          10    0.031228   0.0305896 0.000948971
          11    0.037632   0.0312298  0.00105682
          12      0.0243   0.0306523  0.00111543
          13    0.026136   0.0303049  0.00108238
          14    0.043408   0.0312409  0.00135039
          15    0.030396   0.0311845  0.00126154
          16    0.023436   0.0307002  0.00127226
          17    0.040128   0.0312548  0.00131273
          18    0.029036   0.0311316  0.00124558
          19     0.03262   0.0312099  0.00118248
          20    0.019028   0.0306008  0.00127058
