           1    0.080596    0.080596           0
           2    0.075712    0.078154  0.00172675
           3    0.083336   0.0798813  0.00182053
           4    0.055944    0.073897  0.00535943
           5    0.057444   0.0706064  0.00520053
           6     0.07714   0.0716953  0.00444632
           7    0.069864   0.0714337  0.00381882
           8    0.076608   0.0720805   0.0033958
           9    0.067592   0.0715818  0.00305489
          10    0.071512   0.0715748  0.00274941
          11    0.076068   0.0719833  0.00252962
          12    0.078436    0.072521  0.00237529
          13    0.077248   0.0728846  0.00222023
          14    0.067628   0.0725091  0.00209315
          15    0.043804   0.0705955  0.00268972
          16    0.062556    0.070093  0.00256812
          17    0.081576   0.0707685  0.00250431
          18    0.071256   0.0707956  0.00236532
          19    0.067576   0.0706261   0.0022469
          20    0.074948   0.0708422  0.00214492
