           1    0.074528    0.074528           0
           2    0.052416    0.063472  0.00781777
           3    0.050788    0.059244  0.00625145
           4    0.055344    0.058269  0.00476402
           5    0.056496   0.0579144  0.00382439
           6    0.050056   0.0566047  0.00340388
           7    0.066704   0.0580474  0.00320884
           8    0.066456   0.0590985   0.0029749
           9    0.067376   0.0600182   0.0027829
          10    0.060276    0.060044  0.00250473
          11    0.072488   0.0611753  0.00251958
          12    0.069556   0.0618737  0.00240446
          13     0.06882    0.062408   0.0022781
          14    0.051448   0.0616251  0.00224587
          15    0.057092   0.0613229  0.00211638
          16     0.06758    0.061714  0.00201991
          17    0.066796   0.0620129  0.00192309
          18    0.064764   0.0621658  0.00182231
          19       0.045   0.0612623  0.00193746
          20    0.066548   0.0615266  0.00185852
