           1    0.297204    0.297204           0
           2    0.310375    0.303789   0.0046565
           3     0.31228    0.306619  0.00386995
           4     0.30328    0.305785  0.00299114
           5    0.316531    0.307934  0.00306947
           6    0.300493    0.306694  0.00279722
           7    0.312674    0.307548   0.0025247
           8    0.312952    0.308224  0.00229771
           9    0.300198    0.307332  0.00220866
          10    0.304547    0.307053  0.00200528
          11    0.315675    0.307837  0.00197022
          12    0.310206    0.308035   0.0018159
          13    0.305228    0.307819    0.001689
          14    0.317756    0.308529  0.00171101
          15    0.313125    0.308835  0.00162416
          16     0.31792    0.309403  0.00161886
          17    0.312708    0.309597  0.00153526
          18    0.304931    0.309338  0.00147169
          19    0.307145    0.309223  0.00139875
          20    0.311456    0.309334  0.00133327
