           1     1.76911     1.76911           0
           2     1.81593     1.79252   0.0165552
           3     1.77814     1.78773     0.01171
           4     1.71266     1.76896    0.018473
           5     1.70608     1.75638   0.0185724
           6      1.8558     1.77295   0.0216404
           7     1.78792     1.77509   0.0186543
           8     1.85026     1.78449   0.0185385
           9     1.78299     1.78432   0.0164794
          10     1.76493     1.78238   0.0149451
          11      1.7852     1.78264   0.0135886
          12     1.75776     1.78057   0.0126134
          13     1.81304     1.78306    0.011888
          14      1.8551     1.78821   0.0121012
          15     1.72917     1.78427   0.0119174
          16     1.72677     1.78068    0.011702
          17     1.77474     1.78033   0.0110189
          18     1.78483     1.78058   0.0104096
          19     1.72905     1.77787   0.0102089
          20     1.78002     1.77797  0.00969902
