           1    0.326452    0.326452           0
           2    0.334416    0.330434  0.00281598
           3    0.338009    0.332959  0.00278842
           4    0.327844     0.33168  0.00236648
           5    0.333295    0.332003  0.00191509
           6    0.325063    0.330846  0.00191359
           7    0.337321    0.331771  0.00185029
           8    0.330303    0.331588  0.00162809
           9    0.324844    0.330838  0.00161043
          10    0.335447    0.331299  0.00151388
          11    0.327643    0.330967  0.00141227
          12     0.33951    0.331679  0.00146304
          13    0.330366    0.331578  0.00135398
          14    0.333547    0.331718  0.00126455
          15    0.321517    0.331038   0.0013508
          16    0.336755    0.331396  0.00131278
          17    0.334859    0.331599  0.00125126
          18    0.323739    0.331163  0.00125565
          19    0.333774      0.3313  0.00119706
          20    0.325757    0.331023  0.00116885
