           1    0.379636    0.379636           0
           2    0.371996    0.375816  0.00270127
           3    0.385189     0.37894  0.00312274
           4    0.385766    0.380647  0.00276936
           5    0.368876    0.378293  0.00305654
           6    0.377874    0.378223  0.00254792
           7    0.378558    0.378271  0.00218438
           8    0.380377    0.378534  0.00192713
           9    0.375235    0.378167  0.00174751
          10    0.360585    0.376409  0.00229254
          11     0.39133    0.377766   0.0024528
          12    0.364232    0.376638  0.00249426
          13    0.387101    0.377443  0.00242877
          14    0.372033    0.377056  0.00228582
          15    0.375007     0.37692  0.00213751
          16     0.36931    0.376444  0.00205615
          17    0.372852    0.376233  0.00194602
          18    0.376223    0.376232  0.00183791
          19    0.367064     0.37575   0.0018034
          20    0.373317    0.375628  0.00171733
