1.73463
1.72911
1.72689
1.73052
1.74112
1.7577
1.77734
1.7958
1.80859
1.81204
1.80452
1.78722
1.76408
1.74011
1.71933
1.70371
1.69388
1.68998
1.69136
1.69568
1.69883
1.69636
1.68565
1.66731
1.64543
1.62643
1.61652
1.61859
1.63066
1.6475
1.6639
1.67702
1.68676
1.69459
1.70197
1.7094
1.71627
1.7215
1.72439
1.72521
1.72533
1.72642
1.7294
1.73397
1.73909
1.74348
1.74592
1.74514
1.73973
1.72821
1.70945
1.6832
1.65096
1.61707
1.58984
1.57947
1.59019
1.61499
1.64253
1.66715
1.68979
1.71306
1.7374
1.76058
1.77934
1.79113
1.79503
1.79211
1.78517
1.77788
1.77311
1.77136
1.77059
1.7676
1.75984
1.74647
1.72842
1.70782
1.68684
1.66673
1.6474
1.62805
1.60833
1.58926
1.57318
1.56274
1.55974
1.56444
1.5754
1.58976
1.60427
1.61711
1.62843
1.63936
1.65088
1.66337
1.67672
1.69023
1.70254
1.71162
1.71545
1.71299
1.70514
1.69487
1.68666
1.68485
1.69156
1.70511
1.72071
1.73321
1.73952
1.73923
1.73389
1.72623
1.71944
1.71629
1.7179
1.72315
1.72941
1.73407
1.73557
1.73363
1.72882
1.72233
1.71634
1.71459
1.72143
1.73855
1.76256
1.7867
1.80462
1.81257
1.80935
1.7958
1.77465
1.7504
1.72885
1.71533
1.71231
1.71776
1.72627
1.73212
1.73178
1.72472
1.71273
1.69839
1.68402
1.67119
1.66107
1.65511
1.65544
1.66413
1.68179
1.70662
1.73465
1.76096
1.78126
1.79295
1.79583
1.79204
1.78511
1.77847
1.77356
1.76922
1.76245
1.74999
1.72999
1.70291
1.67169
1.6407
1.6142
1.59491
1.58361
1.57965
1.58178
1.58855
1.59825
1.60896
1.619
1.62764
1.63538
1.6434
1.65288
1.6642
1.67691
1.69013
1.70309
1.71525
1.72603
1.73435
1.73887
1.73841
1.73245
1.72113
1.70497
1.68474
1.66171
1.63807
1.61723
1.60384
1.60286
1.61784
1.64872
1.6911
1.73792
1.78229
1.8193
1.84632
1.86255
1.86847
1.86529
1.85465
1.83811
1.81677
1.79109
1.76115
1.72757
1.69215
1.65822
1.63046
1.61386
1.61228
1.62696
1.65581
1.69412
1.73591
1.77507
1.80651
1.82719
1.83659
1.83634
1.82906
1.8171
1.8015
1.7818
1.75684
1.72652
1.69323
1.66212
1.63917
1.62802
1.62812
1.63608
1.64816
1.66179
1.67537
1.68779
1.69817
1.70594
1.71084
1.7129
1.71213
1.70846
1.70188
1.69316
1.68453
1.67935
1.68036
1.68787
1.69963
1.71229
1.72302
1.73009
1.73276
1.73118
1.72633
1.72003
1.71445
1.71155
1.71224
1.71616
1.72204
1.72838
1.73407
1.73855
1.74186
1.74449
1.7471
1.75033
1.75448
1.75913
1.76303
1.76418
1.76023
1.74882
1.72844
1.70023
1.66987
1.64584
1.63296
1.62899
1.62979
1.6341
1.64235
1.65347
1.66467
1.67353
1.68001
1.68683
1.69831
1.71797
1.74584
1.77767
1.80715
1.8293
1.84201
1.84582
1.84289
1.83595
1.82718
1.81771
1.80804
1.79893
1.79202
1.78916
1.79123
1.7975
1.80594
1.81402
1.81942
1.82046
1.81629
1.80686
1.79267
1.77475
1.75453
1.73354
1.71327
1.69508
1.68036
1.67072
1.66785
1.67327
1.68771
1.71051
1.73939
1.77093
1.80142
1.82773
1.84756
1.85923
1.86132
1.85287
1.83454
1.80969
1.78428
1.76455
1.7542
1.75345
1.76062
1.77383
1.79157
1.81218
1.83316
1.85102
1.86182
1.86214
1.85003
1.82582
1.79279
1.75669
1.72343
1.69616
1.67413
1.6545
1.63485
1.61466
1.59516
1.57845
1.56657
1.56076
1.56105
1.56618
1.5738
1.58112
1.58593
1.58737
1.58612
1.584
1.58326
1.5859
1.59333
1.60609
1.62356
1.644
1.66471
1.68263
1.69507
1.70028
1.69788
1.68877
1.6747
1.65765
1.6399
1.62472
1.61662
1.61882
1.62957
1.64279
1.65291
1.65834
1.66105
1.66414
1.67
1.67958
1.6925
1.70747
1.72255
1.73561
1.74487
1.74922
1.74831
1.74226
1.73153
1.71702
1.70015
1.68291
1.66762
1.6564
1.65044
1.64954
1.65233
1.65699
1.66217
1.66751
1.67324
1.679
1.68329
1.68429
1.68146
1.67617
1.67107
1.66891
1.67128
1.67787
1.68638
1.69346
1.69601
1.69204
1.68108
1.66415
1.64363
1.62313
1.60719
1.60039
1.60557
1.62232
1.64693
1.67405
1.69886
1.71819
1.73052
1.73523
1.73218
1.7222
1.70779
1.69253
1.67914
1.66861
1.66106
1.65697
1.6568
1.65953
1.66263
1.66342
1.66031
1.65321
1.64328
1.63239
1.62267
1.61579
1.61236
1.61163
1.61181
1.61097
1.6078
1.60194
1.59407
1.58575
1.57895
1.5759
1.57909
1.591
1.61246
1.64127
1.67216
1.69889
1.71667
1.72373
1.72142
1.7133
1.70367
1.69607
1.69201
1.69122
1.69282
1.69673
1.70392
1.71519
1.72984
1.74511
1.75699
1.76158
1.75605
1.73917
1.71138
1.67478
1.63302
1.59117
1.55526
1.53102
1.5223
1.5296
1.54985
1.57755
1.60668
1.63243
1.65183
1.66339
1.66647
1.6607
1.64625
1.62447
1.59857
1.57351
1.55516
1.54917
1.55954
1.58682
1.62711
1.67317
1.71733
1.75395
1.78029
1.79591
1.80202
1.80082
1.79532
1.78883
1.7842
1.78325
1.78629
1.79236
1.79964
1.8058
1.80836
1.80524
1.79518
1.77804
1.7546
1.72636
1.69532
1.66372
1.63424
1.61007
1.59469
1.59026
1.59607
1.60879
1.62446
1.64044
1.65592
1.67133
1.68734
1.70412
1.72095
1.73623
1.74772
1.75291
1.7494
1.7356
1.71129
1.67815
1.63992
1.60142
1.56691
1.53853
1.51592
1.49782
1.48435
1.47854
1.48527
1.50745
1.54266
1.58348
1.62163
1.65153
1.6712
1.68128
1.68372
1.68106
1.67605
1.67115
1.66772
1.66537
1.6624
1.65741
1.65055
1.64336
1.63735
1.63299
1.63019
1.62907
1.62973
1.63147
1.63279
1.63234
1.62978
1.6257
1.62096
1.61598
1.6105
1.60405
1.59706
1.59156
1.59118
1.59997
1.6203
1.65121
1.68876
1.72821
1.76599
1.80034
1.83062
1.85634
1.87663
1.89031
1.8962
1.89359
1.88253
1.86407
1.84023
1.81374
1.78745
1.76369
1.74395
1.72855
1.71695
1.70825
1.70189
1.69778
1.69588
1.6953
1.69421
1.69057
1.68307
1.6716
1.65695
1.64039
1.62321
1.60676
1.59278
1.58347
1.58145
1.5891
1.60761
1.63584
1.66973
1.70324
1.73036
1.74715
1.75283
1.74953
1.7412
1.73205
1.72544
1.72291
1.72394
1.72621
1.72675
1.7231
1.71409
1.70009
1.68269
1.66424
1.64739
1.6343
1.62617
1.62304
1.62404
1.62789
1.63331
1.63937
1.64555
1.65188
1.65907
1.66836
1.68084
1.6967
1.71474
1.73289
1.74897
1.76137
1.76933
1.77313
1.77379
1.77282
1.77154
1.7706
1.76991
1.76897
1.76748
1.76533
1.76217
1.7574
1.75055
1.74186
1.73299
1.72723
1.72849
1.73867
1.7558
1.77521
1.79229
1.80444
1.81107
1.81299
1.81161
1.80846
1.80473
1.8011
1.79752
1.79339
1.78763
1.77873
1.7649
1.74509
1.72057
1.69589
1.67657
1.66468
1.65779
1.65249
1.6476
1.64372
1.64164
1.64145
1.64225
1.64214
1.63882
1.63097
1.61984
1.60934
1.60389
1.60573
1.614
1.62634
1.64097
1.6577
1.6774
1.70076
1.72694
1.75298
1.77418
1.78559
1.784
1.76954
1.74605
1.71956
1.69541
1.6764
1.66316
1.65573
1.6543
1.6588
1.66831
1.68109
1.69504
1.70831
1.71964
1.72831
1.73394
1.7363
1.73524
1.73045
1.72151
1.70798
1.68983
1.66801
1.64463
1.62239
1.60391
1.59118
1.58566
1.58889
1.60274
1.62831
1.66373
1.70342
1.74015
1.7682
1.78471
1.78948
1.78379
1.76962
1.74927
1.72568
1.70283
1.68542
1.6773
1.67961
1.6904
1.70591
1.72196
1.73471
1.74109
1.73924
1.72897
1.71183
1.69094
1.67015
1.6527
1.64
1.63135
1.62486
1.61869
1.61197
1.60502
1.59911
1.59583
1.59655
1.60191
1.61159
1.62429
1.63778
1.64928
1.65631
1.65761
1.65385
1.64723
1.64037
1.63516
1.63283
1.63484
1.64311
1.65934
1.68388
1.71481
1.74827
1.77949
1.80397
1.81866
1.82251
1.8165
1.80319
1.78593
1.76812
1.75274
1.74185
1.73632
1.73606
1.74054
1.74904
1.76031
1.77214
1.78125
1.78379
1.77648
1.75807
1.73059
1.69872
1.66691
1.63709
1.60959
1.58574
1.56851
1.56073
1.56312
1.57375
1.5894
1.60766
1.62792
1.65045
1.67419
1.69519
1.7081
1.71017
1.7046
1.69913
1.69963
1.7053
1.71126
1.7138
1.71159
1.70411
1.69137
1.67513
1.6595
1.64891
1.6447
1.64464
1.64591
1.64747
1.65012
1.65491
1.66184
1.66953
1.67561
1.67742
1.67306
1.66241
1.64784
1.63402
1.62637
1.62865
1.64118
1.66091
1.68306
1.70308
1.71781
1.7255
1.72545
1.71769
1.70295
1.68345
1.66356
1.64903
1.64398
1.64831
1.65828
1.669
1.6765
1.67845
1.67416
1.66452
1.65151
1.63771
1.62547
1.61661
1.61234
1.61325
1.61866
1.62645
1.63383
1.63874
1.64053
1.6397
1.63723
1.63388
1.63
1.62554
1.6205
1.61519
1.61055
1.60761
1.60698
1.60834
1.61062
1.61269
1.61408
1.61532
1.61756
1.62174
1.62789
1.63519
1.64245
1.64862
1.65299
1.655
1.65396
1.64915
1.64057
1.62994
1.621
1.61826
1.62472
1.64048
1.66311
1.68896
1.71432
1.73594
1.75127
1.75897
1.75924
1.75372
1.74476
1.73439
1.72388
1.71383
1.70457
1.69627
1.68888
1.6824
1.67731
1.67415
1.67232
1.66949
1.66283
1.65141
1.63756
1.62583
1.6201
1.62156
1.6288
1.63915
1.64984
1.65893
1.66589
1.67171
1.67847
1.68845
1.70324
1.72328
1.74784
1.7752
1.8029
1.82824
1.84873
1.8626
1.86907
1.86829
1.86084
1.84725
1.82785
1.80337
1.77563
1.74794
1.72408
1.70655
1.69584
1.69135
1.69244
1.69848
1.70855
1.72148
1.7358
1.75006
1.76331
1.7758
1.7885
1.8016
1.81345
1.82128
1.82309
1.81836
1.8073
1.79026
1.76793
1.74194
1.71484
1.68959
1.66865
1.65329
1.64336
1.63723
1.63255
1.62694
1.61867
1.60707
1.5927
1.5773
1.56341
1.55336
1.54801
1.54613
1.54505
1.54211
1.53603
1.52773
1.5203
1.5181
1.52495
1.54212
1.56764
1.59737
1.62692
1.65306
1.67437
1.69108
1.70471
1.71781
1.73338
1.75388
1.77977
1.80901
1.83756
1.86036
1.87217
1.86835
1.84587
1.80503
1.75138
1.69576
1.65066
1.6237
1.61415
1.61587
1.62277
1.63155
1.6413
1.65218
1.66457
1.67873
1.69463
1.7118
1.72937
1.74633
1.76172
1.77475
1.78469
1.79099
1.79345
1.79256
1.78952
1.78598
1.78356
1.78336
1.78567
1.79003
1.79531
1.79975
1.80104
1.7965
1.78399
1.76313
1.7366
1.71014
1.69071
1.6833
1.6887
1.70337
1.72144
1.7369
1.74495
1.74256
1.72873
1.70447
1.67246
1.63661
1.60152
1.57205
1.5527
1.5468
1.55518
1.57524
1.60138
1.62711
1.64717
1.65907
1.66316
1.66186
1.65819
1.6547
1.65304
1.65413
1.6582
1.66462
1.6719
1.67817
1.68213
1.68361
1.6838
1.68496
1.68956
1.6993
1.71419
1.73228
1.75014
1.76411
1.77169
1.77235
1.7674
1.75905
1.74914
1.7385
1.72747
1.71702
1.70908
1.70573
1.70809
1.71578
1.72706
1.7393
1.74971
1.75588
1.7562
1.75033
1.73933
1.72582
1.71326
1.70469
1.70117
1.70119
1.70137
1.69817
1.68942
1.67501
1.65664
1.6369
1.61819
1.60227
1.59015
1.58203
1.5769
1.57263
1.56677
1.55802
1.54747
1.53833
1.53447
1.53842
1.5506
1.56993
1.59448
1.62175
1.64858
1.67151
1.68746
1.69504
1.69569
1.69409
1.69637
1.7065
1.72347
1.74221
1.75708
1.76437
1.76293
1.7536
1.73859
1.72068
1.70261
1.68664
1.67447
1.6672
1.66529
1.66841
1.67547
1.6849
1.695
1.70433
1.71179
1.71661
1.71828
1.71667
1.71203
1.70529
1.69821
1.69322
1.69237
1.69601
1.70205
1.70668
1.70605
1.69765
1.68081
1.65648
1.62678
1.59462
1.56316
1.53542
1.51383
1.49999
1.49443
1.49652
1.50469
1.51682
1.53074
1.54451
1.55661
1.56593
1.57173
1.57362
1.57198
1.56836
1.56541
1.56618
1.57248
1.58386
1.59799
1.61263
1.62713
1.64236
1.65956
1.67918
1.70047
1.72189
1.74197
1.75978
1.77503
1.78765
1.79742
1.80383
1.80607
1.80344
1.7957
1.78316
1.76679
1.74799
1.72849
1.71045
1.69663
1.69031
1.69398
1.70769
1.72836
1.75132
1.77256
1.78967
1.80163
1.8082
1.80986
1.8079
1.80436
1.80114
1.79876
1.79607
1.79144
1.78415
1.77505
1.76608
1.75932
1.7562
1.75701
1.76112
1.76742
1.77478
1.78251
1.79045
1.79881
1.80754
1.81573
1.82113
1.82048
1.81045
1.78874
1.75502
1.71119
1.661
1.60924
1.56075
1.51964
1.48876
1.4692
1.46028
1.46011
1.46629
1.47637
1.48805
1.49944
1.50928
1.51692
1.5222
1.52529
1.52704
1.52947
1.53566
1.54881
1.57062
1.60042
1.63549
1.67195
1.70579
1.73341
1.7521
1.76056
1.75949
1.75183
1.74228
1.73561
1.73466
1.73919
1.74669
1.754
1.75865
1.75941
1.7561
1.74923
1.73963
1.72822
1.71577
1.70294
1.6903
1.67828
1.66698
1.65598
1.64443
1.63144
1.61662
1.60031
1.58357
1.56775
1.55395
1.5425
1.53296
1.52438
1.51612
1.50858
1.5038
1.50572
1.51942
1.54853
1.59178
1.64224
1.69067
1.72969
1.75571
1.76847
1.76986
1.7631
1.75211
1.74053
1.73068
1.72287
1.71598
1.70863
1.70026
1.69169
1.68469
1.68115
1.68229
1.68837
1.69874
1.71175
1.72461
1.73379
1.73628
1.73072
1.71808
1.70119
1.68351
1.66781
1.65521
1.64498
1.63535
1.62483
1.61351
1.6034
1.59768
1.59922
1.60937
1.6277
1.65235
1.68062
1.70952
1.7363
1.75859
1.77439
1.78189
1.77968
1.76739
1.74656
1.72075
1.69461
1.67243
1.65703
1.6495
1.64922
1.65431
1.66252
1.6723
1.68295
1.69408
1.70513
1.7153
1.72367
1.72909
1.73022
1.7257
1.71497
1.69868
1.67875
1.65781
1.63834
1.62222
1.61076
1.60497
1.6054
1.61131
1.62029
1.62887
1.63391
1.63389
1.62918
1.62135
1.61215
1.60269
1.59318
1.5832
1.57252
1.56166
1.55208
1.54593
1.54544
1.55227
1.5669
1.58834
1.61456
1.64295
1.67082
1.69559
1.71492
1.727
1.73099
1.72714
1.71673
1.70167
1.68427
1.66719
1.65341
1.64565
1.64518
1.65119
1.66118
1.67252
1.68364
1.69432
1.70488
1.71518
1.72402
1.72933
1.72898
1.72165
1.7075
1.68832
1.66725
1.64806
1.63377
1.62567
1.62304
1.6239
1.62607
1.62802
1.62911
1.62934
1.62886
1.62728
1.62361
1.617
1.60785
1.59804
1.58996
1.58494
1.58258
1.58107
1.57802
1.57135
1.56009
1.54552
1.53207
1.5271
1.5381
1.56818
1.61397
1.66778
1.72154
1.76908
1.80665
1.83255
1.84656
1.84949
1.8426
1.82722
1.80433
1.77434
1.73721
1.69317
1.64391
1.59394
1.55107
1.52477
1.52207
1.54325
1.58098
1.62392
1.66189
1.68865
1.70186
1.70172
1.68985
1.66891
1.64243
1.61438
1.5883
1.56649
1.54975
1.53806
1.53148
1.53058
1.53634
1.54924
1.56853
1.59181
1.61589
1.63805
1.65701
1.67304
1.68716
1.70009
1.71176
1.72148
1.72829
1.73105
1.72836
1.71869
1.7009
1.675
1.64276
1.60764
1.5737
1.54418
1.52089
1.50475
1.49666
1.49773
1.50842
1.52795
1.55452
1.58597
1.62009
1.6547
1.68768
1.71716
1.74176
1.76069
1.77378
1.78136
1.78429
1.78382
1.78146
1.77867
1.77643
1.77491
1.77348
1.77086
1.76559
1.75652
1.74312
1.72588
1.70614
1.68592
1.66732
1.65212
1.64185
1.63763
1.64012
1.64925
1.66389
1.68174
1.69959
1.71411
1.7227
1.7239
1.71784
1.70617
1.69179
1.67803
1.66799
1.66387
1.66647
1.67501
1.68739
1.70083
1.71269
1.72115
1.72538
1.72546
1.72207
1.71635
1.70963
1.70321
1.69805
1.69467
1.69299
1.69242
1.69211
1.69122
1.68863
1.68289
1.6729
1.65909
1.64361
1.62964
1.62004
1.61646
1.61932
1.62827
1.64261
1.66124
1.68229
1.70311
1.72073
1.73301
1.73955
1.74197
1.74327
1.74634
1.75267
1.76172
1.77131
1.779
1.7832
1.78347
1.7803
1.77449
1.76668
1.75714
1.74585
1.73282
1.71835
1.70324
1.68873
1.67636
1.66766
1.66375
1.6651
1.67155
1.68234
1.6959
1.70969
1.72032
1.7246
1.72043
1.70738
1.68672
1.66102
1.63357
1.60774
1.58612
1.57019
1.56036
1.55609
1.55595
1.55789
1.56006
1.56121
1.56042
1.55704
1.55106
1.54349
1.536
1.53024
1.52722
1.52717
1.53016
1.53659
1.54739
1.56364
1.58567
1.61243
1.64173
1.67096
1.69781
1.72066
1.73866
1.75154
1.75956
1.7632
1.7631
1.75987
1.75416
1.74659
1.73774
1.72822
1.71863
1.70968
1.70237
1.69826
1.69937
1.70758
1.72345
1.74531
1.76939
1.79096
1.80574
1.811
1.80602
1.79204
1.77187
1.74929
1.72829
1.71207
1.7022
1.69836
1.69881
1.70124
1.7036
1.70467
1.70399
1.7017
1.69811
1.69358
1.68864
1.68428
1.68177
1.68208
1.68511
1.68999
1.69641
1.7054
1.71802
1.73369
1.74974
1.76273
1.76989
1.76991
1.76305
1.75094
1.73609
1.72124
1.70893
1.70116
1.69918
1.70321
1.7126
1.72624
1.74273
1.76055
1.77787
1.79272
1.80337
1.80892
1.8097
1.80704
1.8025
1.79698
1.79045
1.7823
1.77153
1.75686
1.73725
1.71268
1.68483
1.65717
1.63396
1.61883
1.61351
1.61732
1.62754
1.64041
1.65236
1.66108
1.66592
1.66778
1.66835
1.66936
1.67188
1.67584
1.67977
1.68118
1.67761
1.66797
1.65342
1.6374
1.62453
1.61915
1.62407
1.6396
1.66304
1.68905
1.71175
1.72713
1.73422
1.73467
1.73158
1.72806
1.72634
1.72752
1.73207
1.74011
1.75122
1.76406
1.77621
1.78482
1.78767
1.78421
1.77573
1.76475
1.75375
1.74416
1.73608
1.72858
1.72039
1.7106
1.69939
1.68824
1.67901
1.6726
1.66904
1.66912
1.67494
1.68764
1.70472
1.7205
1.73025
1.73358
1.73425
1.73686
1.74351
1.75333
1.76413
1.77385
1.78097
1.78451
1.78402
1.77953
1.77126
1.75954
1.74493
1.72859
1.71232
1.69838
1.68876
1.68445
1.68507
1.68876
1.69286
1.69528
1.69563
1.69525
1.69578
1.69756
1.69931
1.69917
1.69637
1.69194
1.68797
1.68597
1.68582
1.68619
1.68556
1.68316
1.67907
1.6741
1.66928
1.66566
1.66389
1.66421
1.66647
1.67019
1.67459
1.67849
1.68043
1.67895
1.67303
1.66282
1.6505
1.64062
1.63882
1.64868
1.66896
1.69415
1.71776
1.73518
1.7444
1.74546
1.73967
1.72914
1.71627
1.70323
1.69128
1.6808
1.67167
1.66359
1.65613
1.64887
1.64186
1.63593
1.63211
1.63064
1.63042
1.62998
1.6285
1.62634
1.62436
1.62318
1.62261
1.62166
1.61914
1.61416
1.60632
1.59551
1.58166
1.56484
1.54595
1.52742
1.51328
1.50807
1.51506
1.53514
1.56671
1.6067
1.65156
1.69782
1.74225
1.78186
1.81407
1.83673
1.84816
1.84717
1.83321
1.8069
1.77084
1.72998
1.69129
1.662
1.64728
1.64847
1.66306
1.68619
1.71265
1.73852
1.76176
1.78173
1.79818
1.8108
1.81912
1.82271
1.8215
1.81587
1.80673
1.7956
1.78455
1.77591
1.77167
1.77266
1.77783
1.78431
1.78836
1.78673
1.77752
1.7605
1.73685
1.7088
1.67909
1.65059
1.62583
1.60695
1.59583
1.594
1.60207
1.61924
1.64318
1.67044
1.69676
1.71739
1.72797
1.7269
1.71873
1.71374
1.71866
1.72811
1.7307
1.71998
1.69681
1.66562
1.6312
1.59751
1.56784
1.54556
1.53393
1.53525
1.54959
1.57441
1.60553
1.63841
1.66919
1.69505
1.7142
1.72585
1.73002
1.7276
1.72013
1.70956
1.6979
1.68681
1.67715
1.669
1.66189
1.65511
1.64795
1.63974
1.6301
1.61905
1.60713
1.59504
1.58329
1.57187
1.56061
1.54972
1.54021
1.53363
1.53124
1.53318
1.53804
1.54357
1.54822
1.55283
1.56094
1.57725
1.6044
1.64047
1.67921
1.71278
1.73459
1.7408
1.73046
1.70507
1.66827
1.62579
1.58499
1.55345
1.53603
1.53198
1.53532
1.53902
1.54005
1.54081
1.54632
1.55959
1.57965
1.60348
1.62833
1.65246
1.67461
1.69347
1.70757
1.71548
1.71618
1.70931
1.69545
1.6762
1.6538
1.63076
1.60946
1.59196
1.58024
1.57604
1.57995
1.59015
1.60245
1.61232
1.6175
1.61931
1.62211
1.63133
1.65098
1.68141
1.71848
1.75522
1.78459
1.80189
1.80549
1.79663
1.77855
1.75528
1.73054
1.70693
1.6857
1.66676
1.64928
1.63265
1.61739
1.60518
1.59827
1.59872
1.60758
1.62441
1.64698
1.6716
1.69388
1.70985
1.717
1.71487
1.70494
1.69016
1.67424
1.66091
1.65316
1.65252
1.65841
1.66836
1.67865
1.68555
1.68622
1.67943
1.66547
1.64594
1.62334
1.60049
1.58011
1.56446
1.55504
1.55259
1.55707
1.56783
1.58383
1.60367
1.62563
1.64787
1.66855
1.68613
1.69941
1.70784
1.71166
1.71179
1.70952
1.70599
1.7016
1.69597
1.68854
1.67966
1.67065
1.66229
1.65311
1.63991
1.62044
1.59527
1.56788
1.54319
1.52573
1.51838
1.52205
1.53621
1.5595
1.59015
1.62592
1.66415
1.70203
1.73699
1.76724
1.79201
1.81147
1.82609
1.8362
1.84146
1.84097
1.83375
1.81923
1.7976
1.77009
1.73903
1.70774
1.68004
1.65959
1.64895
1.64859
1.65636
1.6682
1.67993
1.68889
1.69415
1.69556
1.69289
1.6858
1.67453
1.6604
1.64543
1.63088
1.61636
1.60038
1.58268
1.56616
1.55647
1.55893
1.57479
1.60073
1.63204
1.66546
1.69939
1.73259
1.76325
1.78893
1.8071
1.81571
1.81368
1.80129
1.78038
1.75444
1.72824
1.70675
1.69309
1.68711
1.68588
1.68576
1.68465
1.68257
1.68073
1.68058
1.68307
1.68842
1.69649
1.70786
1.72399
1.74505
1.7682
1.78912
1.80482
1.81466
1.8194
1.82007
1.81747
1.8125
1.80646
1.80058
1.79508
1.78901
1.78072
1.76866
1.75178
1.72973
1.70303
1.67311
1.64209
1.61234
1.58637
1.56682
1.55597
1.5547
1.56187
1.57473
1.59003
1.60525
1.61897
1.63074
1.64078
1.64939
1.65653
1.66177
1.66466
1.66515
1.66377
1.66161
1.66056
1.66311
1.6715
1.68645
1.70647
1.72819
1.74773
1.76183
1.76867
1.76797
1.76096
1.74974
1.73643
1.72258
1.70902
1.69604
1.68387
1.67302
1.66439
1.65917
1.65845
1.66264
1.67097
1.68154
1.69208
1.70121
1.70924
1.71803
1.72966
1.74473
1.76142
1.77619
1.78535
1.78665
1.78022
1.76878
1.75711
1.75032
1.75163
1.76089
1.77481
1.78874
1.79865
1.80214
1.79862
1.78874
1.77385
1.75555
1.73536
1.7147
1.69484
1.67692
1.66194
1.65084
1.64454
1.64368
1.64841
1.65813
1.67162
1.6874
1.70414
1.72067
1.73571
1.74772
1.75525
1.75776
1.75584
1.75076
1.74375
1.73533
1.72557
1.71445
1.70209
1.68893
1.67603
1.66559
1.66049
1.6629
1.67281
1.68792
1.70498
1.72137
1.73539
1.74576
1.75112
1.75012
1.74212
1.72774
1.70865
1.68686
1.66371
1.63975
1.61578
1.59372
1.57623
1.56505
1.55995
1.55905
1.56023
1.56219
1.56463
1.56757
1.57078
1.57365
1.57579
1.57771
1.58052
1.58494
1.59051
1.59591
1.60016
1.60341
1.60668
1.61082
1.6159
1.62147
1.6273
1.63411
1.64319
1.65522
1.66955
1.6843
1.69712
1.70597
1.70933
1.70619
1.69606
1.67925
1.65746
1.63414
1.61412
1.60229
1.60158
1.612
1.63132
1.65672
1.6858
1.71647
1.74616
1.77173
1.78978
1.79752
1.7934
1.77761
1.75219
1.72097
1.68905
1.662
1.64464
1.63988
1.64803
1.66673
1.69133
1.71571
1.73347
1.73943
1.73095
1.70901
1.67869
1.64815
1.62571
1.61622
1.6195
1.6318
1.64853
1.66606
1.6823
1.69619
1.70697
1.71364
1.7149
1.70928
1.69577
1.67447
1.64756
1.61973
1.59734
1.58599
1.58776
1.60032
1.61852
1.63706
1.65253
1.66395
1.67211
1.67848
1.68429
1.69022
1.69661
1.70381
1.71235
1.72277
1.7353
1.74961
1.76469
1.77918
1.79171
1.8012
1.80702
1.80886
1.80668
1.80078
1.79195
1.78154
1.77144
1.76376
1.7605
1.76292
1.77079
1.78182
1.79211
1.79776
1.79668
1.79004
1.78202
1.77713
1.77662
1.77805
1.77827
1.77599
1.77183
1.76715
1.76299
1.75969
1.75697
1.75422
1.75077
1.74611
1.73994
1.73232
1.72384
1.71582
1.71014
1.70869
1.71253
1.72133
1.73343
1.74641
1.75776
1.76525
1.76721
1.76247
1.75036
1.73086
1.70485
1.67426
1.64215
1.61223
1.58824
1.57307
1.56801
1.5723
1.58336
1.59738
1.61051
1.62003
1.6251
1.62681
1.62746
1.62933
1.63372
1.64071
1.64973
1.66021
1.67187
1.68462
1.69861
1.71407
1.73107
1.74918
1.76728
1.78352
1.79569
1.80179
1.80043
1.79095
1.77339
1.74825
1.71676
1.68147
1.6467
1.61754
1.59734
1.58577
1.57992
1.57728
1.57772
1.58286
1.59431
1.6122
1.63484
1.65951
1.6834
1.70434
1.72098
1.73256
1.73891
1.74039
1.73805
1.73363
1.72953
1.72809
1.73058
1.73643
1.74325
1.74791
1.74784
1.742
1.7312
1.71809
1.70655
1.70016
1.70006
1.70397
1.70725
1.70539
1.69583
1.67873
1.65709
1.63634
1.62283
1.62099
1.63101
1.64922
1.67062
1.69117
1.70871
1.72292
1.7345
1.74422
1.75197
1.75683
1.75814
1.75646
1.75336
1.75017
1.74713
1.74313
1.73603
1.72328
1.70263
1.67312
1.63587
1.5949
1.5568
1.52887
1.51627
1.51986
1.53618
1.55938
1.58372
1.60505
1.62118
1.63139
1.636
1.63599
1.63276
1.62768
1.62176
1.61532
1.6082
1.60019
1.59167
1.58402
1.57986
1.58274
1.59581
1.61962
1.65071
1.68273
1.7093
1.72603
1.7311
1.72519
1.71115
1.69356
1.67769
1.66774
1.6655
1.67006
1.67854
1.68731
1.69284
1.69246
1.68473
1.66954
1.64795
1.62209
1.59511
1.57089
1.55346
1.54584
1.549
1.5617
1.58131
1.60477
1.62911
1.65163
1.67022
1.68382
1.69243
1.69699
1.69912
1.70057
1.70275
1.70612
1.7102
1.71368
1.7152
1.714
1.71027
1.70498
1.69918
1.69359
1.68868
1.68521
1.68437
1.68745
1.69499
1.70624
1.719
1.73032
1.73733
1.73808
1.73192
1.71924
1.70092
1.67799
1.65198
1.62549
1.6025
1.58733
1.58245
1.58649
1.5946
1.60113
1.60237
1.59797
1.59097
1.58629
1.58818
1.59815
1.61422
1.63215
1.64753
1.65727
1.66027
1.6574
1.65129
1.64558
1.64361
1.64687
1.65451
1.66417
1.6736
1.68169
1.68843
1.6944
1.70025
1.70643
1.713
1.71924
1.72345
1.72342
1.71762
1.70623
1.69126
1.67552
1.66151
1.65069
1.6437
1.64077
1.64168
1.64555
1.65066
1.65486
1.65628
1.65385
1.64762
1.63871
1.62917
1.62149
1.6181
1.62061
1.62931
1.6429
1.65885
1.67422
1.68673
1.6953
1.69996
1.70141
1.70048
1.69765
1.69309
1.68714
1.68083
1.6759
1.67417
1.67679
1.6837
1.6938
1.70567
1.71801
1.72982
1.74003
1.74722
1.74961
1.74569
1.7348
1.71753
1.69545
1.67065
1.64495
1.6194
1.5944
1.57015
1.54731
1.5272
1.51153
1.50192
1.49945
1.50422
1.51515
1.53025
1.54731
1.56457
1.58092
1.59573
1.60855
1.61915
1.62779
1.63536
1.64305
1.65147
1.65996
1.66671
1.66959
1.66724
1.65969
1.64836
1.63533
1.62253
1.61126
1.60224
1.59578
1.59188
1.59032
1.59085
1.59358
1.59908
1.60813
1.62124
1.63839
1.65898
1.68179
1.70495
1.72612
1.74286
1.75298
1.75497
1.7485
1.73515
1.71891
1.70575
1.70141
1.70817
1.72336
1.74121
1.75598
1.76407
1.76452
1.75846
1.74835
1.73718
1.72747
1.72051
1.71606
1.71295
1.70976
1.70542
1.69938
1.69145
1.68192
1.67161
1.66227
1.65642
1.65664
1.66466
1.68064
1.70312
1.72949
1.75669
1.78173
1.80199
1.81522
1.81967
1.81413
1.79811
1.77191
1.73674
1.69491
1.65007
1.60718
1.57192
1.54919
1.54139
1.54743
1.56356
1.58535
1.6094
1.63355
1.65624
1.67561
1.68959
1.69652
1.69596
1.68904
1.67824
1.66687
1.65831
1.65505
1.65825
1.6679
1.68263
1.69924
1.71336
1.72146
1.72223
1.71641
1.70578
1.69212
1.6766
1.65982
1.64221
1.62455
1.60802
1.59382
1.58293
1.57593
1.57291
1.57349
1.57687
1.5821
1.58828
1.59483
1.60148
1.60835
1.61592
1.625
1.63649
1.65116
1.66918
1.6899
1.71183
1.73321
1.75273
1.77003
1.78544
1.79939
1.81176
1.82161
1.82725
1.82696
1.81956
1.80487
1.78409
1.75982
1.73574
1.71555
1.70126
1.69186
1.68389
1.67387
1.66058
1.64608
1.63481
1.63113
1.63681
1.65024
1.66775
1.6858
1.70224
1.71633
1.72779
1.73619
1.74126
1.74349
1.74412
1.74453
1.74553
1.74716
1.74897
1.75068
1.7524
1.75439
1.7563
1.75664
1.75327
1.74445
1.73035
1.71421
1.70218
1.70085
1.71286
1.73479
1.75958
1.78062
1.79376
1.79703
1.78997
1.77344
1.74954
1.72134
1.69247
1.66676
1.64816
1.63983
1.64233
1.65278
1.66699
1.68291
1.70112
1.72206
1.74358
1.76186
1.77342
1.77642
1.77034
1.75581
1.73439
1.70858
1.68162
1.65696
1.63742
1.62437
1.61748
1.61525
1.61583
1.61768
1.6199
1.6219
1.62278
1.62099
1.6147
1.60266
1.58541
1.56622
1.55088
1.54571
1.5544
1.57629
1.60711
1.64145
1.67491
1.70512
1.73139
1.75339
1.77004
1.77929
1.77906
1.76874
1.75006
1.72677
1.70317
1.68251
1.66637
1.65519
1.64899
1.64759
1.65032
1.65596
1.66313
1.67102
1.67961
1.68944
1.70126
1.71565
1.73271
1.7515
1.76953
1.78297
1.78784
1.78167
1.76451
1.73921
1.71052
1.68367
1.66292
1.651
1.64909
1.65679
1.67187
1.69092
1.71044
1.72769
1.74106
1.74971
1.75323
1.75172
1.74595
1.73756
1.72891
1.72259
1.72055
1.72366
1.73162
1.74307
1.75593
1.76775
1.77614
1.77938
1.7767
1.76849
1.75616
1.74188
1.72835
1.71811
1.71278
1.71231
1.71505
1.71856
1.72049
1.71916
1.71384
1.70486
1.69372
1.6832
1.67708
1.67923
1.69184
1.71413
1.74251
1.77183
1.79711
1.81475
1.82315
1.82278
1.81577
1.80486
1.79222
1.77837
1.76218
1.74191
1.71671
1.68788
1.65885
1.63381
1.61579
1.60558
1.60245
1.60529
1.61307
1.62427
1.63646
1.64709
1.65463
1.65915
1.66173
1.66325
1.66367
1.6623
1.65866
1.65304
1.64653
1.64065
1.63692
1.63635
1.63903
1.6442
1.65073
1.65754
1.66379
1.66884
1.67191
1.67186
1.66723
1.65672
1.64006
1.61866
1.59577
1.57587
1.56348
1.56131
1.56884
1.58259
1.59805
1.61183
1.62321
1.63453
1.6497
1.67093
1.69608
1.71981
1.73713
1.7459
1.74686
1.74216
1.73366
1.72178
1.70549
1.68313
1.65371
1.61823
1.58103
1.54996
1.53333
1.53536
1.55453
1.58605
1.6246
1.66513
1.70341
1.73648
1.76289
1.78245
1.79565
1.8031
1.80555
1.80401
1.79965
1.79356
1.78635
1.77782
1.76699
1.75238
1.73258
1.70688
1.67564
1.64017
1.60242
1.56463
1.5292
1.49865
1.47585
1.46355
1.46313
1.47288
1.48877
1.50728
1.52736
1.54992
1.57594
1.605
1.63491
1.66268
1.68572
1.70238
1.71198
1.71466
1.71167
1.70592
1.70153
1.70227
1.70973
1.72283
1.73883
1.75494
1.76922
1.78072
1.78912
1.79429
1.79604
1.79423
1.789
1.7807
1.76964
1.75597
1.73974
1.72131
1.70156
1.68169
1.66282
1.64587
1.63162
1.62086
1.61436
1.61222
1.6134
1.61612
1.61982
1.62608
1.63657
1.64985
1.66176
1.66881
1.67
1.666
1.65778
1.64628
1.63294
1.6203
1.61159
1.60893
1.61194
1.61814
1.62469
1.62984
1.63327
1.63566
1.63768
1.6393
1.6397
1.63813
1.63489
1.63141
1.62955
1.63036
1.63359
1.63803
1.64242
1.64629
1.65018
1.65513
1.66197
1.67071
1.68044
1.68973
1.69716
1.70171
1.70295
1.70102
1.69634
1.68933
1.68024
1.66931
1.65717
1.64527
1.63586
1.6313
1.63305
1.64099
1.65348
1.66787
1.68131
1.69111
1.69507
1.69169
1.68037
1.66174
1.6379
1.61225
1.58863
1.57019
1.55838
1.55267
1.55062
1.54929
1.54762
1.54755
1.55231
1.56326
1.57932
1.59884
1.6208
1.64425
1.66742
1.68783
1.70285
1.7104
1.70933
1.69986
1.68389
1.66489
1.6465
1.63057
1.61692
1.60566
1.59897
1.59984
1.60855
1.62186
1.6353
1.64567
1.6514
1.65156
1.64554
1.63435
1.62249
1.61747
1.62529
1.64511
1.66953
1.69046
1.70369
1.70941
1.71003
1.70804
1.70471
1.70005
1.69371
1.68612
1.67895
1.67436
1.67372
1.67681
1.68175
1.68592
1.68691
1.6833
1.67518
1.66421
1.65293
1.64331
1.63584
1.62996
1.62521
1.62163
1.6195
1.61906
1.6207
1.62528
1.63421
1.64866
1.66867
1.69259
1.71742
1.73984
1.75738
1.769
1.77485
1.7758
1.77289
1.76702
1.75885
1.74885
1.73736
1.72455
1.71038
1.69478
1.67806
1.66125
1.64602
1.63419
1.62697
1.62451
1.62592
1.62962
1.63399
1.63777
1.64023
1.64116
1.64073
1.63931
1.6374
1.63548
1.63399
1.6332
1.63324
1.63428
1.63672
1.64134
1.649
1.66028
1.67516
1.693
1.71261
1.73237
1.75027
1.76409
1.77158
1.77065
1.7597
1.73804
1.70702
1.67132
1.63892
1.61741
1.60861
1.60811
1.61042
1.61316
1.61659
1.62123
1.62652
1.63156
1.63609
1.64063
1.6459
1.65227
1.65975
1.66835
1.67818
1.68895
1.69964
1.70878
1.71489
1.71696
1.71435
1.70701
1.69598
1.68405
1.67559
1.67503
1.68439
1.70189
1.72314
1.74346
1.75936
1.76865
1.77009
1.76324
1.74842
1.72655
1.69902
1.66756
1.6342
1.60125
1.5713
1.54712
1.53151
1.52645
1.53206
1.54587
1.56359
1.58074
1.59424
1.60289
1.60704
1.6079
1.60686
1.60495
1.60245
1.59893
1.59338
1.58475
1.57223
1.55549
1.53526
1.51423
1.49752
1.49044
1.49436
1.50527
1.5173
1.52662
1.53225
1.53509
1.53682
1.53887
1.54123
1.54223
1.53956
1.53199
1.52015
1.50613
1.49296
1.48443
1.48472
1.4972
1.52305
1.56037
1.60448
1.64898
1.68756
1.71597
1.73278
1.73913
1.73762
1.73114
1.72192
1.71134
1.69993
1.68768
1.6743
1.65926
1.64224
1.62365
1.60529
1.59049
1.58327
1.58686
1.60217
1.62733
1.65851
1.69122
1.72136
1.74591
1.7632
1.7729
1.77556
1.77209
1.76325
1.7497
1.7323
1.71295
1.6949
1.68211
1.67753
1.68124
1.69029
1.70043
1.70803
1.71125
1.7099
1.70485
1.69734
1.68848
1.67885
1.66858
1.65786
1.64758
1.63963
1.63644
1.63986
1.65012
1.66577
1.68435
1.70319
1.7199
1.73267
1.74038
1.74279
1.7405
1.73465
1.72656
1.71747
1.70892
1.70383
1.70595
1.71645
1.73121
1.74379
1.75053
1.75212
1.75164
1.75235
1.75615
1.76305
1.77132
1.77809
1.78033
1.77583
1.76398
1.74621
1.72613
1.70867
1.69862
1.69876
1.70889
1.72614
1.74642
1.76572
1.78105
1.79046
1.79303
1.78896
1.77971
1.76801
1.75732
1.75057
1.74915
1.75275
1.75999
1.76908
1.77812
1.78514
1.78852
1.78724
1.78101
1.77025
1.75579
1.73866
1.7201
1.70164
1.68491
1.67128
1.66158
1.65606
1.65465
1.65715
1.66341
1.67308
1.68547
1.69948
1.71378
1.72672
1.73633
1.74055
1.73751
1.7262
1.7071
1.68259
1.65692
1.63529
1.62197
1.61858
1.62366
1.63418
1.64755
1.66237
1.67728
1.68964
1.69591
1.69359
1.68307
1.66801
1.65383
1.64547
1.64563
1.65445
1.6704
1.69148
1.71603
1.74297
1.77148
1.80027
1.82733
1.85004
1.86605
1.87422
1.87496
1.86973
1.86008
1.84689
1.83043
1.81074
1.78819
1.76385
1.73986
1.71938
1.70549
1.69956
1.7002
1.70384
1.7064
1.7048
1.6976
1.68503
1.66873
1.65094
1.63372
1.61868
1.60707
1.59994
1.59789
1.60104
1.6093
1.62245
1.64015
1.66173
1.68584
1.71057
1.73368
1.75301
1.76687
1.77424
1.77486
1.76911
1.75787
1.74229
1.72338
1.70178
1.67789
1.65259
1.62787
1.60696
1.59318
1.58837
1.59196
1.60155
1.61414
1.62724
1.63921
1.64912
1.65632
1.66027
1.66022
1.65482
1.64234
1.62157
1.59331
1.56117
1.53063
1.50708
1.49424
1.49388
1.50591
1.52861
1.55901
1.59355
1.62883
1.66206
1.69134
1.71591
1.73632
1.75416
1.77132
1.78895
1.80706
1.8248
1.84114
1.85529
1.86657
1.87422
1.87722
1.87457
1.86585
1.85229
1.83769
1.82738
1.82461
1.82723
1.82943
1.82628
1.81633
1.80092
1.78266
1.76414
1.74758
1.73443
1.7254
1.72033
1.71827
1.71779
1.71726
1.71509
1.70997
1.70107
1.68849
1.67328
1.65731
1.64281
1.63188
1.62633
1.62783
1.63758
1.6552
1.67771
1.70045
1.71907
1.7309
1.73517
1.73277
1.72556
1.71588
1.70631
1.70001
1.70044
1.70941
1.72513
1.74255
1.75627
1.7631
1.76272
1.75691
1.74829
1.73941
1.73213
1.72745
1.72563
1.72652
1.72964
1.73409
1.73849
1.7415
1.74275
1.74346
1.74593
1.75232
1.76322
1.77731
1.79197
1.80437
1.81248
1.81555
1.81377
1.80749
1.79661
1.78108
1.7615
1.73922
1.71581
1.69251
1.67009
1.6492
1.63106
1.61763
1.61093
1.61169
1.61854
1.62858
1.63885
1.64738
1.65346
1.65718
1.65885
1.65876
1.6571
1.65418
1.65059
1.64725
1.64497
1.64411
1.64443
1.64567
1.64825
1.65372
1.66399
1.67959
1.69849
1.7172
1.7329
1.74465
1.75313
1.75948
1.76433
1.76745
1.76797
1.76509
1.75867
1.74922
1.73766
1.72532
1.71398
1.70581
1.70265
1.70522
1.7128
1.72343
1.73439
1.74247
1.7444
1.73734
1.71977
1.69269
1.66078
1.63241
1.617
1.62008
1.63969
1.66753
1.69332
1.70876
1.70953
1.69591
1.67243
1.64661
1.626
1.61493
1.61344
1.61907
1.62898
1.64084
1.65238
1.66169
1.66874
1.6762
1.68793
1.70592
1.72829
1.75005
1.76583
1.77231
1.76928
1.75942
1.74707
1.7367
1.73158
1.73312
1.74094
1.75341
1.76799
1.7816
1.79078
1.79215
1.78319
1.76321
1.73428
1.70145
1.67102
1.64739
1.63091
1.61895
1.60898
1.6006
1.59541
1.59564
1.60301
1.61871
1.64337
1.67649
1.71541
1.75531
1.79076
1.81751
1.83369
1.83958
1.83664
1.82645
1.81012
1.78831
1.76192
1.73295
1.70493
1.68217
1.66838
1.66523
1.67196
1.68598
1.7038
1.72169
1.73617
1.74458
1.74583
1.7406
1.7308
1.71869
1.7061
1.6942
1.68338
1.6734
1.66379
1.65455
1.64626
1.63946
1.63388
1.6288
1.62451
1.62326
1.62852
1.64224
1.6628
1.68586
1.7072
1.72457
1.7377
1.74723
1.7539
1.75816
1.76006
1.75898
1.75364
1.74267
1.72571
1.70434
1.6819
1.66208
1.64728
1.63749
1.63055
1.62326
1.61287
1.59832
1.58076
1.5632
1.54915
1.54085
1.53831
1.54011
1.54502
1.55312
1.5654
1.5824
1.60311
1.62486
1.64406
1.65731
1.6623
1.65807
1.64498
1.62464
1.59976
1.57411
1.5521
1.53785
1.53328
1.53685
1.54444
1.55174
1.55607
1.557
1.55612
1.55582
1.55757
1.56087
1.56362
1.56382
1.56095
1.55617
1.55158
1.54968
1.55281
1.56227
1.57761
1.59722
1.61988
1.6456
1.67438
1.70442
1.73187
1.75263
1.76428
1.7667
1.76167
1.75182
1.73952
1.72636
1.71285
1.6989
1.68441
1.67001
1.65749
1.64968
1.64964
1.65956
1.67982
1.70877
1.74316
1.77878
1.81114
1.83605
1.85002
1.85093
1.8383
1.81365
1.7803
1.74303
1.70737
1.67874
1.66115
1.65544
1.65902
1.66794
1.67911
1.69045
1.7003
1.70738
1.71116
1.71187
1.71018
1.70671
1.70178
1.69535
1.68721
1.6771
1.66512
1.65196
1.63917
1.62909
1.62444
1.62712
1.63647
1.64863
1.65836
1.66152
1.65635
1.64338
1.62497
1.60465
1.58619
1.57259
1.56562
1.56597
1.57367
1.58794
1.60695
1.62811
1.64935
1.67024
1.692
1.71616
1.74312
1.77178
1.80005
1.82598
1.84822
1.86612
1.87943
1.88775
1.89052
1.88752
1.88
1.8711
1.86442
1.86121
1.85915
1.85426
1.84367
1.82654
1.80334
1.77468
1.74095
1.70286
1.66205
1.62123
1.58396
1.55397
1.53424
1.52649
1.53078
1.54558
1.56788
1.59389
1.62002
1.64378
1.66406
1.6807
1.69389
1.70404
1.71188
1.7185
1.72518
1.73318
1.74361
1.75708
1.77303
1.78952
1.8041
1.81515
1.82266
1.82789
1.83245
1.83746
1.84327
1.84959
1.8557
1.86061
1.8633
1.86318
1.86017
1.85442
1.8457
1.83335
1.81747
1.80039
1.78644
1.77904
1.77774
1.77898
1.77931
1.77721
1.77262
1.76585
1.75691
1.74555
1.73162
1.71551
1.69817
1.68086
1.66476
1.6508
1.63969
1.63232
1.63003
1.63461
1.6474
1.66809
1.69391
1.72003
1.74099
1.7523
1.75176
1.73997
1.71994
1.69585
1.67139
1.64849
1.62702
1.60633
1.58741
1.57416
1.57159
1.58212
1.60387
1.63247
1.66361
1.69422
1.72221
1.74611
1.76505
1.77886
1.78819
1.79413
1.79748
1.79817
1.79518
1.78734
1.77432
1.75759
1.74031
1.7264
1.71874
1.71776
1.72108
1.72456
1.72406
1.71693
1.70259
1.68222
1.65834
1.63429
1.6137
1.59998
1.59556
1.60132
1.61617
1.63727
1.66077
1.68261
1.69948
1.7093
1.71157
1.70718
1.6978
1.68523
1.67096
1.65628
1.64232
1.63006
1.62016
1.61286
1.60796
1.60474
1.60247
1.6011
1.60153
1.60519
1.61302
1.62448
1.63757
1.64964
1.65829
1.66199
1.66049
1.65483
1.64733
1.64104
1.63881
1.64226
1.65088
1.66186
1.67088
1.67343
1.66635
1.6491
1.62429
1.59753
1.57573
1.56469
1.56704
1.58161
1.60431
1.62994
1.65383
1.67296
1.68627
1.69383
1.6957
1.69154
1.68137
1.66656
1.64987
1.63468
1.6238
1.61864
1.61882
1.62244
1.62692
1.62986
1.6301
1.62811
1.62603
1.62687
1.63321
1.6459
1.66384
1.68471
1.70605
1.72611
1.74413
1.76008
1.7742
1.78635
1.79533
1.79896
1.79477
1.78147
1.76009
1.73403
1.70777
1.68485
1.66672
1.65278
1.64138
1.63099
1.62091
1.61158
1.60426
1.60052
1.60138
1.60672
1.61527
1.6253
1.63517
1.64394
1.65125
1.65703
1.66109
1.66312
1.66317
1.66222
1.66203
1.66413
1.66878
1.67459
1.67945
1.68193
1.68215
1.68133
1.6806
1.68036
1.68068
1.68206
1.6854
1.69114
1.69851
1.70545
1.70944
1.70867
1.70297
1.6939
1.68396
1.67536
1.66931
1.66613
1.66567
1.66766
1.67142
1.67564
1.67848
1.67809
1.67331
1.66425
1.65229
1.63973
1.62928
1.62355
1.62464
1.63389
1.65183
1.67816
1.71134
1.74782
1.78247
1.81039
1.82881
1.83781
1.83952
1.83708
1.83357
1.83138
1.83182
1.83491
1.83934
1.84268
1.84198
1.8344
1.81799
1.79237
1.75911
1.72143
1.68325
1.64783
1.61714
1.59239
1.57484
1.56595
1.56676
1.57689
1.59419
1.61514
1.63569
1.65255
1.66418
1.67108
1.67507
1.67814
1.68157
1.68548
1.68907
1.69156
1.69291
1.69398
1.69624
1.701
1.70876
1.71905
1.73059
1.74173
1.75095
1.75745
1.76134
1.76323
1.76338
1.76126
1.75593
1.74697
1.7352
1.72254
1.71134
1.70313
1.69765
1.69272
1.6852
1.67262
1.65457
1.63273
1.60973
1.58753
1.56659
1.54641
1.52707
1.51005
1.49786
1.49273
1.49557
1.50602
1.52312
1.54593
1.57307
1.6022
1.63052
1.65632
1.6801
1.70381
1.72868
1.75368
1.77597
1.79255
1.80137
1.80203
1.79624
1.78785
1.78164
1.78071
1.78472
1.79102
1.79728
1.8028
1.8081
1.81348
1.81825
1.82086
1.81978
1.81418
1.80424
1.79113
1.77673
1.76343
1.75357
1.74899
1.75032
1.75658
1.76545
1.77405
1.77998
1.78199
1.77975
1.77303
1.76112
1.74301
1.71839
1.68834
1.65521
1.62173
1.59007
1.56162
1.53756
1.51923
1.50836
1.50653
1.51461
1.53227
1.55799
1.58926
1.62309
1.65654
1.68712
1.71298
1.73282
1.74613
1.75381
1.75911
1.76723
1.78231
1.80358
1.82538
1.84096
1.84591
1.83903
1.82181
1.79759
1.7706
1.74497
1.72402
1.70965
1.70178
1.69819
1.69525
1.68929
1.6778
1.65994
1.63657
1.60981
1.58246
1.5573
1.53674
1.52278
1.51701
1.52036
1.5328
1.55293
1.57773
1.60296
1.62443
1.63934
1.64681
1.64757
1.64337
1.63629
1.62822
1.62058
1.61412
1.60867
1.60323
1.59614
1.5859
1.57218
1.55649
1.5421
1.53287
1.53128
1.53705
1.54734
1.55848
1.56756
1.57333
1.57596
1.57621
1.57498
1.57307
1.57145
1.57097
1.57174
1.57292
1.57347
1.57324
1.57336
1.57586
1.58268
1.59463
1.61101
1.6302
1.65044
1.67025
1.68843
1.704
1.71609
1.72384
1.72643
1.72321
1.71399
1.69933
1.68082
1.66073
1.64145
1.62479
1.6117
1.60236
1.59671
1.59474
1.59667
1.6026
1.61182
1.62232
1.6311
1.63537
1.6338
1.62706
1.61732
1.60712
1.59825
1.59124
1.58564
1.58081
1.57672
1.57417
1.57418
1.57739
1.58384
1.59311
1.60438
1.61631
1.62712
1.63546
1.64143
1.64664
1.65317
1.66241
1.67489
1.69075
1.70982
1.73143
1.75405
1.77529
1.79237
1.80289
1.80572
1.80147
1.79191
1.77861
1.76208
1.74251
1.72161
1.70281
1.68942
1.6823
1.67984
1.67982
1.68117
1.6842
1.68997
1.69932
1.71226
1.72786
1.74459
1.76099
1.77579
1.7877
1.79513
1.79641
1.79032
1.77651
1.75564
1.72913
1.69886
1.66687
1.63559
1.6081
1.58756
1.57556
1.57094
1.57061
1.57165
1.57276
1.574
1.57579
1.5781
1.58059
1.58341
1.5878
1.59609
1.61088
1.63353
1.66255
1.69335
1.71954
1.7351
1.73612
1.7217
1.69427
1.65911
1.62294
1.59155
1.56857
1.5568
1.55895
1.57562
1.60325
1.63555
1.66632
1.6908
1.70603
1.71077
1.7054
1.69191
1.67375
1.65527
1.64063
1.63256
1.63168
1.63707
1.64729
1.66096
1.6769
1.69393
1.7108
1.72608
1.73803
1.74477
1.74467
1.73694
1.72229
1.70369
1.6866
1.67753
1.68125
1.69821
1.72517
1.75768
1.79191
1.82473
1.85349
1.87615
1.89176
1.9003
1.90217
1.89745
1.88563
1.86592
1.83793
1.80244
1.76171
1.71936
1.67986
1.64753
1.62522
1.6133
1.60967
1.61109
1.61488
1.61997
1.62688
1.63658
1.64931
1.66404
1.67894
1.69226
1.70293
1.71063
1.71542
1.71781
1.71867
1.71914
1.72004
1.72119
1.72139
1.71901
1.71262
1.70152
1.68587
1.66692
1.64766
1.63304
1.62872
1.63801
1.65927
1.68612
1.71054
1.72623
1.73071
1.72587
1.71757
1.71342
1.71888
1.7341
1.75427
1.77293
1.78505
1.78835
1.78307
1.77067
1.75233
1.7285
1.70039
1.67264
1.65334
1.64901
1.65995
1.68123
1.70673
1.73124
1.75123
1.76509
1.77286
1.77552
1.77457
1.77166
1.76811
1.7645
1.7606
1.75609
1.75107
1.74599
1.74125
1.73677
1.73182
1.72541
1.71682
1.70605
1.69383
1.68133
1.66961
1.65934
1.65086
1.64427
1.63949
1.63624
1.63421
1.63317
1.63332
1.63526
1.63995
1.64846
1.66159
1.67921
1.7001
1.72198
1.74205
1.75763
1.76671
1.76818
1.76225
1.75067
1.7369
1.72538
1.71984
1.72145
1.72831
1.73655
1.74213
1.74253
1.7376
1.72954
1.72153
1.7156
1.71114
1.70495
1.69326
1.6742
1.64923
1.62295
1.60103
1.58743
1.58302
1.58638
1.59525
1.60718
1.61973
1.6312
1.64155
1.65238
1.66585
1.68312
1.70399
1.72707
1.7502
1.77085
1.78716
1.79904
1.80792
1.81547
1.8222
1.82703
1.82777
1.82229
1.8097
1.79114
1.76972
1.74938
1.7331
1.72191
1.71537
1.71223
1.71051
1.70746
1.70014
1.68655
1.66619
1.64008
1.6106
1.58172
1.5587
1.54644
1.54678
1.55716
1.5722
1.58656
1.59684
1.60204
1.60294
1.60121
1.59876
1.59707
1.59691
1.59814
1.59998
1.60143
1.60178
1.60094
1.59946
1.59828
1.59822
1.59971
1.60283
1.6076
1.61409
1.62212
1.63105
1.64011
1.64901
1.65839
1.66949
1.68327
1.69951
1.7165
1.73152
1.74169
1.7447
1.7393
1.7255
1.7046
1.67926
1.6532
1.63043
1.61378
1.6038
1.59884
1.59664
1.59619
1.59856
1.60579
1.61896
1.63692
1.6568
1.67549
1.69129
1.70445
1.71654
1.72895
1.74194
1.75467
1.76598
1.77528
1.78263
1.78808
1.79105
1.79025
1.78453
1.77365
1.75874
1.74201
1.72622
1.71372
1.70587
1.70275
1.70335
1.70593
1.70866
1.71028
1.71062
1.71061
1.71181
1.71545
1.72152
1.72856
1.73409
1.73566
1.73159
1.72127
1.70506
1.68381
1.65861
1.63083
1.6026
1.57709
1.55799
1.54817
1.54853
1.55794
1.57408
1.59433
1.61586
1.63573
1.65125
1.66061
1.66308
1.6588
1.6482
1.63154
1.60935
1.58319
1.55605
1.5315
1.51212
1.49823
1.48857
1.48245
1.48138
1.48874
1.50728
1.53667
1.5732
1.61178
1.64812
1.67979
1.70602
1.72663
1.7413
1.74923
1.74953
1.74184
1.72682
1.70641
1.68367
1.66271
1.64809
1.64313
1.64819
1.66072
1.67737
1.69573
1.71408
1.7303
1.74117
1.74311
1.73349
1.71198
1.68166
1.6489
1.62101
1.60207
1.59119
1.58496
1.58093
1.57914
1.58138
1.58969
1.60503
1.62654
1.65162
1.67676
1.69864
1.71525
1.72675
1.73595
1.74723
1.76393
1.786
1.81012
1.83209
1.84904
1.8598
1.86433
1.86316
1.85704
1.84681
1.83338
1.81774
1.80132
1.78607
1.7741
1.76673
1.76359
1.76276
1.76174
1.75861
1.75256
1.74389
1.73379
1.72379
1.71555
1.71041
1.70897
1.71106
1.71557
1.72045
1.72281
1.7192
1.70617
1.68127
1.6443
1.5986
1.55196
1.516
1.50244
1.51714
1.55647
1.61001
1.66704
1.72077
1.76856
1.80969
1.84342
1.86814
1.8818
1.88272
1.87015
1.84478
1.80892
1.76633
1.72151
1.67872
1.64135
1.61161
1.59047
1.57783
1.57296
1.57497
1.58284
1.59529
1.61046
1.6259
1.63879
1.6464
1.64688
1.63999
1.62753
1.6132
1.6018
1.59771
1.60337
1.61848
1.64048
1.66557
1.68992
1.71046
1.72522
1.7333
1.73471
1.72987
1.71926
1.70363
1.68483
1.66625
1.65213
1.64565
1.64743
1.65559
1.66708
1.67898
1.68923
1.69675
1.70122
1.70271
1.70143
1.69775
1.69223
1.68547
1.67782
1.66928
1.65957
1.6484
1.63571
1.6221
1.60909
1.59889
1.59374
1.59499
1.60297
1.61732
1.63771
1.66377
1.69469
1.72844
1.76163
1.79006
1.80976
1.81808
1.81444
1.80074
1.78063
1.75755
1.73297
1.70642
1.67739
1.64701
1.61818
1.59455
1.57925
1.57395
1.57854
1.59163
1.61123
1.63518
1.66152
1.68869
1.71574
1.74223
1.76801
1.79272
1.81541
1.83485
1.85016
1.86121
1.86824
1.87079
1.86702
1.85453
1.83194
1.80045
1.76457
1.73179
1.71007
1.70398
1.71233
1.72944
1.7486
1.76486
1.77571
1.78056
1.78005
1.77581
1.77024
1.76571
1.76346
1.763
1.7625
1.7599
1.75395
1.74467
1.73327
1.72176
1.71238
1.70702
1.70676
1.71135
1.71904
1.72693
1.7318
1.731
1.72316
1.70866
1.68971
1.67044
1.65634
1.65261
1.66164
1.68151
1.70724
1.7334
1.75598
1.7729
1.78347
1.78779
1.78628
1.77938
1.76753
1.75108
1.73013
1.70454
1.67433
1.64055
1.60635
1.57749
1.561
1.56191
1.5797
1.6084
1.64009
1.66841
1.68986
1.7033
1.70918
1.70899
1.70513
1.7007
1.69888
1.70184
1.70986
1.72121
1.73299
1.74288
1.7504
1.75724
1.76597
1.77801
1.79222
1.80537
1.81397
1.81582
1.81028
1.79786
1.77973
1.7575
1.73317
1.70933
1.68882
1.67453
1.66879
1.67238
1.68407
1.7011
1.72019
1.73852
1.75403
1.76529
1.77114
1.77083
1.76432
1.75275
1.73833
1.7238
1.71112
1.70071
1.69145
1.68134
1.66841
1.65138
1.63016
1.60601
1.58153
1.56035
1.54648
1.54351
1.55353
1.57642
1.60967
1.64911
1.68999
1.72793
1.75958
1.7832
1.79915
1.8102
1.82061
1.83406
1.85143
1.87046
1.88735
1.89863
1.90229
1.89789
1.88602
1.86778
1.8444
1.817
1.78652
1.75392
1.72072
1.68951
1.66333
1.64351
1.62809
1.61317
1.59614
1.57777
1.56129
1.54998
1.54553
1.54836
1.55875
1.57662
1.60033
1.62643
1.65117
1.672
1.68785
1.69857
1.70424
1.70502
1.70112
1.69301
1.68137
1.66694
1.65038
1.6326
1.61534
1.60123
1.59321
1.59341
1.60249
1.61943
1.64199
1.66762
1.69416
1.72028
1.74531
1.76872
1.78973
1.80713
1.81948
1.82541
1.82397
1.81498
1.79926
1.77851
1.75502
1.73117
1.70877
1.68887
1.67172
1.657
1.64458
1.6349
1.62922
1.62916
1.63593
1.64978
1.6699
1.69467
1.72174
1.74789
1.7692
1.7819
1.78333
1.77253
1.7505
1.72001
1.68509
1.65053
1.62117
1.60091
1.59126
1.5905
1.59425
1.59742
1.59616
1.58899
1.57742
1.56563
1.55905
1.56205
1.57591
1.59868
1.62669
1.65649
1.68598
1.71445
1.74203
1.7688
1.7941
1.8164
1.83379
1.84476
1.84901
1.84749
1.84191
1.83379
1.8238
1.81183
1.79748
1.78084
1.76292
1.7453
1.72953
1.71638
1.7056
1.6963
1.6873
1.67758
1.66658
1.65465
1.64305
1.63327
1.62606
1.62134
1.61905
1.61985
1.62476
1.63423
1.64739
1.66228
1.67661
1.68862
1.69749
1.70317
1.70602
1.70648
1.70486
1.70148
1.69688
1.69197
1.6882
1.68711
1.68953
1.69509
1.7024
1.70964
1.71513
1.71754
1.71598
1.71022
1.70095
1.68994
1.6796
1.67188
1.6673
1.6645
1.66086
1.6536
1.64098
1.62305
1.60185
1.58114
1.56562
1.55962
1.56564
1.58357
1.6109
1.64367
1.67777
1.70969
1.73685
1.75731
1.76967
1.77338
1.76937
1.76005
1.74853
1.73741
1.72795
1.72016
1.7138
1.70985
1.71066
1.71798
1.73032
1.74324
1.75246
1.75635
1.75618
1.75498
1.75576
1.76007
1.76741
1.77614
1.78496
1.79404
1.80462
1.81728
1.83024
1.83963
1.84124
1.83247
1.8131
1.78517
1.75262
1.72052
1.69367
1.67513
1.66535
1.6628
1.66545
1.67196
1.682
1.6957
1.71303
1.73349
1.75594
1.77845
1.79819
1.812
1.81731
1.81312
1.80042
1.78181
1.76083
1.74102
1.72525
1.71486
1.70926
1.70631
1.70372
1.7001
1.69536
1.69032
1.68613
1.68403
1.68519
1.69054
1.70034
1.71404
1.73043
1.74802
1.76516
1.78
1.79052
1.79478
1.79143
1.78014
1.76166
1.7375
1.70932
1.67867
1.64705
1.61643
1.58935
1.56826
1.55468
1.54911
1.55176
1.56341
1.58493
1.61599
1.6542
1.69545
1.73489
1.76793
1.79072
1.8004
1.79554
1.77662
1.74651
1.71043
1.6747
1.64453
1.62252
1.60892
1.60291
1.60398
1.61199
1.6265
1.64605
1.66813
1.6896
1.70766
1.72026
1.72642
1.72637
1.72145
1.71361
1.70442
1.69482
1.68582
1.67938
1.67762
1.68152
1.69029
1.70208
1.71514
1.72836
1.74099
1.75201
1.75986
1.76248
1.75785
1.74461
1.7227
1.69365
1.66036
1.62625
1.59435
1.56683
1.54507
1.52989
1.5219
1.52158
1.52918
1.54442
1.56594
1.59125
1.61716
1.6405
1.65847
1.66873
1.66955
1.66028
1.6423
1.61996
1.60047
1.59169
1.59848
1.61982
1.64926
1.67804
1.69909
1.70948
1.71058
1.70564
1.69712
1.68562
1.67051
1.65116
1.62778
1.60224
1.57841
1.56187
1.55816
1.57028
1.59669
1.63154
1.66706
1.69621
1.71453
1.72073
1.71646
1.70587
1.6944
1.68673
1.68442
1.68548
1.68654
1.68568
1.684
1.68477
1.69088
1.70302
1.71997
1.73988
1.7611
1.78222
1.80196
1.81933
1.83355
1.84397
1.84993
1.8507
1.84557
1.83405
1.81613
1.7927
1.76563
1.73768
1.7118
1.69045
1.67532
1.66758
1.66818
1.67727
1.69296
1.71137
1.72846
1.74161
1.74991
1.75314
1.7511
1.74318
1.72864
1.70731
1.68079
1.6533
1.63111
1.61966
1.6209
1.63331
1.65365
1.67862
1.70584
1.73375
1.7608
1.78483
1.80305
1.81259
1.81113
1.79722
1.77055
1.73247
1.68639
1.63788
1.59338
1.55839
1.53609
1.5271
1.52982
1.54129
1.55854
1.57999
1.60565
1.63589
1.66976
1.70445
1.73641
1.76256
1.78057
1.78873
1.78573
1.77116
1.74652
1.71611
1.68691
1.66647
1.65964
1.66613
1.68112
1.69805
1.71161
1.71935
1.72174
1.72107
1.71979
1.7191
1.71854
1.71661
1.71193
1.70418
1.69407
1.68288
1.67177
1.66162
1.65354
1.64929
1.65103
1.6602
1.67651
1.69782
1.72059
1.74091
1.75545
1.76242
1.76221
1.75717
1.7511
1.7483
1.75205
1.76283
1.77751
1.79098
1.79895
1.79938
1.79257
1.78059
1.76658
1.75397
1.74544
1.74208
1.74319
1.74684
1.75079
1.7532
1.75326
1.75134
1.74858
1.74596
1.74343
1.74009
1.73491
1.72737
1.71757
1.70592
1.69308
1.67976
1.66648
1.65341
1.6402
1.62621
1.61108
1.59541
1.58101
1.57004
1.56388
1.56242
1.56447
1.56879
1.5751
1.58416
1.59703
1.61394
1.63384
1.6547
1.6742
1.69037
1.70208
1.70926
1.71314
1.71589
1.71978
1.72599
1.73387
1.74105
1.74442
1.74122
1.73017
1.71209
1.69004
1.66856
1.65247
1.64537
1.64871
1.66169
1.6817
1.70509
1.72776
1.74569
1.75538
1.75439
1.74202
1.7197
1.69133
1.66255
1.63903
1.62436
1.61906
1.62121
1.62764
1.63465
1.63844
1.63671
1.63174
1.63185
1.64525
1.67054
1.69839
1.72194
1.741
1.75884
1.77809
1.79907
1.82019
1.83904
1.85334
1.86143
1.8625
1.85653
1.84452
1.82823
1.80977
1.79117
1.77409
1.75943
1.74727
1.73686
1.72706
1.71693
1.70628
1.69582
1.68675
1.67975
1.67386
1.66662
1.65655
1.64627
1.64272
1.65236
1.67531
1.70518
1.73413
1.75676
1.77069
1.7757
1.77278
1.76361
1.75027
1.73497
1.71975
1.70645
1.69641
1.69003
1.68602
1.68132
1.67262
1.65915
1.64446
1.63444
1.63209
1.63522
1.63966
1.64338
1.64714
1.65263
1.66072
1.67088
1.68173
1.69181
1.70007
1.70581
1.70849
1.70787
1.70413
1.6977
1.68894
1.67796
1.66509
1.65125
1.63805
1.62747
1.62115
1.61999
1.62393
1.63203
1.64304
1.6558
1.66968
1.68436
1.69944
1.71401
1.72681
1.73687
1.74411
1.74949
1.75423
1.75899
1.76357
1.76726
1.76949
1.77021
1.77011
1.77054
1.77343
1.78101
1.79483
1.8147
1.83802
1.86018
1.87617
1.88227
1.87715
1.86207
1.84022
1.81543
1.7903
1.76544
1.74003
1.71325
1.68545
1.65824
1.63386
1.61429
1.60085
1.59427
1.59495
1.60301
1.61788
1.63759
1.65897
1.67858
1.69429
1.70612
1.7159
1.72597
1.73774
1.75074
1.76279
1.77097
1.77301
1.76831
1.75801
1.74413
1.72873
1.71338
1.69903
1.68616
1.67498
1.66551
1.6576
1.65056
1.64325
1.63524
1.62768
1.62188
1.6173
1.61174
1.60353
1.59276
1.5806
1.5686
1.55879
1.55407
1.55717
1.56833
1.58415
1.59944
1.61022
1.61541
1.61661
1.61683
1.61906
1.6254
1.63668
1.65242
1.67108
1.69071
1.70954
1.7264
1.74083
1.7527
1.76196
1.76832
1.77129
1.77024
1.76479
1.75515
1.74241
1.72814
1.71388
1.70041
1.6875
1.67395
1.65775
1.63664
1.60937
1.57823
1.55039
1.53442
1.53309
1.54144
1.55249
1.56202
1.5686
1.57257
1.57526
1.57851
1.58371
1.59103
1.59935
1.60668
1.61085
1.61041
1.60507
1.59581
1.58449
1.57323
1.56404
1.5587
1.55859
1.56443
1.57578
1.59079
1.60648
1.61948
1.62711
1.62824
1.62349
1.61495
1.60535
1.59732
1.59285
1.59297
1.59768
1.60601
1.61644
1.62732
1.63731
1.6458
1.65284
1.65858
1.66277
1.66487
1.66498
1.66471
1.66729
1.67585
1.69084
1.70888
1.72409
1.73063
1.72454
1.70461
1.67303
1.63589
1.60256
1.58238
1.58012
1.59381
1.61674
1.64129
1.66142
1.67342
1.67571
1.66839
1.65303
1.63243
1.61079
1.59369
1.58691
1.5939
1.61332
1.63923
1.66415
1.68223
1.69041
1.68799
1.67605
1.65714
1.63524
1.61546
1.60324
1.60296
1.61626
1.64084
1.67086
1.69879
1.71766
1.72293
1.71343
1.6918
1.66434
1.64025
1.62946
1.63919
1.67056
1.71806
1.77223
1.82366
1.86579
1.89549
1.91241
1.91784
1.91404
1.90389
1.89056
1.87679
1.86384
1.85081
1.8355
1.816
1.79187
1.76441
1.73624
1.71055
1.6903
1.67776
1.6741
1.67933
1.69205
1.70951
1.72801
1.74384
1.75424
1.7582
1.75643
1.75064
1.74244
1.7325
1.72059
1.70671
1.69216
1.67945
1.67086
1.6667
1.66518
1.66382
1.66078
1.65543
1.64817
1.64009
1.63254
1.62685
1.62409
1.62482
1.62906
1.63626
1.64543
1.65523
1.6642
1.67101
1.67472
1.67495
1.67193
1.66657
1.66037
1.65493
1.65135
1.64983
1.64991
1.65098
1.65278
1.65547
1.65935
1.66427
1.66947
1.67383
1.67631
1.67645
1.67451
1.67148
1.6687
1.66763
1.66926
1.67375
1.68017
1.68698
1.69269
1.69629
1.69754
1.69683
1.69492
1.6926
1.69026
1.68766
1.68435
1.68012
1.67551
1.67174
1.66987
1.66991
1.6704
1.66899
1.66367
1.65405
1.64178
1.62994
1.62177
1.61925
1.62273
1.63124
1.64337
1.65796
1.67434
1.69203
1.70993
1.72617
1.73826
1.74373
1.74067
1.7281
1.7061
1.67589
1.6399
1.60175
1.56545
1.53434
1.51009
1.49302
1.48297
1.48014
1.4853
1.49944
1.52252
1.55165
1.5813
1.60584
1.6223
1.63115
1.63546
1.63929
1.64595
1.6567
1.67048
1.68444
1.69522
1.70023
1.69835
1.68996
1.67612
1.65793
1.6365
1.61351
1.59132
1.57208
1.55716
1.54699
1.54065
1.53496
1.52517
1.50782
1.48403
1.46037
1.44644
1.44967
1.47107
1.50491
1.54254
1.57648
1.60245
1.61936
1.62833
1.63158
1.63135
1.62905
1.62479
1.61807
1.60876
1.59808
1.58862
1.58336
1.58445
1.59248
1.6066
1.62536
1.64742
1.67172
1.69708
1.72144
1.74182
1.75517
1.75951
1.7548
1.74296
1.72686
1.70889
1.68998
1.66999
1.64899
1.6287
1.61279
1.60586
1.61131
1.62869
1.65342
1.67913
1.70068
1.71574
1.72447
1.72862
1.73004
1.72961
1.72661
1.71913
1.70506
1.68338
1.65503
1.62292
1.59109
1.56329
1.5416
1.52591
1.51464
1.50654
1.50219
1.50418
1.51507
1.53476
1.55977
1.58526
1.60795
1.62744
1.64566
1.66503
1.68654
1.70901
1.72977
1.74623
1.75704
1.7625
1.76403
1.76346
1.76238
1.76179
1.762
1.7627
1.76319
1.76298
1.76231
1.76229
1.76422
1.76796
1.77111
1.7701
1.76259
1.74909
1.7328
1.71781
1.707
1.70085
1.69787
1.69603
1.69403
1.69181
1.69029
1.69058
1.69289
1.69596
1.69727
1.69406
1.68481
1.67014
1.65267
1.63605
1.6234
1.61648
1.61539
1.61904
1.62597
1.63508
1.64574
1.65718
1.66756
1.67387
1.67298
1.66302
1.64362
1.61547
1.57976
1.53814
1.493
1.44815
1.40934
1.38354
1.37602
1.38698
1.41124
1.44127
1.47038
1.49422
1.511
1.52098
1.52567
1.52713
1.52764
1.52955
1.53537
1.54749
1.56749
1.59534
1.6291
1.66549
1.70086
1.73203
1.75692
1.77462
1.78538
1.79065
1.79304
1.79571
1.80136
1.81096
1.82325
1.83558
1.84514
1.85
1.8493
1.84327
1.83312
1.82085
1.809
1.80002
1.79541
1.79509
1.79758
1.80077
1.80259
1.80162
1.79721
1.78946
1.779
1.76656
1.75291
1.73896
1.7262
1.71668
1.7121
1.71259
1.71644
1.72072
1.7224
1.71909
1.70943
1.69321
1.67137
1.64569
1.61858
1.59282
1.57137
1.5569
1.55109
1.55409
1.56445
1.57973
1.5973
1.61503
1.63149
1.64605
1.65882
1.67056
1.68261
1.69664
1.71376
1.73347
1.75341
1.77012
1.78054
1.78298
1.77774
1.76723
1.75553
1.74691
1.74377
1.74523
1.74786
1.74811
1.74436
1.7373
1.72903
1.72154
1.71557
1.71046
1.70476
1.69725
1.68782
1.67755
1.66793
1.65959
1.65162
1.64179
1.62794
1.60928
1.58751
1.56686
1.55302
1.55121
1.56406
1.59044
1.62617
1.66596
1.70506
1.7398
1.76742
1.78591
1.79412
1.7922
1.78192
1.76638
1.7491
1.73278
1.7186
1.70658
1.69666
1.6895
1.68601
1.68643
1.68979
1.69444
1.69932
1.70449
1.71063
1.71804
1.72623
1.73394
1.73929
1.74018
1.73499
1.72331
1.70648
1.68744
1.66998
1.6576
1.65255
1.65538
1.66489
1.67852
1.69286
1.70433
1.70991
1.70768
1.69711
1.67919
1.65623
1.63158
1.60922
1.59271
1.58417
1.5834
1.58811
1.59533
1.60288
1.60998
1.61678
1.6234
1.62954
1.63472
1.63842
1.64037
1.64077
1.64038
1.64051
1.64303
1.65017
1.6638
1.68403
1.7084
1.73274
1.753
1.76624
1.77084
1.76658
1.75472
1.73768
1.71781
1.69633
1.67344
1.64972
1.62725
1.60925
1.59818
1.59434
1.596
1.60051
1.60514
1.60729
1.60528
1.5999
1.59411
1.58954
1.584
1.57404
1.55861
1.5397
1.52128
1.50843
1.5062
1.51801
1.54427
1.58236
1.6276
1.67433
1.71695
1.7509
1.77342
1.78399
1.78403
1.77644
1.76485
1.75285
1.74328
1.73749
1.73521
1.73488
1.73466
1.73352
1.73204
1.73236
1.73714
1.74769
1.76237
1.77714
1.78747
1.79047
1.78554
1.77404
1.75879
1.74334
1.7309
1.72311
1.71974
1.71933
1.72003
1.71994
1.71717
1.71017
1.69865
1.6845
1.67221
1.66788
1.67665
1.6997
1.73329
1.77059
1.80489
1.83172
1.84929
1.85782
1.85838
1.85222
1.84075
1.82583
1.81027
1.79764
1.79136
1.79307
1.80177
1.81444
1.82739
1.83715
1.84084
1.83638
1.82277
1.80038
1.77101
1.73769
1.70402
1.67348
1.64886
1.63188
1.62269
1.61954
1.61909
1.61735
1.61079
1.59741
1.5772
1.55199
1.52511
1.50087
1.48379
1.47693
1.48032
1.49115
1.50655
1.52605
1.55154
1.58482
1.6255
1.67063
1.71596
1.7575
1.79227
1.81854
1.83566
1.84386
1.84398
1.83731
1.8255
1.81022
1.79317
1.77576
1.75884
1.74251
1.72619
1.709
1.69036
1.67045
1.65038
1.63172
1.61604
1.60432
1.59695
1.59433
1.59758
1.60834
1.62754
1.65398
1.68422
1.71394
1.73958
1.75898
1.77118
1.77579
1.77282
1.76273
1.74678
1.72712
1.70667
1.68849
1.6751
1.66783
1.66649
1.66936
1.6737
1.67678
1.67702
1.67502
1.67354
1.6763
1.68593
1.70225
1.72233
1.74191
1.75701
1.76488
1.76389
1.75295
1.7313
1.69843
1.65483
1.6027
1.54664
1.49351
1.45121
1.42649
1.42269
1.43871
1.46965
1.50874
1.5496
1.58764
1.62056
1.64791
1.67028
1.6884
1.70242
1.71158
1.71442
1.70968
1.6974
1.67966
1.65993
1.64132
1.62497
1.61024
1.59621
1.58267
1.57037
1.56084
1.55634
1.5598
1.5744
1.60222
1.6426
1.69164
1.74335
1.79148
1.83096
1.85844
1.87229
1.87244
1.86009
1.83769
1.80916
1.77985
1.75543
1.73942
1.73076
1.72415
1.71306
1.69355
1.66619
1.63538
1.60673
1.58482
1.5727
1.57213
1.583
1.6028
1.62721
1.65139
1.67113
1.68345
1.68678
1.68088
1.66656
1.64546
1.62013
1.59409
1.57168
1.55708
1.55299
1.55996
1.57655
1.60021
1.62828
1.65875
1.69054
1.72267
1.75331
1.77941
1.79755
1.80522
1.80151
1.78717
1.7644
1.73663
1.70811
1.68318
1.66515
1.65533
1.65271
1.6547
1.6583
1.66137
1.6631
1.66366
1.66332
1.66192
1.65931
1.65622
1.65447
1.65546
1.65826
1.65976
1.65709
1.6498
1.64008
1.63146
1.6267
1.62601
1.62657
1.62373
1.61308
1.59283
1.56514
1.53623
1.5142
1.50514
1.51018
1.52603
1.54813
1.57293
1.59845
1.62379
1.64846
1.67179
1.69265
1.70948
1.72074
1.72557
1.72433
1.71878
1.71177
1.70645
1.7053
1.70914
1.71677
1.72533
1.73134
1.73171
1.72468
1.71033
1.69072
1.66944
1.65041
1.63607
1.62649
1.62015
1.61596
1.61436
1.61685
1.62479
1.63857
1.65752
1.68026
1.70521
1.73083
1.75527
1.77608
1.7904
1.79558
1.79003
1.77343
1.74694
1.71369
1.67913
1.65002
1.63153
1.62444
1.62521
1.629
1.63263
1.63516
1.63697
1.63865
1.64059
1.64288
1.64567
1.64952
1.65542
1.66422
1.67552
1.68704
1.69497
1.69541
1.68568
1.66521
1.63588
1.60178
1.56835
1.54122
1.5247
1.52074
1.52877
1.54636
1.57049
1.59812
1.62638
1.65254
1.67407
1.68891
1.69569
1.69381
1.68368
1.66683
1.64628
1.62618
1.611
1.60494
1.61117
1.63015
1.65771
1.6865
1.71034
1.72741
1.7396
1.74957
1.75822
1.76426
1.76558
1.76115
1.75203
1.74118
1.73222
1.72795
1.7295
1.73626
1.74639
1.75739
1.76671
1.77225
1.7726
1.76707
1.75555
1.73865
1.71799
1.69618
1.67606
1.65927
1.64564
1.63392
1.62313
1.61332
1.60532
1.59997
1.59743
1.59727
1.5991
1.60321
1.61026
1.62049
1.63286
1.64506
1.6543
1.65842
1.65656
1.64937
1.63884
1.62749
1.61751
1.61021
1.60595
1.60488
1.60756
1.61492
1.62724
1.64325
1.65989
1.67339
1.68075
1.68095
1.67494
1.66461
1.65163
1.6372
1.62253
1.60937
1.59958
1.59437
1.59421
1.59966
1.61166
1.6304
1.65384
1.67772
1.69702
1.70759
1.70707
1.69529
1.6743
1.6479
1.62052
1.59544
1.57373
1.5548
1.53793
1.52385
1.51504
1.51487
1.52576
1.54778
1.57845
1.61325
1.64671
1.67375
1.691
1.69766
1.69579
1.68935
1.68253
1.67807
1.67675
1.67766
1.67912
1.67949
1.67786
1.67446
1.67048
1.66754
1.66694
1.6691
1.67347
1.67905
1.68493
1.69061
1.69592
1.70086
1.70547
1.70963
1.71288
1.71445
1.71348
1.70954
1.70298
1.69505
1.6875
1.68213
1.68042
1.68316
1.69017
1.7
1.71004
1.71713
1.71841
1.71201
1.69733
1.6752
1.64797
1.61951
1.59467
1.57776
1.57106
1.57428
1.58539
1.60181
1.62107
1.64096
1.65932
1.6741
1.68361
1.68718
1.68569
1.68181
1.67922
1.681
1.68832
1.70039
1.71567
1.73281
1.75073
1.76814
1.78339
1.79476
1.80107
1.80192
1.79761
1.78908
1.77768
1.76498
1.75213
1.7394
1.72601
1.7106
1.69214
1.67072
1.64798
1.62692
1.61116
1.60373
1.60614
1.61769
1.63568
1.6562
1.67516
1.68936
1.69718
1.69915
1.69764
1.69594
1.69687
1.70178
1.71041
1.72131
1.73284
1.74352
1.75228
1.75836
1.76137
1.76147
1.75934
1.75591
1.75193
1.74754
1.74227
1.7355
1.7271
1.71778
1.70881
1.70157
1.6971
1.69574
1.69681
1.69858
1.69885
1.69604
1.68996
1.68178
1.67326
1.66552
1.6584
1.65064
1.64077
1.62773
1.61143
1.59313
1.57528
1.56064
1.5508
1.54538
1.54288
1.54221
1.54366
1.54853
1.55792
1.57188
1.58888
1.60634
1.62127
1.63126
1.635
1.63295
1.62743
1.62248
1.6228
1.63216
1.65182
1.6799
1.71181
1.74165
1.76372
1.77358
1.76847
1.7474
1.71093
1.6613
1.60259
1.54097
1.48458
1.44264
1.42344
1.43142
1.46499
1.51699
1.5778
1.63909
1.69583
1.74578
1.78771
1.8203
1.84246
1.85383
1.85481
1.84621
1.82901
1.80449
1.77462
1.74228
1.7111
1.68489
1.66691
1.65906
1.66163
1.67318
1.69076
1.71065
1.72924
1.74371
1.75233
1.75426
1.74939
1.73851
1.72378
1.70859
1.69673
1.69082
1.69133
1.69716
1.70672
1.71869
1.73208
1.74616
1.76026
1.7737
1.78572
1.79565
1.8031
1.80815
1.81134
1.81353
1.81541
1.81704
1.81733
1.81414
1.80527
1.7897
1.76807
1.74238
1.71503
1.68818
1.6635
1.64211
1.62469
1.61174
1.60398
1.6022
1.60674
1.61686
1.63067
1.64572
1.65974
1.67116
1.6792
1.68351
1.6837
1.67951
1.67118
1.65996
1.64788
1.63678
1.62707
1.61702
1.60346
1.58335
1.55541
1.5213
1.48595
1.45669
1.44105
1.44423
1.46729
1.50715
1.55783
1.61249
1.66464
1.70881
1.74106
1.75908
1.76223
1.75154
1.73009
1.70344
1.67923
1.66478
1.66376
1.67521
1.69529
1.71955
1.74416
1.76582
1.78153
1.78882
1.78689
1.77822
1.7692
1.76716
1.77502
1.78904
1.80274
1.81169
1.815
1.814
1.81053
1.80619
1.80219
1.79922
1.79738
1.79582
1.79294
1.78682
1.77611
1.76069
1.74179
1.72152
1.70195
1.68426
1.66839
1.65345
1.63908
1.6273
1.62348
1.6338
1.65975
1.69497
1.72874
1.75227
1.76214
1.76012
1.75108
1.74065
1.73331
1.73118
1.73383
1.73895
1.74362
1.74564
1.74439
1.74094
1.73754
1.73687
1.7411
1.75146
1.76758
1.78741
1.80755
1.8242
1.83441
1.83686
1.83184
1.82063
1.80464
1.78531
1.76434
1.74386
1.72578
1.7108
1.69797
1.68543
1.67154
1.65566
1.63818
1.62013
1.60268
1.58672
1.57277
1.56116
1.55231
1.5468
1.54539
1.54901
1.55854
1.57457
1.59704
1.62502
1.65673
1.68987
1.72187
1.7502
1.77264
1.78753
1.79398
1.7918
1.78131
1.76325
1.73893
1.7105
1.68103
1.65398
1.63246
1.61856
1.61321
1.61651
1.62792
1.64626
1.66957
1.6951
1.71964
1.74011
1.75411
1.76021
1.75835
1.74985
1.73721
1.72366
1.71221
1.70496
1.70279
1.70549
1.71179
1.7197
1.72718
1.73331
1.73889
1.74567
1.75421
1.7627
1.76806
1.76782
1.7609
1.7475
1.72891
1.70763
1.68709
1.67056
1.65961
1.65315
1.64802
1.6412
1.63218
1.62314
1.61641
1.61217
1.60964
1.60938
1.61357
1.62434
1.6421
1.66508
1.68998
1.71302
1.73099
1.74176
1.74438
1.73869
1.72516
1.70516
1.68139
1.65762
1.63774
1.62443
1.6184
1.61876
1.62395
1.63248
1.64322
1.65535
1.66814
1.68099
1.69346
1.7054
1.71679
1.72724
1.73544
1.73911
1.73579
1.72414
1.70497
1.68155
1.65874
1.64162
1.63393
1.63739
1.65142
1.67348
1.69977
1.72613
1.74857
1.76372
1.76899
1.76295
1.74581
1.71951
1.68749
1.65376
1.62169
1.59332
1.56912
1.54848
1.53029
1.51374
1.49911
1.48811
1.48346
1.48776
1.50221
1.52596
1.55634
1.58969
1.6222
1.65038
1.67153
1.68409
1.68761
1.68275
1.67116
1.65526
1.63821
1.62342
1.61397
1.61176
1.61684
1.6273
1.64039
1.65435
1.66977
1.6891
1.71454
1.74573
1.77902
1.80904
1.83094
1.84215
1.84272
1.83477
1.82155
1.8064
1.79189
1.77933
1.76867
1.75855
1.74703
1.73223
1.7134
1.69158
1.66974
1.65185
1.64155
1.64085
1.64957
1.66562
1.68578
1.70648
1.7246
1.73785
1.74498
1.74589
1.74153
1.73377
1.72506
1.71791
1.71444
1.71588
1.72221
1.73215
1.74338
1.75303
1.75829
1.75699
1.74798
1.73172
1.71065
1.68891
1.67126
1.66122
1.65987
1.66615
1.67792
1.69283
1.70861
1.72333
1.73565
1.7453
1.75275
1.758
1.75931
1.75355
1.7384
1.71412
1.68377
1.65221
1.62481
1.60635
1.59997
1.60635
1.62308
1.64491
1.66478
1.6758
1.67308
1.6552
1.62478
1.58798
1.55263
1.52568
1.51179
1.51381
1.53321
1.56796
1.61098
1.65303
1.68712
1.71033
1.72252
1.72487
1.71926
1.70841
1.69563
1.68418
1.6763
1.67279
1.67329
1.67699
1.68333
1.69193
1.70232
1.71387
1.7259
1.73786
1.74958
1.76113
1.77258
1.78354
1.79324
1.8009
1.80626
1.80997
1.81352
1.81859
1.82629
1.83651
1.84781
1.85769
1.86344
1.86289
1.85492
1.83957
1.81768
1.79052
1.75994
1.72922
1.70334
1.68756
1.68446
1.69223
1.70619
1.72149
1.73477
1.74426
1.74934
1.75009
1.74681
1.73986
1.72973
1.71735
1.70392
1.69038
1.6771
1.66388
1.65043
1.637
1.62439
1.61374
1.60604
1.60282
1.60698
1.62167
1.64674
1.67727
1.70638
1.72899
1.74306
1.74878
1.74734
1.74016
1.72856
1.71379
1.69709
1.67984
1.66365
1.65049
1.64246
1.64104
1.64632
1.65687
1.67036
1.68433
1.6967
1.70587
1.71083
1.71111
1.70641
1.69639
1.68084
1.65995
1.63477
1.60733
1.5803
1.5562
1.53652
1.52137
1.50973
1.50048
1.49326
1.48897
1.48942
1.49678
1.51275
1.53739
1.56818
1.60031
1.62868
1.65027
1.66491
1.67451
1.68167
1.68874
1.6973
1.70784
1.71988
1.73248
1.7443
1.75361
1.75847
1.75731
1.74937
1.7353
1.7174
1.6995
1.68641
1.68257
1.69051
1.71007
1.73869
1.77235
1.80668
1.83773
1.8626
1.87966
1.88852
1.88974
1.88461
1.87504
1.86313
1.85083
1.83933
1.82879
1.81823
1.80602
1.79055
1.77093
1.74735
1.72132
1.69522
1.67122
1.65011
1.63147
1.61505
1.60175
1.59278
1.58839
1.58789
1.59081
1.59797
1.6116
1.63402
1.6655
1.70262
1.73945
1.77043
1.79227
1.80402
1.80604
1.79907
1.78407
1.76278
1.73864
1.71663
1.70117
1.6933
1.6902
1.68784
1.68408
1.67968
1.6768
1.67659
1.67815
1.67948
1.67899
1.67605
1.671
1.66478
1.65872
1.65443
1.65374
1.65844
1.66977
1.68762
1.70999
1.73339
1.75384
1.76803
1.77415
1.77214
1.76335
1.7499
1.73386
1.71697
1.7008
1.68747
1.67981
1.68009
1.68773
1.69828
1.70555
1.70516
1.69661
1.68276
1.66747
1.65347
1.64191
1.63365
1.63032
1.63368
1.64388
1.65884
1.67528
1.69042
1.70271
1.7116
1.71712
1.71931
1.71782
1.71179
1.70001
1.6816
1.65658
1.62637
1.59409
1.56477
1.54494
1.54034
1.55254
1.57769
1.60944
1.64251
1.67374
1.7014
1.72508
1.74573
1.76489
1.78332
1.80014
1.81339
1.82135
1.82334
1.81983
1.81197
1.801
1.78817
1.77506
1.76407
1.7581
1.75917
1.76691
1.7782
1.78836
1.79313
1.79007
1.77904
1.76206
1.7426
1.72463
1.71159
1.70541
1.70593
1.71111
1.71792
1.72368
1.7268
1.72669
1.72348
1.71773
1.71047
1.70315
1.69727
1.69398
1.69356
1.69536
1.69808
1.70011
1.6996
1.69429
1.68183
1.66086
1.6321
1.59891
1.56707
1.54349
1.53407
1.54132
1.56363
1.59682
1.63648
1.6794
1.72343
1.7667
1.80705
1.84198
1.86918
1.88732
1.89632
1.89704
1.8905
1.8773
1.85778
1.83279
1.80436
1.77554
1.74964
1.72908
1.71441
1.70423
1.69611
1.68818
1.6803
1.67394
1.67024
1.66851
1.66693
1.66474
1.66309
1.66401
1.66891
1.678
1.69045
1.7048
1.71925
1.73215
1.7423
1.74915
1.75255
1.75232
1.74802
1.73918
1.72575
1.70856
1.68949
1.67124
1.65672
1.64841
1.64783
1.6552
1.66939
1.68819
1.70895
1.72915
1.7468
1.76073
1.77056
1.77681
1.78049
1.78261
1.78344
1.7824
1.77838
1.77045
1.75838
1.74283
1.72502
1.70631
1.6879
1.67084
1.65608
1.6446
1.63723
1.63435
1.63544
1.63906
1.6432
1.64595
1.64625
1.64441
1.64183
1.64018
1.64026
1.64164
1.64325
1.64437
1.64477
1.64425
1.642
1.63654
1.62643
1.61141
1.59339
1.5767
1.56674
1.56757
1.58019
1.60278
1.63215
1.66477
1.69694
1.72494
1.74584
1.75832
1.76286
1.76131
1.75595
1.74851
1.7399
1.73055
1.72092
1.7119
1.70456
1.69973
1.69766
1.69809
1.70066
1.70532
1.71245
1.72232
1.7345
1.74757
1.75967
1.76918
1.77494
1.77589
1.77048
1.75704
1.73475
1.70474
1.67076
1.63861
1.61455
1.60301
1.60524
1.61921
1.6406
1.66422
1.68538
1.70083
1.70905
1.70995
1.70433
1.69334
1.67823
1.66033
1.64116
1.62273
1.60752
1.59794
1.59541
1.5995
1.60828
1.61956
1.63191
1.64507
1.65934
1.67496
1.69157
1.70824
1.72369
1.73672
1.74631
1.75166
1.75217
1.74772
1.73876
1.72641
1.71226
1.69812
1.68563
1.67591
1.66925
1.66487
1.66116
1.65608
1.64767
1.63469
1.6171
1.59689
1.57832
1.56712
1.56838
1.58374
1.61011
1.64104
1.66974
1.6916
1.70518
1.7118
1.71448
1.71639
1.71908
1.72147
1.72115
1.71678
1.70973
1.70346
1.70126
1.7042
1.71041
1.716
1.71692
1.7104
1.69612
1.67634
1.6552
1.63728
1.626
1.62247
1.62566
1.63342
1.64351
1.65409
1.66372
1.67158
1.67791
1.68391
1.69084
1.69892
1.70679
1.71224
1.71355
1.71054
1.70474
1.69869
1.69474
1.69412
1.69659
1.70065
1.70422
1.70504
1.70104
1.69082
1.67433
1.65294
1.62884
1.60409
1.58019
1.55849
1.54057
1.52803
1.52228
1.52402
1.53292
1.54755
1.56553
1.58395
1.59971
1.61022
1.6141
1.6119
1.60632
1.60108
1.59848
1.59784
1.59668
1.5932
1.58765
1.58224
1.58049
1.58663
1.60403
1.63253
1.66732
1.70133
1.72902
1.7485
1.76166
1.77285
1.78642
1.80397
1.8235
1.84099
1.85259
1.85554
1.84816
1.82997
1.8021
1.76789
1.73266
1.70233
1.68163
1.67284
1.6754
1.68643
1.70164
1.7166
1.72793
1.73407
1.73541
1.73363
1.73094
1.72913
1.72888
1.72983
1.73084
1.73069
1.72865
1.72477
1.71956
1.71318
1.70482
1.69311
1.67713
1.65731
1.63547
1.61414
1.59552
1.58088
1.57046
1.56382
1.56001
1.55752
1.55459
1.54968
1.54225
1.53373
1.528
1.53039
1.54478
1.57097
1.60434
1.63833
1.66726
1.68796
1.69989
1.70451
1.70412
1.70074
1.6955
1.68862
1.68005
1.67016
1.66021
1.65194
1.64649
1.64362
1.64166
1.63863
1.63375
1.62837
1.62557
1.62869
1.63972
1.65838
1.68261
1.70987
1.73809
1.76558
1.79038
1.81013
1.82232
1.82503
1.81755
1.80097
1.77845
1.75466
1.73357
1.71612
1.70029
1.68376
1.66666
1.65193
1.64348
1.64336
1.64983
1.65829
1.6643
1.66587
1.66381
1.66069
1.65972
1.6636
1.67355
1.68896
1.70766
1.72681
1.74376
1.75687
1.76576
1.77107
1.77374
1.77419
1.77207
1.76685
1.75856
1.74814
1.73693
1.72625
1.71751
1.71243
1.71272
1.71914
1.73043
1.74331
1.75416
1.76155
1.7671
1.77364
1.78269
1.79316
1.80215
1.80645
1.80338
1.79139
1.77014
1.74047
1.70421
1.6639
1.62255
1.58346
1.54981
1.52423
1.5082
1.50163
1.50271
1.50835
1.51515
1.52045
1.52301
1.52292
1.52122
1.51925
1.51823
1.51908
1.52271
1.53023
1.54274
1.56045
1.58177
1.60355
1.62221
1.63505
1.64111
1.64146
1.63873
1.63623
1.63686
1.64234
1.65325
1.66906
1.6884
1.70943
1.73042
1.75002
1.76729
1.7815
1.79175
1.79684
1.79539
1.78647
1.77022
1.74817
1.7229
1.69731
1.67394
1.65436
1.63895
1.627
1.61703
1.60749
1.59748
1.58736
1.57887
1.57476
1.57784
1.5898
1.61017
1.63631
1.66402
1.6889
1.70762
1.71896
1.72385
1.7244
1.72225
1.71765
1.70998
1.6993
1.68715
1.6764
1.6698
1.66836
1.67073
1.67461
1.67891
1.68458
1.69372
1.70797
1.72733
1.75014
1.77362
1.7948
1.81119
1.82139
1.8256
1.82554
1.82393
1.8232
1.82446
1.82705
1.82922
1.82894
1.82417
1.81294
1.79341
1.765
1.72975
1.69307
1.66222
1.64268
1.63527
1.63654
1.64162
1.64665
1.64961
1.64994
1.64823
1.64617
1.64616
1.64996
1.65706
1.66438
1.66727
1.66162
1.64594
1.62288
1.59928
1.5832
1.5792
1.58597
1.59845
1.61152
1.622
1.62877
1.63241
1.63459
1.63732
1.64231
1.65055
1.66237
1.6777
1.69625
1.71734
1.73976
1.7619
1.78172
1.79704
1.80585
1.80684
1.79945
1.78367
1.75962
1.72759
1.68862
1.64491
1.59985
1.55717
1.51969
1.48903
1.46652
1.4539
1.45271
1.46301
1.48289
1.50924
1.53902
1.56983
1.59996
1.62803
1.65296
1.67413
1.69131
1.70438
1.71325
1.71781
1.71779
1.71265
1.70175
1.68517
1.66424
1.64151
1.62016
1.60316
1.593
1.59171
1.60115
1.62238
1.65468
1.69494
1.73799
1.77809
1.81031
1.83153
1.84039
1.83716
1.82328
1.80107
1.77339
1.74323
1.71339
1.68625
1.6636
1.64628
1.6342
1.62697
1.62491
1.62947
1.64272
1.66594
1.69868
1.7381
1.77862
1.81316
1.83697
1.84996
1.85512
1.85553
1.85249
1.84564
1.83416
1.81796
1.7983
1.77765
1.75883
1.74398
1.73381
1.72766
1.72417
1.72197
1.71986
1.71662
1.71076
1.70066
1.68504
1.66386
1.63915
1.61502
1.59654
1.58786
1.59061
1.60352
1.62313
1.6454
1.66725
1.68756
1.70693
1.72658
1.74648
1.76429
1.77599
1.77799
1.76893
1.75038
1.72651
1.70277
1.68361
1.6706
1.66272
1.65838
1.65703
1.65939
1.66663
1.67937
1.69687
1.71688
1.73583
1.74963
1.75473
1.74905
1.73272
1.70851
1.68203
1.66077
1.65179
1.65872
1.68021
1.71134
1.7461
1.7788
1.80455
1.82021
1.82551
1.8229
1.81623
1.80895
1.80299
1.79885
1.79636
1.79562
1.79717
1.80146
1.80813
1.81569
1.8218
1.82402
1.8205
1.81064
1.79509
1.77543
1.75356
1.73118
1.70958
1.68987
1.67301
1.6596
1.64954
1.6421
1.63626
1.63125
1.62686
1.62335
1.62111
1.62012
1.61995
1.62011
1.6207
1.62249
1.6262
1.63148
1.63665
1.63934
1.63773
1.6316
1.62241
1.61289
1.60613
1.60457
1.60947
1.62082
1.63766
1.65864
1.68239
1.70762
1.73299
1.75694
1.77767
1.79339
1.80292
1.80629
1.8048
1.80055
1.79563
1.79122
1.78756
1.78461
1.78267
1.7824
1.78407
1.78712
1.78996
1.79052
1.7868
1.77743
1.76229
1.74296
1.72252
1.70398
1.68853
1.67547
1.664
1.65471
1.64963
1.65156
1.66294
1.68458
1.71478
1.74948
1.78335
1.81104
1.82828
1.83258
1.8236
1.80329
1.77551
1.74485
1.71534
1.68965
1.66914
1.65417
1.6442
1.63799
1.63398
1.63078
1.62768
1.62503
1.62405
1.62627
1.63293
1.64445
1.66046
1.68032
1.70368
1.73073
1.76142
1.79453
1.82752
1.85747
1.88208
1.89983
1.90982
1.91135
1.90389
1.88713
1.86134
1.82735
1.78662
1.74097
1.69247
1.64327
1.59599
1.55406
1.5214
1.50132
1.49505
1.50104
1.51563
1.53426
1.55271
1.56781
1.57776
1.58191
1.5805
1.57435
1.56488
1.55442
1.54614
1.54352
1.54936
1.5647
1.58836
1.61733
1.64789
1.67682
1.70188
1.72174
1.73562
1.74319
1.7445
1.73998
1.73041
1.71747
1.70418
1.69462
1.69198
1.6969
1.70754
1.7211
1.7353
1.74894
1.7617
1.77347
1.78378
1.79156
1.79561
1.79509
1.78966
1.77929
1.76415
1.7446
1.72157
1.6969
1.67316
1.65308
1.63886
1.63164
1.63136
1.63699
1.64704
1.66
1.67458
1.68979
1.70488
1.71934
1.73257
1.74385
1.75233
1.75723
1.75805
1.75453
1.74673
1.73509
1.7206
1.70478
1.68944
1.67609
1.66549
1.65759
1.6517
1.64684
1.64186
1.63528
1.62529
1.61047
1.59119
1.57103
1.55621
1.55177
1.55773
1.56987
1.58446
1.60102
1.62131
1.64635
1.67449
1.70172
1.72368
1.73729
1.74153
1.73736
1.72736
1.71503
1.70377
1.69587
1.69195
1.69123
1.69232
1.69397
1.69541
1.6964
1.69684
1.69658
1.69524
1.69227
1.68718
1.67973
1.67017
1.65924
1.64803
1.63783
1.6298
1.62503
1.62441
1.62875
1.63856
1.65385
1.67392
1.69732
1.72197
1.74529
1.76446
1.7768
1.78012
1.77328
1.75674
1.73319
1.70751
1.6861
1.67506
1.67779
1.69329
1.71635
1.7398
1.7572
1.76445
1.7602
1.74533
1.72203
1.69307
1.66113
1.6284
1.59652
1.56668
1.53989
1.51732
1.50026
1.49035
1.48972
1.50066
1.52459
1.56082
1.60593
1.65462
1.70162
1.74349
1.77893
1.80772
1.82946
1.84331
1.84881
1.84651
1.838
1.82526
1.81014
1.794
1.77762
1.76138
1.74541
1.72959
1.71392
1.69895
1.68634
1.6782
1.67543
1.67613
1.67602
1.67094
1.66013
1.64825
1.64356
1.65158
1.66988
1.68965
1.70101
1.69667
1.67352
1.63462
1.59242
1.56695
1.57224
1.60438
1.64904
1.69461
1.73527
1.76808
1.79066
1.80083
1.7972
1.78039
1.75412
1.72446
1.69685
1.67303
1.65109
1.62827
1.60376
1.57943
1.55912
1.54689
1.54558
1.55576
1.57557
1.6015
1.62954
1.65604
1.6784
1.69539
1.70694
1.71384
1.71718
1.71778
1.71593
1.71151
1.70429
1.69459
1.68349
1.6726
1.66352
1.65751
1.65545
1.65783
1.66434
1.67345
1.68263
1.68939
1.69226
1.69064
1.68426
1.67274
1.65599
1.63499
1.61229
1.59153
1.57632
1.56902
1.57018
1.57881
1.59298
1.61014
1.62748
1.64223
1.65219
1.6562
1.65429
1.64762
1.63797
1.62712
1.61626
1.60559
1.59443
1.58179
1.56728
1.5518
1.53773
1.5281
1.52509
1.52869
1.53686
1.54662
1.55526
1.56175
1.56762
1.57652
1.59213
1.61552
1.64411
1.67299
1.69746
1.71488
1.72521
1.7304
1.73325
1.73617
1.74023
1.74502
1.74923
1.75179
1.75247
1.75203
1.75192
1.75378
1.75899
1.76824
1.78108
1.79591
1.81001
1.82022
1.8236
1.81782
1.80145
1.77435
1.73802
1.69592
1.65325
1.61608
1.58967
1.57656
1.57585
1.58405
1.59673
1.60962
1.61905
1.62226
1.61801
1.60708
1.5926
1.57943
1.57258
1.57542
1.58843
1.60957
1.63577
1.66431
1.69314
1.72033
1.74373
1.76138
1.77247
1.77802
1.78065
1.78333
1.78767
1.79299
1.79713
1.79822
1.796
1.79184
1.7874
1.7829
1.77667
1.76609
1.74903
1.72509
1.69679
1.66999
1.6514
1.64407
1.64606
1.65353
1.66244
1.66824
1.66661
1.65558
1.63598
1.61045
1.58223
1.55435
1.52925
1.50881
1.49482
1.4895
1.49518
1.51298
1.54149
1.57666
1.61274
1.64393
1.66611
1.67808
1.6819
1.68177
1.68219
1.68584
1.6927
1.70084
1.70815
1.71349
1.71697
1.71969
1.72326
1.72933
1.73892
1.75175
1.76605
1.7791
1.78802
1.7905
1.78535
1.77265
1.75386
1.73168
1.70968
1.6915
1.67971
1.67496
1.67625
1.68199
1.69078
1.7016
1.71352
1.72538
1.73573
1.74299
1.74571
1.74301
1.73507
1.72351
1.71121
1.70128
1.6959
1.69552
1.69899
1.70451
1.71041
1.71554
1.71923
1.72125
1.7219
1.72176
1.72139
1.72075
1.71904
1.7151
1.7083
1.69937
1.69025
1.68318
1.67956
1.67912
1.68026
1.68082
1.67905
1.67412
1.66614
1.65589
1.64437
1.63264
1.62172
1.61284
1.60757
1.60736
1.61266
1.62261
1.63513
1.64738
1.65683
1.66226
1.6642
1.66428
1.66394
1.66341
1.66179
1.65822
1.65281
1.64666
1.64106
1.63681
1.63396
1.63214
1.63122
1.63169
1.63451
1.64046
1.6495
1.66046
1.6715
1.68115
1.68927
1.69712
1.70628
1.7175
1.72994
1.74175
1.75121
1.75763
1.76154
1.76432
1.76759
1.77272
1.78048
1.79082
1.80257
1.81333
1.82013
1.82082
1.81514
1.80468
1.79176
1.77817
1.76441
1.74986
1.73349
1.71465
1.69329
1.66986
1.64507
1.62012
1.59672
1.57676
1.56159
1.55172
1.54724
1.54878
1.55773
1.57544
1.60191
1.63498
1.67062
1.70425
1.7322
1.7527
1.76591
1.77309
1.77578
1.77516
1.77208
1.7672
1.76095
1.75323
1.74331
1.73018
1.71393
1.69707
1.68436
1.67999
1.68432
1.69434
1.70709
1.72199
1.73996
1.76137
1.78501
1.8083
1.82821
1.84211
1.84838
1.84662
1.83735
1.8217
1.80132
1.77844
1.75586
1.73634
1.7217
1.71195
1.7057
1.70119
1.69712
1.69288
1.68807
1.68234
1.67549
1.66801
1.66145
1.65819
1.66059
1.66989
1.68525
1.70375
1.72145
1.7347
1.74093
1.73887
1.72835
1.71026
1.68666
1.66111
1.63857
1.62466
1.62363
1.63612
1.65876
1.68597
1.71269
1.73605
1.75562
1.77246
1.78757
1.80069
1.80997
1.81287
1.80737
1.79302
1.77119
1.74476
1.71724
1.69196
1.6714
1.65697
1.64912
1.64745
1.65066
1.6566
1.66246
1.66556
1.66405
1.65736
1.64624
1.63287
1.62078
1.61447
1.61834
1.6348
1.66254
1.69642
1.72931
1.75464
1.76831
1.76967
1.76109
1.74644
1.72897
1.71026
1.69098
1.6724
1.65676
1.6464
1.64254
1.64464
1.6509
1.65903
1.66689
1.67293
1.67637
1.67726
1.67638
1.67495
1.67434
1.67565
1.67932
1.68477
1.69035
1.69376
1.69275
1.68582
1.67281
1.65517
1.63576
1.61819
1.60566
1.59988
1.60053
1.60561
1.61207
1.61682
1.61766
1.61426
1.60848
1.60385
1.60367
1.60901
1.61801
1.62708
1.63306
1.63529
1.63593
1.63867
1.64657
1.65993
1.67578
1.6888
1.69425
1.6926
1.69277
1.70589
1.7316
1.7567
1.76828
1.76201
1.74133
1.71421
1.68988
1.67494
1.67097
1.6752
1.68337
1.69189
1.69849
1.70191
1.7015
1.69726
1.69017
1.68253
1.67725
1.67626
1.67901
1.68252
1.68305
1.67808
1.66743
1.65342
1.63989
1.63102
1.62996
1.63794
1.65376
1.67388
1.69322
1.70663
1.71029
1.70247
1.68374
1.65685
1.62639
1.59821
1.5783
1.57109
1.57786
1.59648
1.62267
1.65174
1.67982
1.70415
1.72286
1.73465
1.73869
1.73463
1.72278
1.70437
1.68163
1.65762
1.63587
1.61976
1.6117
1.61258
1.62141
1.63549
1.65122
1.66519
1.67528
1.68086
1.68241
1.68077
1.67675
1.67106
1.66415
1.65639
1.64833
1.64091
1.63511
1.63159
1.63027
1.63052
1.63143
1.63238
1.63331
1.6345
1.63628
1.63859
1.64085
1.64212
1.64156
1.63885
1.63457
1.63054
1.62949
1.63361
1.64305
1.65599
1.67036
1.68507
1.70018
1.7166
1.73573
1.75844
1.78384
1.80891
1.82972
1.8431
1.84755
1.84324
1.83148
1.81414
1.79322
1.77059
1.74783
1.72614
1.70625
1.68861
1.67422
1.66525
1.66442
1.6725
1.68677
1.70222
1.71457
1.72172
1.72342
1.72008
1.71201
1.69967
1.68426
1.66808
1.65402
1.64445
1.64018
1.64005
1.64147
1.6415
1.63816
1.63137
1.6229
1.61574
1.61299
1.61682
1.62797
1.6456
1.66753
1.69101
1.71389
1.73525
1.75524
1.77391
1.79048
1.80302
1.80892
1.80556
1.79111
1.76511
1.7291
1.68671
1.64304
1.60346
1.57202
1.55024
1.53665
1.52818
1.52265
1.5199
1.52083
1.52574
1.53434
1.54672
1.56379
1.58678
1.61634
1.65183
1.6913
1.732
1.771
1.8055
1.83308
1.85176
1.86046
1.85932
1.84978
1.83385
1.81317
1.78848
1.75985
1.72751
1.69269
1.65779
1.62571
1.59868
1.5777
1.56301
1.5545
1.55159
1.5529
1.55653
1.56063
1.56377
1.56523
1.5651
1.56455
1.56579
1.57155
1.58414
1.60422
1.62992
1.65689
1.68004
1.69596
1.70433
1.70729
1.70734
1.70583
1.70309
1.6995
1.69619
1.6939
1.69111
1.68354
1.66627
1.63714
1.59876
1.55807
1.52363
1.50202
1.49566
1.50274
1.51902
1.53994
1.56193
1.58277
1.60123
1.61674
1.62912
1.63861
1.64591
1.65221
1.65884
1.6669
1.67689
1.68854
1.70083
1.71243
1.72205
1.7287
1.73185
1.73155
1.72841
1.72355
1.71818
1.71314
1.70858
1.70396
1.69856
1.69194
1.68435
1.67685
1.67104
1.66845
1.66984
1.67442
1.67988
1.683
1.68066
1.67085
1.65349
1.63082
1.60699
1.58673
1.57368
1.56915
1.57189
1.57943
1.59046
1.60612
1.62854
1.65817
1.6928
1.72864
1.76194
1.78961
1.80924
1.81924
1.81889
1.80853
1.78947
1.76393
1.73467
1.70465
1.6764
1.65177
1.63184
1.61702
1.60709
1.60107
1.59727
1.5939
1.5898
1.58478
1.57969
1.57643
1.57783
1.58683
1.60506
1.63166
1.66353
1.69659
1.72721
1.7528
1.77213
1.78533
1.79375
1.79929
1.80331
1.80589
1.80576
1.80119
1.79079
1.77426
1.75266
1.72832
1.70425
1.68331
1.66739
1.6569
1.65082
1.6473
1.64443
1.6409
1.63642
1.63185
1.6287
1.628
1.62914
1.62996
1.62827
1.62363
1.6177
1.61334
1.61324
1.61888
1.63032
1.64664
1.66652
1.68855
1.71119
1.73255
1.75078
1.76442
1.77294
1.77655
1.77581
1.77089
1.76154
1.74732
1.72811
1.70483
1.67992
1.6576
1.6435
1.6431
1.65906
1.68877
1.72505
1.75979
1.7872
1.80503
1.81424
1.81813
1.82069
1.82465
1.83025
1.83555
