1.15642
1.15274
1.15126
1.15368
1.16075
1.1718
1.18489
1.1972
1.20572
1.20803
1.20301
1.19148
1.17606
1.16008
1.14622
1.13581
1.12926
1.12665
1.12757
1.13046
1.13255
1.13091
1.12377
1.11154
1.09696
1.08429
1.07768
1.07906
1.08711
1.09834
1.10926
1.11801
1.12451
1.12973
1.13465
1.1396
1.14418
1.14767
1.1496
1.15014
1.15022
1.15094
1.15293
1.15598
1.15939
1.16232
1.16394
1.16342
1.15982
1.15214
1.13963
1.12214
1.10064
1.07805
1.05989
1.05298
1.06013
1.07666
1.09502
1.11143
1.12653
1.14204
1.15827
1.17372
1.18623
1.19409
1.19669
1.19474
1.19012
1.18526
1.18207
1.18091
1.18039
1.1784
1.17323
1.16431
1.15228
1.13854
1.12456
1.11115
1.09827
1.08536
1.07222
1.05951
1.04879
1.04183
1.03983
1.04296
1.05027
1.05984
1.06951
1.07807
1.08562
1.09291
1.10058
1.10891
1.11781
1.12682
1.13503
1.14108
1.14363
1.142
1.13676
1.12992
1.12444
1.12323
1.12771
1.13674
1.14714
1.15548
1.15968
1.15948
1.15593
1.15082
1.14629
1.14419
1.14526
1.14877
1.15294
1.15605
1.15705
1.15575
1.15255
1.14822
1.14423
1.14306
1.14762
1.15904
1.17504
1.19113
1.20308
1.20838
1.20623
1.1972
1.1831
1.16694
1.15257
1.14355
1.14154
1.14517
1.15085
1.15475
1.15452
1.14982
1.14182
1.13226
1.12268
1.11413
1.10738
1.10341
1.10363
1.10942
1.12119
1.13775
1.15644
1.17398
1.18751
1.1953
1.19722
1.19469
1.19008
1.18564
1.18237
1.17948
1.17497
1.16666
1.15332
1.13527
1.11446
1.0938
1.07613
1.06327
1.05574
1.0531
1.05452
1.05903
1.0655
1.07264
1.07933
1.08509
1.09025
1.0956
1.10192
1.10947
1.11794
1.12676
1.13539
1.1435
1.15069
1.15623
1.15925
1.15894
1.15497
1.14742
1.13665
1.12316
1.10781
1.09204
1.07816
1.06923
1.06857
1.07856
1.09915
1.1274
1.15861
1.18819
1.21287
1.23088
1.2417
1.24565
1.24353
1.23643
1.22541
1.21118
1.19406
1.1741
1.15171
1.1281
1.10548
1.08698
1.07591
1.07485
1.08464
1.10387
1.12941
1.15727
1.18338
1.20434
1.21812
1.22439
1.22423
1.21938
1.2114
1.201
1.18786
1.17123
1.15101
1.12882
1.10808
1.09278
1.08534
1.08542
1.09072
1.09877
1.10786
1.11691
1.12519
1.13211
1.13729
1.14056
1.14194
1.14142
1.13897
1.13459
1.12877
1.12302
1.11957
1.12024
1.12525
1.13309
1.14153
1.14868
1.15339
1.15517
1.15412
1.15089
1.14668
1.14297
1.14103
1.14149
1.14411
1.14802
1.15226
1.15605
1.15904
1.16124
1.16299
1.16474
1.16689
1.16965
1.17276
1.17535
1.17612
1.17349
1.16588
1.15229
1.13349
1.11325
1.09723
1.08864
1.08599
1.08653
1.0894
1.0949
1.10232
1.10978
1.11568
1.12001
1.12455
1.1322
1.14531
1.16389
1.18511
1.20477
1.21954
1.22801
1.23055
1.22859
1.22396
1.21812
1.21181
1.20536
1.19929
1.19468
1.19278
1.19415
1.19833
1.20396
1.20935
1.21294
1.21364
1.21086
1.20457
1.19512
1.18317
1.16969
1.15569
1.14218
1.13005
1.12024
1.11381
1.1119
1.11551
1.12514
1.14034
1.1596
1.18062
1.20094
1.21849
1.2317
1.23949
1.24088
1.23525
1.22303
1.20646
1.18952
1.17637
1.16947
1.16897
1.17375
1.18255
1.19438
1.20812
1.2221
1.23401
1.24121
1.24143
1.23335
1.21721
1.1952
1.17112
1.14895
1.13077
1.11609
1.103
1.0899
1.07644
1.06344
1.0523
1.04438
1.04051
1.0407
1.04412
1.0492
1.05408
1.05729
1.05825
1.05742
1.056
1.05551
1.05726
1.06222
1.07072
1.08237
1.096
1.10981
1.12175
1.13004
1.13352
1.13192
1.12585
1.11647
1.1051
1.09327
1.08315
1.07775
1.07921
1.08638
1.09519
1.10194
1.10556
1.10736
1.10942
1.11333
1.11972
1.12834
1.13831
1.14837
1.15707
1.16324
1.16615
1.16554
1.1615
1.15435
1.14468
1.13344
1.12194
1.11175
1.10426
1.10029
1.09969
1.10156
1.10466
1.10811
1.11168
1.11549
1.11934
1.12219
1.12286
1.12097
1.11745
1.11404
1.1126
1.11419
1.11858
1.12425
1.12897
1.13067
1.12803
1.12072
1.10944
1.09576
1.08209
1.07146
1.06693
1.07038
1.08155
1.09795
1.11604
1.13257
1.14546
1.15368
1.15682
1.15478
1.14813
1.13853
1.12835
1.11943
1.11241
1.10737
1.10465
1.10453
1.10635
1.10842
1.10895
1.10687
1.10214
1.09552
1.08826
1.08178
1.07719
1.07491
1.07442
1.07454
1.07398
1.07187
1.06796
1.06271
1.05717
1.05263
1.0506
1.05273
1.06066
1.07497
1.09418
1.11478
1.1326
1.14444
1.14915
1.14761
1.1422
1.13578
1.13071
1.12801
1.12748
1.12854
1.13115
1.13594
1.14346
1.15322
1.16341
1.17133
1.17439
1.1707
1.15945
1.14092
1.11652
1.08868
1.06078
1.03684
1.02068
1.01486
1.01973
1.03323
1.0517
1.07112
1.08829
1.10122
1.10893
1.11098
1.10713
1.0975
1.08298
1.06571
1.049
1.03677
1.03278
1.03969
1.05788
1.08474
1.11545
1.14489
1.1693
1.18686
1.19727
1.20134
1.20055
1.19688
1.19255
1.18947
1.18883
1.19086
1.19491
1.19976
1.20387
1.20557
1.20349
1.19679
1.18536
1.16973
1.15091
1.13021
1.10915
1.08949
1.07338
1.06313
1.06017
1.06404
1.07252
1.08297
1.09362
1.10395
1.11422
1.1249
1.13608
1.1473
1.15749
1.16515
1.1686
1.16627
1.15707
1.14086
1.11877
1.09328
1.06761
1.04461
1.02568
1.01062
0.998547
0.989567
0.985696
0.990178
1.00497
1.02844
1.05565
1.08109
1.10102
1.11413
1.12085
1.12248
1.12071
1.11736
1.1141
1.11181
1.11024
1.10826
1.10494
1.10036
1.09558
1.09157
1.08866
1.0868
1.08604
1.08649
1.08765
1.08852
1.08823
1.08652
1.0838
1.08064
1.07732
1.07366
1.06936
1.06471
1.06104
1.06079
1.06665
1.0802
1.10081
1.12584
1.15214
1.17733
1.20023
1.22041
1.23756
1.25109
1.26021
1.26413
1.26239
1.25502
1.24271
1.22682
1.20916
1.19163
1.17579
1.16263
1.15236
1.14463
1.13884
1.13459
1.13186
1.13058
1.1302
1.12947
1.12704
1.12205
1.1144
1.10464
1.0936
1.08214
1.07118
1.06185
1.05565
1.0543
1.0594
1.07174
1.09056
1.11315
1.13549
1.15357
1.16477
1.16855
1.16635
1.1608
1.1547
1.15029
1.14861
1.14929
1.15081
1.15117
1.14873
1.14273
1.13339
1.12179
1.1095
1.09826
1.08953
1.08411
1.08203
1.0827
1.08526
1.08887
1.09291
1.09703
1.10125
1.10605
1.11224
1.12056
1.13113
1.14316
1.15526
1.16598
1.17424
1.17955
1.18209
1.18253
1.18188
1.18103
1.1804
1.17994
1.17931
1.17832
1.17689
1.17478
1.1716
1.16704
1.16124
1.15532
1.15149
1.15233
1.15911
1.17054
1.18347
1.19486
1.20296
1.20738
1.20866
1.20774
1.20564
1.20315
1.20073
1.19835
1.19559
1.19175
1.18582
1.1766
1.16339
1.14705
1.1306
1.11771
1.10979
1.10519
1.10166
1.0984
1.09581
1.09443
1.0943
1.09483
1.09476
1.09255
1.08731
1.07989
1.0729
1.06926
1.07049
1.076
1.08423
1.09398
1.10513
1.11827
1.13384
1.15129
1.16865
1.18279
1.19039
1.18933
1.1797
1.16404
1.14637
1.13027
1.1176
1.10877
1.10382
1.10287
1.10586
1.1122
1.12072
1.13002
1.13887
1.14643
1.15221
1.15596
1.15754
1.15683
1.15363
1.14767
1.13866
1.12655
1.11201
1.09642
1.08159
1.06928
1.06079
1.05711
1.05926
1.06849
1.08554
1.10916
1.13561
1.1601
1.1788
1.18981
1.19299
1.1892
1.17975
1.16618
1.15045
1.13522
1.12361
1.1182
1.11974
1.12694
1.13728
1.14798
1.15647
1.16072
1.1595
1.15264
1.14122
1.12729
1.11343
1.1018
1.09333
1.08757
1.08324
1.07913
1.07465
1.07002
1.06607
1.06389
1.06437
1.06794
1.07439
1.08286
1.09185
1.09952
1.1042
1.10507
1.10256
1.09815
1.09358
1.0901
1.08855
1.08989
1.0954
1.10623
1.12259
1.14321
1.16552
1.18633
1.20265
1.21244
1.215
1.211
1.20213
1.19062
1.17875
1.1685
1.16124
1.15755
1.15737
1.16036
1.16603
1.17354
1.18142
1.1875
1.1892
1.18432
1.17205
1.15373
1.13248
1.11127
1.09139
1.07306
1.05716
1.04567
1.04048
1.04208
1.04916
1.0596
1.07177
1.08528
1.1003
1.11612
1.13013
1.13873
1.14012
1.1364
1.13275
1.13309
1.13686
1.14084
1.14253
1.14106
1.13607
1.12758
1.11675
1.10634
1.09928
1.09646
1.09643
1.09727
1.09831
1.10008
1.10327
1.10789
1.11302
1.11707
1.11828
1.11537
1.10827
1.09856
1.08935
1.08425
1.08577
1.09412
1.10728
1.12204
1.13539
1.14521
1.15033
1.1503
1.14513
1.1353
1.1223
1.10904
1.09935
1.09598
1.09887
1.10552
1.11267
1.11767
1.11897
1.11611
1.10968
1.10101
1.09181
1.08365
1.07774
1.07489
1.0755
1.07911
1.0843
1.08922
1.09249
1.09368
1.09313
1.09149
1.08926
1.08667
1.0837
1.08033
1.07679
1.0737
1.07174
1.07132
1.07223
1.07375
1.07513
1.07606
1.07688
1.07837
1.08116
1.08526
1.09013
1.09497
1.09908
1.10199
1.10334
1.10264
1.09943
1.09371
1.08662
1.08067
1.07884
1.08315
1.09365
1.10874
1.12597
1.14288
1.1573
1.16751
1.17265
1.17283
1.16914
1.16317
1.15626
1.14925
1.14255
1.13638
1.13085
1.12592
1.1216
1.11821
1.1161
1.11488
1.11299
1.10855
1.10094
1.09171
1.08388
1.08007
1.08104
1.08586
1.09276
1.09989
1.10595
1.1106
1.11448
1.11898
1.12564
1.13549
1.14885
1.16523
1.18347
1.20193
1.21883
1.23249
1.24173
1.24605
1.24553
1.24056
1.2315
1.21857
1.20225
1.18375
1.1653
1.14939
1.1377
1.13056
1.12757
1.1283
1.13232
1.13903
1.14766
1.1572
1.1667
1.17554
1.18387
1.19233
1.20107
1.20896
1.21419
1.21539
1.21224
1.20487
1.1935
1.17862
1.16129
1.14323
1.12639
1.11243
1.1022
1.09557
1.09149
1.08837
1.08462
1.07911
1.07138
1.0618
1.05153
1.04228
1.03557
1.032
1.03075
1.03003
1.02807
1.02402
1.01848
1.01353
1.01207
1.01663
1.02808
1.04509
1.06492
1.08462
1.10204
1.11625
1.12738
1.13647
1.14521
1.15559
1.16925
1.18651
1.206
1.22504
1.24024
1.24812
1.24557
1.23058
1.20335
1.16759
1.13051
1.10044
1.08247
1.0761
1.07724
1.08185
1.0877
1.0942
1.10146
1.10972
1.11916
1.12975
1.1412
1.15292
1.16422
1.17448
1.18316
1.1898
1.19399
1.19564
1.19504
1.19301
1.19066
1.18904
1.18891
1.19045
1.19335
1.19687
1.19983
1.20069
1.19767
1.18933
1.17542
1.15773
1.1401
1.12714
1.1222
1.1258
1.13558
1.14763
1.15794
1.1633
1.1617
1.15248
1.13631
1.11497
1.09107
1.06768
1.04803
1.03513
1.0312
1.03679
1.05016
1.06759
1.08474
1.09812
1.10605
1.10877
1.1079
1.10546
1.10313
1.10203
1.10275
1.10547
1.10975
1.1146
1.11878
1.12142
1.1224
1.12253
1.12331
1.12638
1.13287
1.1428
1.15485
1.16676
1.17608
1.18113
1.18156
1.17826
1.1727
1.16609
1.159
1.15165
1.14468
1.13939
1.13715
1.13873
1.14385
1.15137
1.15953
1.16647
1.17058
1.1708
1.16688
1.15955
1.15054
1.14217
1.13646
1.13412
1.13413
1.13424
1.13212
1.12628
1.11667
1.10443
1.09126
1.07879
1.06818
1.0601
1.05469
1.05127
1.04842
1.04451
1.03868
1.03164
1.02555
1.02298
1.02561
1.03374
1.04662
1.06299
1.08117
1.09905
1.11434
1.12497
1.13003
1.13046
1.12939
1.13092
1.13767
1.14898
1.16147
1.17139
1.17625
1.17529
1.16906
1.15906
1.14712
1.13507
1.12443
1.11631
1.11146
1.11019
1.11227
1.11698
1.12327
1.13
1.13622
1.14119
1.1444
1.14552
1.14445
1.14136
1.13686
1.13214
1.12881
1.12825
1.13067
1.1347
1.13778
1.13737
1.13177
1.12054
1.10432
1.08452
1.06308
1.04211
1.02362
1.00922
0.999995
0.996285
0.997681
1.00312
1.01121
1.02049
1.02967
1.03774
1.04396
1.04782
1.04908
1.04799
1.04557
1.04361
1.04412
1.04832
1.05591
1.06533
1.07508
1.08475
1.0949
1.10637
1.11945
1.13364
1.14793
1.16132
1.17319
1.18335
1.19177
1.19828
1.20255
1.20405
1.20229
1.19713
1.18877
1.17786
1.16533
1.15233
1.1403
1.13109
1.12687
1.12932
1.13846
1.15224
1.16755
1.18171
1.19312
1.20108
1.20547
1.20657
1.20527
1.20291
1.20076
1.19917
1.19738
1.19429
1.18944
1.18337
1.17739
1.17288
1.1708
1.17134
1.17408
1.17828
1.18319
1.18834
1.19363
1.19921
1.20502
1.21049
1.21409
1.21365
1.20697
1.19249
1.17001
1.14079
1.10733
1.07282
1.0405
1.01309
0.992505
0.979465
0.973523
0.973409
0.977527
0.984244
0.992035
0.99963
1.00618
1.01128
1.0148
1.01686
1.01803
1.01965
1.02377
1.03254
1.04708
1.06695
1.09032
1.11464
1.1372
1.15561
1.16807
1.17371
1.17299
1.16788
1.16152
1.15708
1.15644
1.15946
1.16446
1.16933
1.17244
1.17294
1.17073
1.16615
1.15975
1.15214
1.14385
1.13529
1.12687
1.11885
1.11132
1.10399
1.09629
1.08763
1.07774
1.06687
1.05571
1.04517
1.03596
1.02833
1.02197
1.01625
1.01075
1.00572
1.00253
1.00381
1.01295
1.03235
1.06119
1.09483
1.12711
1.15312
1.17047
1.17898
1.17991
1.1754
1.16807
1.16035
1.15378
1.14858
1.14398
1.13909
1.13351
1.1278
1.12313
1.12077
1.12153
1.12558
1.13249
1.14117
1.14974
1.15586
1.15752
1.15381
1.14539
1.13413
1.12234
1.11188
1.10347
1.09666
1.09023
1.08322
1.07567
1.06893
1.06512
1.06615
1.07291
1.08513
1.10156
1.12041
1.13968
1.15753
1.1724
1.18293
1.18793
1.18646
1.17826
1.16438
1.14717
1.12974
1.11495
1.10469
1.09967
1.09948
1.10287
1.10835
1.11486
1.12197
1.12939
1.13675
1.14353
1.14911
1.15273
1.15348
1.15047
1.14331
1.13245
1.11917
1.10521
1.09223
1.08148
1.07384
1.06998
1.07026
1.0742
1.0802
1.08591
1.08928
1.08926
1.08612
1.0809
1.07477
1.06846
1.06212
1.05547
1.04835
1.04111
1.03472
1.03062
1.0303
1.03485
1.0446
1.0589
1.07637
1.0953
1.11388
1.1304
1.14328
1.15133
1.154
1.15143
1.14448
1.13445
1.12284
1.11146
1.10227
1.0971
1.09679
1.10079
1.10746
1.11501
1.12243
1.12955
1.13658
1.14345
1.14934
1.15289
1.15265
1.14777
1.13834
1.12554
1.1115
1.09871
1.08918
1.08378
1.08203
1.0826
1.08405
1.08535
1.08607
1.08623
1.08591
1.08486
1.0824
1.078
1.0719
1.06536
1.05997
1.05663
1.05505
1.05404
1.05201
1.04757
1.04006
1.03034
1.02138
1.01807
1.0254
1.04546
1.07598
1.11185
1.14769
1.17939
1.20443
1.2217
1.23104
1.23299
1.2284
1.21815
1.20288
1.18289
1.15814
1.12878
1.09594
1.06262
1.03405
1.01652
1.01471
1.02884
1.05398
1.08262
1.10793
1.12577
1.13457
1.13448
1.12657
1.11261
1.09495
1.07625
1.05887
1.04433
1.03317
1.02537
1.02099
1.02038
1.02423
1.03283
1.04569
1.06121
1.07726
1.09203
1.10468
1.11536
1.12477
1.13339
1.14117
1.14766
1.15219
1.15403
1.15224
1.14579
1.13393
1.11666
1.09518
1.07176
1.04913
1.02946
1.01393
1.00316
0.997775
0.998488
1.00561
1.01863
1.03635
1.05731
1.08006
1.10313
1.12512
1.14478
1.16117
1.17379
1.18252
1.18757
1.18953
1.18921
1.18764
1.18578
1.18429
1.18327
1.18232
1.18057
1.17706
1.17101
1.16208
1.15059
1.13743
1.12395
1.11154
1.10141
1.09456
1.09175
1.09341
1.0995
1.10926
1.12116
1.13306
1.14274
1.14846
1.14927
1.14522
1.13745
1.12786
1.11869
1.112
1.10924
1.11098
1.11667
1.12493
1.13389
1.14179
1.14743
1.15025
1.1503
1.14805
1.14423
1.13975
1.13547
1.13203
1.12978
1.12866
1.12828
1.12807
1.12748
1.12575
1.12192
1.11527
1.10606
1.09574
1.08643
1.08003
1.07764
1.07954
1.08551
1.09507
1.10749
1.12153
1.13541
1.14716
1.15534
1.1597
1.16132
1.16218
1.16423
1.16845
1.17448
1.18087
1.186
1.1888
1.18898
1.18687
1.18299
1.17779
1.17142
1.1639
1.15521
1.14557
1.13549
1.12582
1.11757
1.11177
1.10917
1.11007
1.11437
1.12156
1.1306
1.13979
1.14688
1.14973
1.14695
1.13825
1.12448
1.10734
1.08905
1.07182
1.05742
1.0468
1.04024
1.0374
1.0373
1.03859
1.04004
1.04081
1.04028
1.03802
1.03404
1.029
1.024
1.02016
1.01814
1.01811
1.02011
1.02439
1.03159
1.04243
1.05712
1.07496
1.09449
1.11398
1.13187
1.14711
1.15911
1.16769
1.17304
1.17547
1.1754
1.17325
1.16944
1.16439
1.15849
1.15214
1.14575
1.13979
1.13492
1.13217
1.13291
1.13839
1.14897
1.16354
1.17959
1.19397
1.20382
1.20733
1.20401
1.1947
1.18125
1.16619
1.15219
1.14138
1.1348
1.13224
1.13254
1.13416
1.13573
1.13644
1.13599
1.13446
1.13207
1.12905
1.12576
1.12285
1.12118
1.12139
1.12341
1.12666
1.13094
1.13693
1.14535
1.15579
1.16649
1.17515
1.17992
1.17994
1.17537
1.16729
1.15739
1.14749
1.13929
1.13411
1.13279
1.13548
1.14173
1.15082
1.16182
1.1737
1.18525
1.19514
1.20225
1.20595
1.20647
1.20469
1.20167
1.19799
1.19364
1.1882
1.18102
1.17124
1.15817
1.14179
1.12322
1.10478
1.0893
1.07922
1.07567
1.07821
1.08503
1.09361
1.10158
1.10738
1.11061
1.11185
1.11223
1.1129
1.11458
1.11722
1.11985
1.12079
1.11841
1.11198
1.10228
1.0916
1.08302
1.07944
1.08271
1.09307
1.1087
1.12604
1.14117
1.15142
1.15614
1.15645
1.15439
1.15204
1.15089
1.15168
1.15472
1.16007
1.16748
1.17604
1.18414
1.18988
1.19178
1.18947
1.18382
1.1765
1.16917
1.16278
1.15739
1.15238
1.14693
1.1404
1.13293
1.12549
1.11934
1.11506
1.11269
1.11275
1.11662
1.12509
1.13648
1.147
1.1535
1.15572
1.15617
1.1579
1.16234
1.16889
1.17609
1.18257
1.18731
1.18967
1.18935
1.18635
1.18084
1.17302
1.16329
1.15239
1.14155
1.13225
1.12584
1.12297
1.12338
1.12584
1.12858
1.13018
1.13042
1.13017
1.13052
1.1317
1.13287
1.13278
1.13091
1.12796
1.12532
1.12398
1.12388
1.12412
1.12371
1.1221
1.11938
1.11606
1.11286
1.11044
1.10926
1.10948
1.11098
1.11346
1.11639
1.11899
1.12029
1.1193
1.11535
1.10855
1.10033
1.09375
1.09255
1.09912
1.11264
1.12943
1.14518
1.15678
1.16293
1.16364
1.15978
1.15276
1.14418
1.13549
1.12752
1.12053
1.11445
1.10906
1.10409
1.09925
1.09457
1.09062
1.08807
1.08709
1.08695
1.08665
1.08567
1.08423
1.08291
1.08212
1.08174
1.08111
1.07943
1.07611
1.07088
1.06367
1.05444
1.04323
1.03063
1.01828
1.00886
1.00538
1.01004
1.02343
1.04447
1.07113
1.10104
1.13188
1.1615
1.18791
1.20938
1.22449
1.23211
1.23145
1.22214
1.2046
1.18056
1.15332
1.12753
1.108
1.09819
1.09898
1.10871
1.12413
1.14177
1.15901
1.17451
1.18782
1.19879
1.2072
1.21275
1.21514
1.21433
1.21058
1.20449
1.19707
1.1897
1.18394
1.18111
1.18177
1.18522
1.18954
1.19224
1.19115
1.18501
1.17366
1.1579
1.1392
1.11939
1.10039
1.08388
1.0713
1.06389
1.06267
1.06805
1.07949
1.09545
1.11363
1.13117
1.14493
1.15198
1.15127
1.14582
1.1425
1.14577
1.15207
1.1538
1.14665
1.1312
1.11041
1.08747
1.065
1.04522
1.03037
1.02262
1.0235
1.03306
1.04961
1.07035
1.09228
1.1128
1.13003
1.1428
1.15056
1.15335
1.15174
1.14676
1.13971
1.13194
1.12454
1.1181
1.11267
1.10793
1.10341
1.09863
1.09316
1.08673
1.07937
1.07142
1.06336
1.05552
1.04792
1.04041
1.03314
1.0268
1.02242
1.02083
1.02212
1.02536
1.02905
1.03215
1.03522
1.04062
1.0515
1.0696
1.09365
1.11947
1.14186
1.15639
1.16054
1.15364
1.13671
1.11218
1.08386
1.05666
1.03563
1.02402
1.02132
1.02355
1.02602
1.0267
1.0272
1.03088
1.03972
1.0531
1.06898
1.08555
1.10164
1.11641
1.12898
1.13838
1.14366
1.14412
1.13954
1.1303
1.11747
1.10253
1.08718
1.07297
1.06131
1.05349
1.0507
1.0533
1.0601
1.0683
1.07488
1.07834
1.07954
1.0814
1.08755
1.10066
1.12094
1.14565
1.17015
1.18973
1.20126
1.20366
1.19776
1.1857
1.17019
1.15369
1.13795
1.1238
1.11117
1.09952
1.08843
1.07826
1.07012
1.06552
1.06582
1.07172
1.08294
1.09799
1.1144
1.12925
1.1399
1.14466
1.14325
1.13663
1.12678
1.11616
1.10727
1.10211
1.10168
1.10561
1.11224
1.1191
1.1237
1.12415
1.11962
1.11031
1.09729
1.08223
1.06699
1.0534
1.04297
1.0367
1.03506
1.03805
1.04522
1.05589
1.06911
1.08375
1.09858
1.11237
1.12408
1.13294
1.13856
1.14111
1.14119
1.13968
1.13733
1.1344
1.13065
1.12569
1.11977
1.11377
1.10819
1.10207
1.09328
1.08029
1.06352
1.04526
1.02879
1.01715
1.01225
1.0147
1.02414
1.03967
1.0601
1.08394
1.10943
1.13468
1.15799
1.17816
1.19468
1.20764
1.21739
1.22413
1.22764
1.22731
1.2225
1.21282
1.1984
1.18006
1.15935
1.13849
1.12003
1.10639
1.0993
1.09906
1.10424
1.11213
1.11995
1.12593
1.12944
1.13037
1.12859
1.12386
1.11635
1.10693
1.09695
1.08726
1.07757
1.06692
1.05512
1.04411
1.03765
1.03929
1.04986
1.06715
1.08803
1.11031
1.13293
1.15506
1.1755
1.19262
1.20474
1.21047
1.20912
1.20086
1.18692
1.16962
1.15216
1.13783
1.12872
1.12474
1.12392
1.12384
1.1231
1.12171
1.12049
1.12038
1.12204
1.12561
1.13099
1.13858
1.14933
1.16337
1.1788
1.19275
1.20321
1.20977
1.21293
1.21338
1.21165
1.20833
1.20431
1.20039
1.19672
1.19267
1.18714
1.17911
1.16785
1.15315
1.13535
1.11541
1.09473
1.0749
1.05758
1.04454
1.03731
1.03647
1.04125
1.04982
1.06002
1.07016
1.07931
1.08716
1.09385
1.09959
1.10435
1.10785
1.10977
1.1101
1.10918
1.10774
1.10704
1.10874
1.11434
1.1243
1.13765
1.15213
1.16515
1.17456
1.17911
1.17865
1.17397
1.16649
1.15762
1.14839
1.13935
1.13069
1.12258
1.11535
1.10959
1.10611
1.10563
1.10842
1.11398
1.12103
1.12806
1.13414
1.13949
1.14535
1.15311
1.16315
1.17428
1.18413
1.19024
1.1911
1.18681
1.17919
1.17141
1.16688
1.16775
1.17393
1.18321
1.1925
1.1991
1.20143
1.19908
1.19249
1.18257
1.17037
1.15691
1.14313
1.12989
1.11795
1.10796
1.10056
1.09636
1.09578
1.09894
1.10542
1.11442
1.12494
1.13609
1.14711
1.15714
1.16514
1.17017
1.17184
1.17056
1.16718
1.1625
1.15688
1.15038
1.14296
1.13473
1.12595
1.11735
1.1104
1.10699
1.1086
1.11521
1.12528
1.13666
1.14758
1.15693
1.16384
1.16741
1.16675
1.16142
1.15183
1.1391
1.12458
1.10914
1.09316
1.07718
1.06248
1.05082
1.04337
1.03997
1.03937
1.04016
1.04146
1.04308
1.04504
1.04719
1.0491
1.05053
1.05181
1.05368
1.05662
1.06034
1.06394
1.06677
1.06894
1.07112
1.07388
1.07727
1.08098
1.08486
1.08941
1.09546
1.10348
1.11304
1.12287
1.13141
1.13731
1.13955
1.13746
1.1307
1.1195
1.10497
1.08942
1.07608
1.06819
1.06772
1.07467
1.08755
1.10448
1.12387
1.14431
1.16411
1.18115
1.19319
1.19835
1.1956
1.18508
1.16813
1.14731
1.12604
1.108
1.09643
1.09325
1.09869
1.11116
1.12756
1.14381
1.15564
1.15962
1.15397
1.13934
1.11913
1.09877
1.08381
1.07748
1.07967
1.08787
1.09902
1.11071
1.12153
1.13079
1.13798
1.14243
1.14326
1.13952
1.13051
1.11631
1.09837
1.07982
1.0649
1.05733
1.05851
1.06688
1.07901
1.09137
1.10169
1.1093
1.11474
1.11899
1.12286
1.12681
1.13107
1.13587
1.14157
1.14852
1.15687
1.1664
1.17646
1.18612
1.19447
1.2008
1.20468
1.2059
1.20445
1.20052
1.19463
1.18769
1.18096
1.17584
1.17366
1.17528
1.18053
1.18788
1.19474
1.1985
1.19779
1.19336
1.18801
1.18475
1.18442
1.18537
1.18551
1.18399
1.18122
1.1781
1.17533
1.17313
1.17132
1.16948
1.16718
1.16408
1.15996
1.15488
1.14923
1.14388
1.14009
1.13912
1.14169
1.14755
1.15562
1.16428
1.17184
1.17683
1.17814
1.17498
1.1669
1.1539
1.13656
1.11618
1.09477
1.07482
1.05882
1.04872
1.04534
1.0482
1.05557
1.06492
1.07368
1.08002
1.0834
1.08454
1.08497
1.08622
1.08915
1.09381
1.09982
1.10681
1.11458
1.12308
1.13241
1.14272
1.15405
1.16612
1.17818
1.18901
1.19713
1.20119
1.20029
1.19397
1.18226
1.1655
1.14451
1.12098
1.0978
1.07836
1.06489
1.05718
1.05328
1.05152
1.05181
1.05524
1.06288
1.0748
1.0899
1.10634
1.12227
1.13622
1.14732
1.15504
1.15927
1.16026
1.1587
1.15576
1.15302
1.15206
1.15372
1.15762
1.16217
1.16527
1.16523
1.16133
1.15413
1.14539
1.1377
1.13344
1.13337
1.13598
1.13817
1.13693
1.13055
1.11916
1.10473
1.0909
1.08189
1.08066
1.08734
1.09948
1.11374
1.12745
1.13914
1.14861
1.15634
1.16281
1.16798
1.17122
1.17209
1.17098
1.16891
1.16678
1.16475
1.16208
1.15735
1.14885
1.13509
1.11542
1.09058
1.06326
1.03787
1.01925
1.01085
1.01324
1.02412
1.03959
1.05581
1.07004
1.08079
1.08759
1.09067
1.09066
1.08851
1.08512
1.08117
1.07688
1.07213
1.0668
1.06111
1.05602
1.05324
1.05516
1.06388
1.07975
1.10048
1.12182
1.13953
1.15069
1.15407
1.15013
1.14076
1.12904
1.11846
1.11183
1.11034
1.11337
1.11903
1.12487
1.12856
1.12831
1.12316
1.11303
1.09863
1.08139
1.06341
1.04726
1.03564
1.03056
1.03267
1.04113
1.0542
1.06985
1.08607
1.10108
1.11348
1.12254
1.12828
1.13133
1.13275
1.13372
1.13516
1.13742
1.14013
1.14245
1.14347
1.14266
1.14018
1.13665
1.13279
1.12906
1.12579
1.12347
1.12291
1.12496
1.12999
1.13749
1.146
1.15355
1.15822
1.15872
1.15461
1.14616
1.13395
1.11866
1.10132
1.08366
1.06833
1.05822
1.05497
1.05766
1.06307
1.06742
1.06825
1.06531
1.06065
1.05752
1.05878
1.06543
1.07615
1.0881
1.09835
1.10485
1.10684
1.10493
1.10086
1.09706
1.09574
1.09792
1.10301
1.10944
1.11573
1.12113
1.12562
1.1296
1.1335
1.13762
1.142
1.14616
1.14897
1.14895
1.14508
1.13749
1.1275
1.11701
1.10767
1.10046
1.0958
1.09384
1.09446
1.09704
1.10044
1.10324
1.10419
1.10257
1.09841
1.09247
1.08611
1.081
1.07873
1.08041
1.08621
1.09527
1.1059
1.11614
1.12449
1.1302
1.13331
1.13427
1.13365
1.13177
1.12873
1.12476
1.12055
1.11727
1.11612
1.11786
1.12247
1.1292
1.13711
1.14534
1.15321
1.16002
1.16481
1.16641
1.1638
1.15654
1.14502
1.1303
1.11377
1.09663
1.0796
1.06293
1.04677
1.03154
1.01814
1.00769
1.00128
0.999635
1.00281
1.0101
1.02017
1.03154
1.04305
1.05395
1.06382
1.07237
1.07943
1.08519
1.09024
1.09536
1.10098
1.10664
1.11114
1.11306
1.11149
1.10646
1.09891
1.09022
1.08169
1.07418
1.06816
1.06385
1.06125
1.06021
1.06057
1.06238
1.06605
1.07209
1.08083
1.09226
1.10598
1.1212
1.13664
1.15075
1.16191
1.16865
1.16998
1.16567
1.15677
1.14594
1.13717
1.13428
1.13878
1.14891
1.16081
1.17065
1.17604
1.17634
1.17231
1.16556
1.15812
1.15164
1.147
1.14404
1.14197
1.13984
1.13695
1.13292
1.12763
1.12128
1.1144
1.10818
1.10428
1.10443
1.10977
1.12043
1.13541
1.15299
1.17113
1.18782
1.20133
1.21015
1.21311
1.20942
1.19874
1.18128
1.15783
1.12994
1.10005
1.07145
1.04795
1.03279
1.02759
1.03162
1.04238
1.0569
1.07293
1.08904
1.10416
1.11707
1.12639
1.13101
1.13064
1.12603
1.11883
1.11125
1.10554
1.10337
1.1055
1.11194
1.12175
1.13283
1.14224
1.14764
1.14815
1.14427
1.13718
1.12808
1.11774
1.10654
1.0948
1.08304
1.07201
1.06255
1.05529
1.05062
1.04861
1.04899
1.05125
1.05473
1.05885
1.06322
1.06765
1.07223
1.07728
1.08333
1.09099
1.10078
1.11279
1.1266
1.14122
1.15547
1.16848
1.18002
1.19029
1.19959
1.20784
1.2144
1.21816
1.21798
1.21304
1.20324
1.18939
1.17321
1.15716
1.1437
1.13417
1.1279
1.12259
1.11592
1.10705
1.09739
1.08987
1.08742
1.09121
1.10016
1.11183
1.12386
1.13483
1.14422
1.15186
1.15746
1.16084
1.16233
1.16275
1.16302
1.16369
1.16477
1.16598
1.16712
1.16827
1.16959
1.17087
1.1711
1.16885
1.16297
1.15357
1.1428
1.13479
1.1339
1.14191
1.15653
1.17305
1.18708
1.19584
1.19802
1.19331
1.18229
1.16636
1.14756
1.12831
1.11117
1.09877
1.09322
1.09489
1.10186
1.11133
1.12194
1.13408
1.14804
1.16239
1.17457
1.18228
1.18428
1.18023
1.17054
1.15626
1.13905
1.12108
1.10464
1.09162
1.08291
1.07832
1.07684
1.07722
1.07845
1.07993
1.08127
1.08185
1.08066
1.07647
1.06844
1.05694
1.04415
1.03392
1.03047
1.03627
1.05086
1.07141
1.0943
1.1166
1.13675
1.15426
1.16892
1.18003
1.18619
1.18604
1.17916
1.16671
1.15118
1.13545
1.12167
1.11092
1.10346
1.09932
1.09839
1.10021
1.10397
1.10875
1.11401
1.11974
1.1263
1.13417
1.14377
1.15514
1.16767
1.17968
1.18864
1.1919
1.18778
1.17634
1.15947
1.14035
1.12245
1.10861
1.10066
1.0994
1.10452
1.11458
1.12728
1.14029
1.15179
1.16071
1.16647
1.16882
1.16781
1.16397
1.15837
1.15261
1.14839
1.14703
1.14911
1.15441
1.16205
1.17062
1.1785
1.1841
1.18626
1.18447
1.179
1.17077
1.16126
1.15223
1.14541
1.14185
1.14154
1.14337
1.14571
1.14699
1.1461
1.14256
1.13657
1.12915
1.12213
1.11806
1.11948
1.12789
1.14276
1.16167
1.18122
1.19807
1.20983
1.21544
1.21519
1.21051
1.20324
1.19481
1.18558
1.17479
1.16127
1.14447
1.12525
1.1059
1.08921
1.07719
1.07039
1.0683
1.07019
1.07538
1.08285
1.09098
1.09806
1.10309
1.1061
1.10782
1.10883
1.10911
1.1082
1.10577
1.10203
1.09768
1.09377
1.09128
1.0909
1.09269
1.09614
1.10049
1.10503
1.1092
1.11256
1.11461
1.11457
1.11148
1.10448
1.09338
1.07911
1.06384
1.05058
1.04232
1.04088
1.04589
1.05506
1.06537
1.07455
1.08214
1.08968
1.0998
1.11395
1.13072
1.14654
1.15809
1.16393
1.16457
1.16144
1.15577
1.14786
1.13699
1.12209
1.10248
1.07882
1.05402
1.0333
1.02222
1.02357
1.03635
1.05737
1.08307
1.11009
1.13561
1.15766
1.17526
1.1883
1.1971
1.20207
1.2037
1.20267
1.19977
1.19571
1.1909
1.18522
1.17799
1.16825
1.15505
1.13792
1.11709
1.09345
1.06828
1.04309
1.01946
0.999102
0.983898
0.975703
0.97542
0.98192
0.992513
1.00486
1.01824
1.03328
1.05063
1.07
1.08994
1.10845
1.12381
1.13492
1.14132
1.1431
1.14111
1.13728
1.13436
1.13485
1.13982
1.14855
1.15922
1.16996
1.17948
1.18715
1.19275
1.19619
1.19736
1.19615
1.19267
1.18714
1.17976
1.17065
1.15983
1.14754
1.13438
1.12112
1.10855
1.09725
1.08775
1.08058
1.07624
1.07481
1.0756
1.07742
1.07988
1.08405
1.09105
1.0999
1.10784
1.11254
1.11333
1.11067
1.10519
1.09752
1.08863
1.0802
1.07439
1.07262
1.07463
1.07876
1.08313
1.08656
1.08885
1.09044
1.09179
1.09286
1.09313
1.09209
1.08992
1.08761
1.08636
1.0869
1.08906
1.09202
1.09495
1.09753
1.10012
1.10342
1.10798
1.11381
1.12029
1.12649
1.13144
1.13447
1.1353
1.13401
1.13089
1.12622
1.12016
1.11288
1.10478
1.09684
1.09057
1.08753
1.0887
1.094
1.10232
1.11191
1.12087
1.12741
1.13005
1.12779
1.12025
1.10783
1.09193
1.07483
1.05909
1.04679
1.03892
1.03512
1.03375
1.03286
1.03175
1.0317
1.03487
1.04218
1.05288
1.06589
1.08053
1.09617
1.11162
1.12522
1.13523
1.14026
1.13955
1.13324
1.1226
1.10993
1.09767
1.08705
1.07795
1.07044
1.06598
1.06656
1.07237
1.08124
1.0902
1.09711
1.10093
1.10104
1.09703
1.08957
1.08166
1.07831
1.08353
1.09674
1.11302
1.12697
1.1358
1.13961
1.14002
1.13869
1.13647
1.13337
1.12914
1.12408
1.1193
1.11624
1.11582
1.11788
1.12117
1.12394
1.12461
1.1222
1.11678
1.10948
1.10196
1.09554
1.09056
1.08664
1.08347
1.08109
1.07967
1.07938
1.08046
1.08352
1.08947
1.0991
1.11245
1.1284
1.14495
1.15989
1.17159
1.17933
1.18323
1.18386
1.18192
1.17801
1.17257
1.1659
1.15824
1.1497
1.14025
1.12985
1.11871
1.1075
1.09735
1.08946
1.08465
1.08301
1.08395
1.08641
1.08933
1.09185
1.09349
1.09411
1.09382
1.09288
1.0916
1.09032
1.08932
1.0888
1.08883
1.08952
1.09115
1.09423
1.09933
1.10685
1.11677
1.12866
1.14174
1.15492
1.16685
1.17606
1.18105
1.18044
1.17313
1.15869
1.13801
1.11422
1.09261
1.07827
1.07241
1.07207
1.07361
1.07544
1.07773
1.08082
1.08435
1.08771
1.09073
1.09375
1.09727
1.10152
1.1065
1.11223
1.11879
1.12597
1.1331
1.13919
1.14326
1.14464
1.1429
1.138
1.13066
1.1227
1.11706
1.11669
1.12292
1.13459
1.14876
1.1623
1.1729
1.1791
1.18006
1.1755
1.16561
1.15103
1.13268
1.11171
1.08947
1.0675
1.04753
1.03141
1.021
1.01764
1.02137
1.03058
1.04239
1.05382
1.06283
1.0686
1.07136
1.07193
1.07124
1.06996
1.0683
1.06595
1.06225
1.0565
1.04815
1.037
1.02351
1.00949
0.998346
0.993629
0.996243
1.00351
1.01153
1.01775
1.0215
1.02339
1.02455
1.02591
1.02749
1.02815
1.02637
1.02132
1.01343
1.00409
0.995305
0.989621
0.989811
0.998133
1.01536
1.04025
1.06965
1.09932
1.12504
1.14398
1.15518
1.15942
1.15841
1.15409
1.14795
1.1409
1.13329
1.12512
1.1162
1.10618
1.09483
1.08243
1.0702
1.06033
1.05551
1.05791
1.06811
1.08488
1.10567
1.12748
1.14757
1.16394
1.17547
1.18193
1.18371
1.18139
1.1755
1.16647
1.15487
1.14197
1.12993
1.12141
1.11835
1.12083
1.12686
1.13362
1.13869
1.14083
1.13993
1.13656
1.13156
1.12565
1.11923
1.11239
1.10524
1.09839
1.09309
1.09096
1.09324
1.10008
1.11051
1.1229
1.13546
1.1466
1.15511
1.16026
1.16186
1.16033
1.15643
1.15104
1.14498
1.13928
1.13589
1.1373
1.1443
1.15414
1.16252
1.16702
1.16808
1.16776
1.16824
1.17077
1.17537
1.18088
1.18539
1.18689
1.18389
1.17599
1.16414
1.15075
1.13911
1.13241
1.13251
1.13926
1.15076
1.16428
1.17715
1.18737
1.19364
1.19536
1.19264
1.18647
1.17867
1.17155
1.16704
1.1661
1.1685
1.17333
1.17939
1.18541
1.1901
1.19235
1.19149
1.18734
1.18017
1.17053
1.1591
1.14673
1.13443
1.12327
1.11419
1.10772
1.10404
1.1031
1.10477
1.10894
1.11539
1.12364
1.13299
1.14252
1.15115
1.15755
1.16037
1.15834
1.1508
1.13807
1.12173
1.10462
1.09019
1.08131
1.07905
1.08244
1.08946
1.09837
1.10825
1.11818
1.12643
1.13061
1.12906
1.12205
1.112
1.10255
1.09698
1.09709
1.10297
1.1136
1.12765
1.14402
1.16198
1.18098
1.20018
1.21822
1.23336
1.24404
1.24948
1.24997
1.24649
1.24005
1.23126
1.22029
1.20716
1.19213
1.1759
1.15991
1.14625
1.13699
1.13304
1.13347
1.13589
1.1376
1.13654
1.13173
1.12335
1.11249
1.10063
1.08915
1.07912
1.07138
1.06663
1.06526
1.06736
1.07287
1.08163
1.09344
1.10782
1.12389
1.14038
1.15578
1.16867
1.17791
1.18283
1.18324
1.1794
1.17192
1.16153
1.14892
1.13452
1.11859
1.10172
1.08525
1.07131
1.06212
1.05892
1.06131
1.0677
1.07609
1.08482
1.09281
1.09941
1.10421
1.10685
1.10681
1.10321
1.09489
1.08105
1.06221
1.04078
1.02042
1.00472
0.996163
0.995919
1.00394
1.01907
1.03934
1.06237
1.08589
1.10804
1.12756
1.14394
1.15754
1.16944
1.18088
1.19264
1.2047
1.21653
1.22743
1.23686
1.24438
1.24948
1.25148
1.24971
1.2439
1.23486
1.22512
1.21826
1.21641
1.21815
1.21962
1.21752
1.21089
1.20061
1.18844
1.17609
1.16505
1.15629
1.15027
1.14689
1.14551
1.14519
1.14484
1.1434
1.13998
1.13405
1.12566
1.11552
1.10487
1.0952
1.08792
1.08422
1.08522
1.09172
1.10347
1.11848
1.13363
1.14604
1.15393
1.15678
1.15518
1.15038
1.14392
1.13754
1.13334
1.13362
1.13961
1.15009
1.1617
1.17084
1.1754
1.17515
1.17127
1.16553
1.1596
1.15475
1.15163
1.15042
1.15101
1.1531
1.15606
1.159
1.161
1.16184
1.16231
1.16395
1.16821
1.17548
1.18488
1.19465
1.20291
1.20832
1.21036
1.20918
1.20499
1.19774
1.18739
1.17433
1.15948
1.14387
1.12834
1.11339
1.09947
1.08737
1.07842
1.07395
1.07446
1.07902
1.08572
1.09257
1.09826
1.10231
1.10478
1.1059
1.10584
1.10473
1.10279
1.10039
1.09816
1.09665
1.09607
1.09629
1.09711
1.09884
1.10248
1.10932
1.11973
1.13233
1.1448
1.15527
1.1631
1.16875
1.17298
1.17622
1.1783
1.17865
1.17673
1.17245
1.16614
1.15844
1.15021
1.14266
1.13721
1.1351
1.13682
1.14186
1.14896
1.15626
1.16165
1.16293
1.15822
1.14651
1.12846
1.10719
1.08827
1.078
1.08005
1.09313
1.11169
1.12888
1.13917
1.13969
1.1306
1.11495
1.09774
1.084
1.07662
1.07563
1.07938
1.08599
1.09389
1.10159
1.10779
1.11249
1.11746
1.12528
1.13728
1.1522
1.1667
1.17722
1.18154
1.17952
1.17295
1.16471
1.1578
1.15439
1.15541
1.16063
1.16894
1.17866
1.18773
1.19385
1.19477
1.1888
1.17547
1.15619
1.1343
1.11401
1.09826
1.08727
1.0793
1.07266
1.06707
1.06361
1.06376
1.06867
1.07914
1.09558
1.11766
1.14361
1.17021
1.19384
1.21167
1.22246
1.22639
1.22442
1.21763
1.20675
1.19221
1.17461
1.1553
1.13662
1.12145
1.11226
1.11016
1.11464
1.12398
1.13586
1.1478
1.15744
1.16306
1.16389
1.1604
1.15387
1.14579
1.1374
1.12947
1.12226
1.1156
1.1092
1.10303
1.09751
1.09298
1.08925
1.08587
1.083
1.08217
1.08568
1.09483
1.10853
1.1239
1.13813
1.14971
1.15847
1.16482
1.16926
1.17211
1.17337
1.17265
1.16909
1.16178
1.15047
1.13623
1.12126
1.10805
1.09819
1.09166
1.08703
1.08217
1.07525
1.06555
1.05384
1.04213
1.03277
1.02723
1.02554
1.02674
1.03001
1.03542
1.0436
1.05493
1.06874
1.08324
1.09604
1.10487
1.1082
1.10538
1.09665
1.08309
1.06651
1.0494
1.03474
1.02523
1.02218
1.02457
1.02963
1.03449
1.03738
1.038
1.03741
1.03721
1.03838
1.04058
1.04241
1.04255
1.04063
1.03745
1.03438
1.03312
1.03521
1.04151
1.05174
1.06481
1.07992
1.09707
1.11625
1.13628
1.15458
1.16842
1.17619
1.1778
1.17445
1.16788
1.15968
1.15091
1.1419
1.1326
1.12294
1.11334
1.10499
1.09978
1.09976
1.10638
1.11988
1.13918
1.1621
1.18585
1.20743
1.22403
1.23335
1.23395
1.22554
1.2091
1.18687
1.16202
1.13825
1.11916
1.10743
1.10363
1.10601
1.11196
1.1194
1.12697
1.13353
1.13825
1.14077
1.14125
1.14012
1.13781
1.13452
1.13023
1.1248
1.11807
1.11008
1.1013
1.09278
1.08606
1.08296
1.08475
1.09098
1.09909
1.10557
1.10768
1.10423
1.09559
1.08331
1.06977
1.05746
1.0484
1.04374
1.04398
1.04911
1.05863
1.0713
1.08541
1.09957
1.11349
1.128
1.1441
1.16208
1.18118
1.20003
1.21732
1.23215
1.24408
1.25295
1.2585
1.26035
1.25835
1.25333
1.2474
1.24295
1.24081
1.23943
1.23618
1.22911
1.2177
1.20223
1.18312
1.16063
1.13524
1.10803
1.08082
1.05598
1.03598
1.02283
1.01766
1.02052
1.03039
1.04525
1.06259
1.08001
1.09585
1.10938
1.12047
1.12926
1.13603
1.14126
1.14567
1.15012
1.15545
1.1624
1.17139
1.18202
1.19301
1.20273
1.2101
1.21511
1.2186
1.22163
1.22497
1.22884
1.23306
1.23713
1.24041
1.2422
1.24212
1.24011
1.23628
1.23047
1.22223
1.21165
1.20026
1.19096
1.18603
1.18516
1.18599
1.18621
1.1848
1.18174
1.17723
1.17128
1.1637
1.15441
1.14367
1.13211
1.12057
1.10984
1.10054
1.09313
1.08821
1.08668
1.08974
1.09827
1.11206
1.12927
1.14669
1.16066
1.1682
1.16784
1.15998
1.14662
1.13056
1.11426
1.09899
1.08468
1.07089
1.05827
1.04944
1.04772
1.05474
1.06925
1.08832
1.10908
1.12948
1.14814
1.16408
1.1767
1.1859
1.19213
1.19609
1.19832
1.19878
1.19679
1.19156
1.18288
1.17173
1.16021
1.15093
1.14582
1.14517
1.14739
1.14971
1.14937
1.14462
1.13506
1.12148
1.10556
1.08952
1.0758
1.06665
1.06371
1.06754
1.07745
1.09151
1.10718
1.12174
1.13299
1.13953
1.14105
1.13812
1.13187
1.12349
1.11398
1.10418
1.09488
1.08671
1.0801
1.07524
1.07197
1.06982
1.06831
1.0674
1.06768
1.07013
1.07535
1.08299
1.09171
1.09976
1.10552
1.108
1.10699
1.10322
1.09822
1.09403
1.09254
1.09484
1.10059
1.10791
1.11392
1.11562
1.1109
1.0994
1.08286
1.06502
1.05049
1.04313
1.0447
1.05441
1.06954
1.08663
1.10255
1.11531
1.12418
1.12922
1.13046
1.12769
1.12092
1.11104
1.09991
1.08979
1.08253
1.07909
1.07921
1.08163
1.08461
1.08658
1.08673
1.08541
1.08402
1.08458
1.0888
1.09727
1.10923
1.12314
1.13737
1.15074
1.16275
1.17339
1.1828
1.1909
1.19689
1.1993
1.19651
1.18765
1.17339
1.15602
1.13851
1.12324
1.11115
1.10185
1.09425
1.08733
1.08061
1.07438
1.06951
1.06701
1.06758
1.07114
1.07685
1.08353
1.09012
1.09596
1.10083
1.10469
1.10739
1.10875
1.10878
1.10815
1.10802
1.10942
1.11252
1.11639
1.11963
1.12128
1.12143
1.12088
1.1204
1.12024
1.12046
1.12137
1.1236
1.12742
1.13234
1.13697
1.13963
1.13911
1.13531
1.12927
1.12264
1.1169
1.11287
1.11075
1.11045
1.11177
1.11428
1.11709
1.11899
1.11873
1.11554
1.1095
1.10153
1.09316
1.08619
1.08236
1.08309
1.08926
1.10122
1.11878
1.14089
1.16521
1.18832
1.20692
1.21921
1.2252
1.22634
1.22472
1.22238
1.22092
1.22122
1.22327
1.22622
1.22846
1.22799
1.22293
1.21199
1.19492
1.17274
1.14762
1.12217
1.09856
1.07809
1.06159
1.04989
1.04397
1.04451
1.05126
1.06279
1.07676
1.09046
1.1017
1.10946
1.11405
1.11671
1.11876
1.12105
1.12365
1.12604
1.12771
1.1286
1.12932
1.13083
1.134
1.13917
1.14603
1.15373
1.16115
1.1673
1.17163
1.17422
1.17549
1.17558
1.17417
1.17062
1.16465
1.1568
1.14836
1.1409
1.13542
1.13177
1.12848
1.12346
1.11508
1.10305
1.08848
1.07315
1.05835
1.04439
1.03094
1.01805
1.0067
0.998572
0.99515
0.99705
1.00401
1.01541
1.03062
1.04871
1.06813
1.08702
1.10422
1.12007
1.13587
1.15246
1.16912
1.18398
1.19504
1.20091
1.20135
1.19749
1.1919
1.18776
1.18714
1.18981
1.19401
1.19819
1.20187
1.2054
1.20899
1.21217
1.21391
1.21319
1.20945
1.20283
1.19409
1.18449
1.17562
1.16905
1.16599
1.16688
1.17105
1.17697
1.1827
1.18665
1.18799
1.1865
1.18202
1.17408
1.16201
1.14559
1.12556
1.10348
1.08116
1.06004
1.04108
1.02504
1.01282
1.00557
1.00436
1.00974
1.02151
1.03866
1.05951
1.08206
1.10436
1.12475
1.14198
1.15522
1.16409
1.1692
1.17274
1.17815
1.18821
1.20239
1.21692
1.22731
1.2306
1.22602
1.21454
1.19839
1.1804
1.16331
1.14934
1.13977
1.13452
1.13213
1.13017
1.12619
1.11853
1.10663
1.09104
1.07321
1.05497
1.0382
1.02449
1.01519
1.01134
1.01357
1.02187
1.03529
1.05182
1.06864
1.08295
1.0929
1.09788
1.09838
1.09558
1.09086
1.08548
1.08039
1.07608
1.07245
1.06882
1.0641
1.05727
1.04812
1.03766
1.02806
1.02191
1.02085
1.0247
1.03156
1.03899
1.04504
1.04889
1.05064
1.05081
1.04999
1.04871
1.04763
1.04731
1.04782
1.04861
1.04898
1.04882
1.04891
1.05057
1.05512
1.06309
1.074
1.0868
1.1003
1.1135
1.12562
1.136
1.14406
1.14923
1.15096
1.14881
1.14266
1.13289
1.12055
1.10715
1.0943
1.08319
1.07446
1.06824
1.06447
1.06316
1.06444
1.0684
1.07455
1.08155
1.0874
1.09024
1.0892
1.08471
1.07822
1.07142
1.0655
1.06083
1.0571
1.05387
1.05115
1.04945
1.04945
1.05159
1.05589
1.06207
1.06959
1.07754
1.08475
1.09031
1.09429
1.09776
1.10211
1.10828
1.11659
1.12717
1.13988
1.15429
1.16937
1.18353
1.19492
1.20192
1.20381
1.20098
1.19461
1.18574
1.17472
1.16168
1.14774
1.13521
1.12628
1.12153
1.11989
1.11988
1.12078
1.1228
1.12665
1.13288
1.14151
1.1519
1.16306
1.174
1.18386
1.1918
1.19675
1.1976
1.19355
1.18434
1.17043
1.15276
1.13257
1.11125
1.0904
1.07207
1.05837
1.05037
1.04729
1.04707
1.04777
1.04851
1.04933
1.05053
1.05207
1.05373
1.05561
1.05853
1.06406
1.07392
1.08902
1.10836
1.1289
1.14636
1.15673
1.15741
1.1478
1.12951
1.10608
1.08196
1.06103
1.04572
1.03787
1.0393
1.05041
1.06883
1.09037
1.11088
1.1272
1.13735
1.14051
1.13693
1.12794
1.11583
1.10351
1.09375
1.08837
1.08779
1.09138
1.09819
1.10731
1.11793
1.12928
1.14053
1.15072
1.15869
1.16318
1.16311
1.15796
1.14819
1.1358
1.1244
1.11836
1.12083
1.13214
1.15011
1.17179
1.1946
1.21649
1.23566
1.25077
1.26117
1.26687
1.26811
1.26497
1.25709
1.24395
1.22528
1.20163
1.17447
1.14624
1.11991
1.09835
1.08348
1.07553
1.07311
1.07406
1.07659
1.07998
1.08459
1.09105
1.09954
1.10936
1.1193
1.12817
1.13529
1.14042
1.14362
1.14521
1.14578
1.14609
1.1467
1.14746
1.1476
1.146
1.14174
1.13435
1.12391
1.11128
1.09844
1.08869
1.08581
1.09201
1.10618
1.12408
1.14036
1.15082
1.1538
1.15058
1.14505
1.14228
1.14592
1.15606
1.16951
1.18195
1.19003
1.19224
1.18872
1.18044
1.16822
1.15234
1.1336
1.1151
1.10223
1.09934
1.10663
1.12082
1.13782
1.15416
1.16749
1.17673
1.1819
1.18368
1.18305
1.1811
1.17874
1.17633
1.17373
1.17073
1.16738
1.16399
1.16084
1.15785
1.15454
1.15027
1.14455
1.13737
1.12922
1.12089
1.11308
1.10623
1.10058
1.09618
1.09299
1.09083
1.08947
1.08878
1.08888
1.09017
1.0933
1.09898
1.10773
1.11948
1.1334
1.14799
1.16136
1.17175
1.17781
1.17879
1.17483
1.16712
1.15794
1.15025
1.14656
1.14764
1.15221
1.1577
1.16142
1.16169
1.1584
1.15303
1.14768
1.14373
1.14076
1.13663
1.12884
1.11613
1.09948
1.08197
1.06736
1.05829
1.05535
1.05759
1.0635
1.07145
1.07982
1.08747
1.09437
1.10159
1.11057
1.12208
1.13599
1.15138
1.1668
1.18057
1.19144
1.19936
1.20528
1.21031
1.2148
1.21802
1.21851
1.21486
1.20647
1.19409
1.17981
1.16625
1.1554
1.14794
1.14358
1.14148
1.14034
1.13831
1.13343
1.12437
1.1108
1.09339
1.07373
1.05448
1.03913
1.03096
1.03118
1.03811
1.04813
1.0577
1.06456
1.06803
1.06862
1.06748
1.06584
1.06471
1.06461
1.06542
1.06665
1.06762
1.06786
1.06729
1.06631
1.06552
1.06548
1.06647
1.06855
1.07174
1.07606
1.08141
1.08737
1.09341
1.09934
1.1056
1.113
1.12218
1.13301
1.14433
1.15435
1.16113
1.16314
1.15954
1.15033
1.1364
1.11951
1.10213
1.08695
1.07586
1.0692
1.0659
1.06443
1.06413
1.06571
1.07053
1.07931
1.09128
1.10453
1.11699
1.12753
1.1363
1.14436
1.15263
1.1613
1.16978
1.17732
1.18352
1.18842
1.19205
1.19403
1.1935
1.18968
1.18244
1.17249
1.16134
1.15081
1.14248
1.13724
1.13517
1.13557
1.13729
1.13911
1.14019
1.14041
1.1404
1.1412
1.14363
1.14768
1.15237
1.15606
1.15711
1.15439
1.14751
1.13671
1.12254
1.10574
1.08722
1.0684
1.05139
1.03866
1.03211
1.03235
1.03862
1.04939
1.06288
1.07724
1.09049
1.10083
1.10707
1.10872
1.10586
1.0988
1.0877
1.0729
1.05546
1.03736
1.021
1.00808
0.998819
0.992382
0.988299
0.987589
0.992493
1.00486
1.02445
1.0488
1.07452
1.09874
1.11986
1.13735
1.15109
1.16086
1.16616
1.16636
1.16123
1.15122
1.13761
1.12244
1.10847
1.09873
1.09542
1.0988
1.10715
1.11825
1.13048
1.14272
1.15353
1.16078
1.16207
1.15566
1.14132
1.1211
1.09927
1.08068
1.06805
1.06079
1.05664
1.05396
1.05276
1.05425
1.05979
1.07002
1.08436
1.10108
1.11784
1.13243
1.1435
1.15117
1.1573
1.16482
1.17595
1.19067
1.20675
1.22139
1.23269
1.23986
1.24289
1.24211
1.23803
1.23121
1.22225
1.21183
1.20088
1.19071
1.18274
1.17782
1.17573
1.17517
1.1745
1.17241
1.16837
1.1626
1.15586
1.14919
1.1437
1.14028
1.13932
1.1407
1.14371
1.14697
1.14854
1.14613
1.13745
1.12085
1.0962
1.06573
1.03464
1.01067
1.00162
1.01142
1.03764
1.07334
1.11136
1.14718
1.17904
1.20646
1.22894
1.24542
1.25454
1.25515
1.24677
1.22985
1.20595
1.17755
1.14767
1.11915
1.09423
1.0744
1.06031
1.05189
1.04864
1.04998
1.05523
1.06353
1.07364
1.08394
1.09253
1.0976
1.09792
1.09333
1.08502
1.07546
1.06787
1.06514
1.06891
1.07899
1.09365
1.11038
1.12661
1.14031
1.15014
1.15553
1.15648
1.15325
1.14617
1.13576
1.12322
1.11083
1.10142
1.0971
1.09828
1.10372
1.11139
1.11932
1.12616
1.13117
1.13415
1.13514
1.13429
1.13183
1.12815
1.12365
1.11855
1.11285
1.10638
1.09893
1.09047
1.0814
1.07272
1.06593
1.06249
1.06333
1.06865
1.07822
1.0918
1.10918
1.12979
1.15229
1.17442
1.19337
1.20651
1.21205
1.20963
1.20049
1.18709
1.1717
1.15532
1.13761
1.11826
1.09801
1.07879
1.06303
1.05284
1.0493
1.05236
1.06109
1.07416
1.09012
1.10768
1.1258
1.14383
1.16149
1.17868
1.19514
1.21027
1.22324
1.23344
1.24081
1.2455
1.24719
1.24468
1.23636
1.2213
1.2003
1.17638
1.15453
1.14005
1.13599
1.14155
1.15296
1.16573
1.17658
1.18381
1.18704
1.1867
1.18387
1.18016
1.17714
1.17564
1.17533
1.175
1.17327
1.1693
1.16312
1.15551
1.14784
1.14159
1.13802
1.13784
1.1409
1.14603
1.15129
1.15454
1.154
1.14878
1.13911
1.12647
1.11362
1.10423
1.10174
1.10776
1.12101
1.13816
1.1556
1.17066
1.18194
1.18898
1.19186
1.19085
1.18625
1.17835
1.16738
1.15342
1.13636
1.11622
1.0937
1.0709
1.05166
1.04067
1.04127
1.05313
1.07227
1.09339
1.11227
1.12658
1.13554
1.13945
1.13933
1.13675
1.1338
1.13259
1.13456
1.13991
1.14747
1.15533
1.16192
1.16693
1.17149
1.17731
1.18534
1.19482
1.20358
1.20931
1.21055
1.20685
1.19857
1.18649
1.17166
1.15545
1.13955
1.12588
1.11635
1.11253
1.11492
1.12272
1.13407
1.1468
1.15901
1.16936
1.17686
1.18076
1.18055
1.17622
1.1685
1.15889
1.1492
1.14075
1.13381
1.12764
1.12089
1.11227
1.10092
1.08677
1.07067
1.05436
1.04023
1.03099
1.029
1.03569
1.05095
1.07311
1.09941
1.12666
1.15195
1.17305
1.1888
1.19943
1.2068
1.21374
1.22271
1.23428
1.24697
1.25824
1.26575
1.2682
1.26526
1.25735
1.24519
1.2296
1.21133
1.19101
1.16928
1.14714
1.12634
1.10888
1.09567
1.0854
1.07545
1.0641
1.05185
1.04086
1.03332
1.03035
1.03224
1.03917
1.05108
1.06689
1.08429
1.10078
1.11466
1.12523
1.13238
1.13616
1.13668
1.13408
1.12867
1.12092
1.11129
1.10026
1.0884
1.07689
1.06749
1.06214
1.06227
1.06833
1.07962
1.09466
1.11175
1.12944
1.14686
1.16354
1.17914
1.19315
1.20476
1.21299
1.21694
1.21598
1.20998
1.19951
1.18567
1.17002
1.15411
1.13918
1.12591
1.11448
1.10466
1.09639
1.08994
1.08615
1.08611
1.09062
1.09985
1.11327
1.12978
1.14783
1.16526
1.17946
1.18794
1.18889
1.18168
1.167
1.14667
1.1234
1.10035
1.08078
1.06727
1.06084
1.06033
1.06283
1.06495
1.06411
1.05933
1.05161
1.04375
1.03937
1.04136
1.05061
1.06579
1.08446
1.10433
1.12398
1.14297
1.16135
1.1792
1.19607
1.21093
1.22252
1.22984
1.23267
1.23166
1.22794
1.22253
1.21587
1.20789
1.19832
1.18723
1.17528
1.16354
1.15302
1.14425
1.13707
1.13086
1.12487
1.11839
1.11105
1.1031
1.09537
1.08884
1.08404
1.08089
1.07937
1.0799
1.08317
1.08948
1.09826
1.10819
1.11774
1.12574
1.13166
1.13545
1.13735
1.13765
1.13658
1.13432
1.13125
1.12798
1.12546
1.12474
1.12635
1.13006
1.13493
1.13976
1.14342
1.14502
1.14398
1.14014
1.13396
1.12663
1.11974
1.11459
1.11153
1.10967
1.10724
1.1024
1.09399
1.08203
1.0679
1.0541
1.04375
1.03974
1.04376
1.05572
1.07393
1.09578
1.11851
1.1398
1.1579
1.17154
1.17978
1.18226
1.17958
1.17337
1.16569
1.15828
1.15197
1.14677
1.14254
1.1399
1.14044
1.14532
1.15355
1.16216
1.16831
1.1709
1.17079
1.16999
1.17051
1.17338
1.17828
1.18409
1.18998
1.19602
1.20308
1.21152
1.22016
1.22642
1.22749
1.22165
1.20873
1.19011
1.16841
1.14701
1.12911
1.11676
1.11023
1.10853
1.1103
1.11464
1.12133
1.13047
1.14202
1.15566
1.17063
1.18563
1.19879
1.208
1.21154
1.20874
1.20028
1.18787
1.17388
1.16068
1.15017
1.14324
1.13951
1.13754
1.13581
1.1334
1.13024
1.12688
1.12409
1.12269
1.12346
1.12702
1.13356
1.14269
1.15362
1.16534
1.17677
1.18667
1.19368
1.19652
1.19429
1.18676
1.17444
1.15833
1.13955
1.11912
1.09804
1.07762
1.05956
1.04551
1.03645
1.03274
1.0345
1.04227
1.05662
1.07733
1.1028
1.1303
1.15659
1.17862
1.19381
1.20027
1.19703
1.18441
1.16434
1.14029
1.11647
1.09635
1.08168
1.07261
1.06861
1.06932
1.07466
1.08433
1.09737
1.11208
1.1264
1.13844
1.14684
1.15095
1.15091
1.14764
1.1424
1.13628
1.12988
1.12388
1.11959
1.11841
1.12101
1.12686
1.13472
1.14343
1.15224
1.16066
1.16801
1.17324
1.17498
1.1719
1.16307
1.14846
1.1291
1.1069
1.08416
1.0629
1.04455
1.03004
1.01993
1.0146
1.01439
1.01945
1.02961
1.04396
1.06083
1.07811
1.09367
1.10565
1.11249
1.11304
1.10685
1.09486
1.07998
1.06698
1.06113
1.06565
1.07988
1.09951
1.1187
1.13272
1.13966
1.14039
1.13709
1.13141
1.12375
1.11368
1.10078
1.08519
1.06816
1.05227
1.04124
1.03877
1.04685
1.06446
1.08769
1.11137
1.13081
1.14302
1.14715
1.1443
1.13725
1.1296
1.12449
1.12295
1.12365
1.12436
1.12378
1.12266
1.12318
1.12726
1.13535
1.14665
1.15992
1.17407
1.18814
1.2013
1.21289
1.22237
1.22931
1.23329
1.2338
1.23038
1.2227
1.21076
1.19513
1.17709
1.15845
1.1412
1.12697
1.11688
1.11172
1.11212
1.11818
1.12864
1.14092
1.15231
1.16107
1.1666
1.16876
1.1674
1.16212
1.15243
1.13821
1.12053
1.1022
1.08741
1.07977
1.0806
1.08888
1.10243
1.11908
1.13723
1.15583
1.17386
1.18988
1.20203
1.20839
1.20742
1.19815
1.18037
1.15498
1.12426
1.09192
1.06226
1.03893
1.02406
1.01806
1.01988
1.02752
1.03903
1.05332
1.07043
1.0906
1.11317
1.1363
1.15761
1.17504
1.18705
1.19248
1.19049
1.18078
1.16435
1.14408
1.12461
1.11098
1.10642
1.11075
1.12074
1.13203
1.14107
1.14623
1.14782
1.14738
1.14652
1.14607
1.14569
1.1444
1.14129
1.13612
1.12938
1.12192
1.11451
1.10775
1.10236
1.09952
1.10069
1.1068
1.11767
1.13188
1.14706
1.16061
1.1703
1.17495
1.17481
1.17145
1.1674
1.16553
1.16803
1.17522
1.185
1.19399
1.1993
1.19958
1.19504
1.18706
1.17772
1.16931
1.16363
1.16139
1.16212
1.16456
1.16719
1.1688
1.16884
1.16756
1.16572
1.16398
1.16229
1.16006
1.15661
1.15158
1.14505
1.13728
1.12872
1.11984
1.11099
1.10227
1.09347
1.08414
1.07405
1.06361
1.05401
1.04669
1.04259
1.04161
1.04298
1.04586
1.05006
1.05611
1.06469
1.07596
1.08923
1.10313
1.11613
1.12691
1.13472
1.13951
1.1421
1.14392
1.14652
1.15066
1.15591
1.1607
1.16295
1.16082
1.15345
1.14139
1.12669
1.11237
1.10165
1.09691
1.09914
1.1078
1.12114
1.13673
1.15184
1.16379
1.17025
1.16959
1.16134
1.14647
1.12755
1.10837
1.09269
1.08291
1.07938
1.08081
1.0851
1.08977
1.09229
1.09114
1.08783
1.0879
1.09683
1.1137
1.13226
1.14796
1.16067
1.17256
1.18539
1.19938
1.21346
1.22603
1.23556
1.24095
1.24166
1.23769
1.22968
1.21882
1.20651
1.19412
1.18272
1.17295
1.16484
1.15791
1.15137
1.14462
1.13752
1.13055
1.1245
1.11984
1.11591
1.11108
1.10437
1.09751
1.09514
1.10158
1.11687
1.13679
1.15609
1.17117
1.18046
1.1838
1.18185
1.17574
1.16685
1.15665
1.1465
1.13763
1.13094
1.12669
1.12401
1.12088
1.11508
1.1061
1.09631
1.08963
1.08806
1.09014
1.09311
1.09559
1.0981
1.10175
1.10715
1.11392
1.12116
1.12788
1.13338
1.1372
1.139
1.13858
1.13608
1.1318
1.12596
1.11864
1.11006
1.10083
1.09204
1.08498
1.08077
1.08
1.08262
1.08802
1.09536
1.10387
1.11312
1.12291
1.13296
1.14267
1.15121
1.15791
1.16274
1.16633
1.16948
1.17266
1.17571
1.17818
1.17966
1.18014
1.18008
1.18036
1.18229
1.18734
1.19655
1.2098
1.22535
1.24012
1.25078
1.25485
1.25144
1.24138
1.22682
1.21029
1.19353
1.17696
1.16002
1.14217
1.12363
1.1055
1.08924
1.07619
1.06723
1.06285
1.0633
1.06867
1.07858
1.09173
1.10598
1.11905
1.12953
1.13742
1.14393
1.15065
1.15849
1.16716
1.17519
1.18065
1.18201
1.17887
1.17201
1.16275
1.15249
1.14226
1.13269
1.12411
1.11665
1.11034
1.10507
1.10037
1.0955
1.09016
1.08512
1.08126
1.0782
1.07449
1.06902
1.06184
1.05373
1.04573
1.03919
1.03605
1.03812
1.04555
1.0561
1.0663
1.07348
1.07694
1.07774
1.07789
1.07937
1.0836
1.09112
1.10161
1.11405
1.12714
1.13969
1.15094
1.16055
1.16847
1.17464
1.17888
1.18086
1.18016
1.17652
1.1701
1.1616
1.15209
1.14258
1.13361
1.125
1.11597
1.10517
1.09109
1.07291
1.05215
1.03359
1.02295
1.02206
1.02763
1.03499
1.04134
1.04574
1.04838
1.05017
1.05234
1.0558
1.06069
1.06623
1.07112
1.0739
1.07361
1.07004
1.06387
1.05633
1.04882
1.0427
1.03913
1.03906
1.04295
1.05052
1.06053
1.07099
1.07965
1.08474
1.08549
1.08232
1.07663
1.07023
1.06488
1.0619
1.06198
1.06512
1.07067
1.07762
1.08488
1.09154
1.0972
1.10189
1.10572
1.10851
1.10992
1.10999
1.10981
1.11153
1.11723
1.12723
1.13926
1.14939
1.15375
1.14969
1.13641
1.11535
1.09059
1.06837
1.05492
1.05341
1.06254
1.07783
1.09419
1.10761
1.11562
1.11714
1.11226
1.10202
1.08828
1.07386
1.06246
1.05794
1.0626
1.07555
1.09282
1.10943
1.12149
1.12694
1.12533
1.11737
1.10476
1.09016
1.07697
1.06882
1.06864
1.07751
1.09389
1.1139
1.13253
1.14511
1.14862
1.14229
1.12787
1.10956
1.0935
1.08631
1.09279
1.11371
1.14538
1.18149
1.21577
1.24386
1.26366
1.27494
1.27856
1.27603
1.26926
1.26037
1.2512
1.24256
1.23387
1.22367
1.21067
1.19458
1.17627
1.15749
1.14037
1.12687
1.1185
1.11607
1.11956
1.12803
1.13967
1.15201
1.16256
1.16949
1.17214
1.17096
1.16709
1.16163
1.155
1.14706
1.13781
1.1281
1.11964
1.11391
1.11113
1.11012
1.10922
1.10719
1.10362
1.09878
1.09339
1.08836
1.08457
1.08272
1.08321
1.08604
1.09084
1.09695
1.10349
1.10946
1.114
1.11648
1.11663
1.11462
1.11105
1.10691
1.10329
1.1009
1.09989
1.09994
1.10065
1.10185
1.10365
1.10623
1.10951
1.11298
1.11589
1.11754
1.11763
1.11634
1.11432
1.11247
1.11175
1.11284
1.11583
1.12011
1.12465
1.12846
1.13086
1.13169
1.13122
1.12995
1.1284
1.12684
1.12511
1.1229
1.12008
1.11701
1.11449
1.11325
1.11328
1.1136
1.11266
1.10911
1.1027
1.09452
1.08663
1.08118
1.0795
1.08182
1.08749
1.09558
1.1053
1.11623
1.12802
1.13996
1.15078
1.15884
1.16249
1.16045
1.15207
1.1374
1.11726
1.09327
1.06783
1.04364
1.02289
1.00673
0.995345
0.988648
0.98676
0.990197
0.999629
1.01501
1.03443
1.0542
1.07056
1.08153
1.08743
1.09031
1.09286
1.0973
1.10447
1.11365
1.12296
1.13015
1.13349
1.13223
1.12664
1.11742
1.10529
1.091
1.07568
1.06088
1.04805
1.0381
1.03133
1.0271
1.02331
1.01678
1.00521
0.989352
0.973582
0.964293
0.966448
0.980712
1.00327
1.02836
1.05099
1.0683
1.07957
1.08555
1.08772
1.08757
1.08603
1.08319
1.07871
1.07251
1.06539
1.05908
1.05557
1.0563
1.06165
1.07106
1.08357
1.09828
1.11448
1.13139
1.14763
1.16121
1.17012
1.17301
1.16987
1.16197
1.15124
1.13926
1.12665
1.11332
1.09932
1.0858
1.07519
1.07058
1.0742
1.08579
1.10228
1.11942
1.13379
1.14382
1.14965
1.15241
1.15336
1.15307
1.15108
1.14609
1.1367
1.12225
1.10335
1.08195
1.06072
1.04219
1.02773
1.01727
1.00976
1.00436
1.00146
1.00279
1.01005
1.02317
1.03985
1.05684
1.07197
1.08496
1.09711
1.11002
1.12436
1.13934
1.15318
1.16415
1.17136
1.175
1.17602
1.17564
1.17492
1.17453
1.17467
1.17513
1.17546
1.17532
1.17487
1.17486
1.17614
1.17864
1.18074
1.18007
1.17506
1.16606
1.1552
1.14521
1.138
1.1339
1.13191
1.13069
1.12935
1.12787
1.12686
1.12705
1.12859
1.13064
1.13151
1.12937
1.12321
1.11343
1.10178
1.0907
1.08227
1.07765
1.07693
1.07936
1.08398
1.09005
1.09716
1.10479
1.11171
1.11591
1.11532
1.10868
1.09575
1.07698
1.05318
1.02543
0.995335
0.965434
0.939559
0.922362
0.917349
0.924651
0.940825
0.960849
0.980253
0.996148
1.00734
1.01399
1.01711
1.01809
1.01843
1.0197
1.02358
1.03166
1.04499
1.06356
1.08607
1.11033
1.1339
1.15469
1.17128
1.18308
1.19025
1.19377
1.19536
1.19714
1.20091
1.2073
1.2155
1.22372
1.23009
1.23334
1.23287
1.22885
1.22208
1.2139
1.206
1.20001
1.19694
1.19673
1.19839
1.20051
1.20173
1.20108
1.19814
1.19298
1.186
1.17771
1.16861
1.15931
1.1508
1.14445
1.1414
1.14173
1.14429
1.14714
1.14826
1.14606
1.13962
1.12881
1.11424
1.09712
1.07905
1.06188
1.04758
1.03793
1.03406
1.03606
1.04297
1.05315
1.06487
1.07669
1.08766
1.09737
1.10588
1.11371
1.12174
1.1311
1.14251
1.15565
1.16894
1.18008
1.18703
1.18865
1.18516
1.17815
1.17035
1.16461
1.16251
1.16349
1.16524
1.16541
1.1629
1.1582
1.15269
1.14769
1.14371
1.14031
1.13651
1.1315
1.12522
1.11837
1.11195
1.1064
1.10108
1.09453
1.08529
1.07285
1.05834
1.04457
1.03535
1.03414
1.04271
1.06029
1.08412
1.11064
1.13671
1.15987
1.17828
1.19061
1.19608
1.1948
1.18795
1.17759
1.16607
1.15519
1.14573
1.13772
1.13111
1.12633
1.124
1.12429
1.12652
1.12962
1.13288
1.13633
1.14042
1.14536
1.15082
1.15596
1.15953
1.16012
1.15666
1.14888
1.13765
1.12496
1.11332
1.10507
1.1017
1.10358
1.10993
1.11901
1.12858
1.13622
1.13994
1.13845
1.13141
1.11946
1.10415
1.08772
1.07281
1.06181
1.05612
1.0556
1.05874
1.06355
1.06859
1.07332
1.07786
1.08226
1.08636
1.08981
1.09228
1.09358
1.09385
1.09358
1.09367
1.09535
1.10011
1.1092
1.12269
1.13893
1.15516
1.16866
1.17749
1.18056
1.17772
1.16981
1.15845
1.14521
1.13088
1.11562
1.09981
1.08484
1.07283
1.06545
1.06289
1.064
1.06701
1.0701
1.07152
1.07018
1.0666
1.06274
1.0597
1.056
1.04936
1.03907
1.02646
1.01419
1.00562
1.00414
1.01201
1.02951
1.0549
1.08507
1.11622
1.14463
1.16726
1.18228
1.18933
1.18935
1.18429
1.17656
1.16857
1.16219
1.15833
1.1568
1.15659
1.15644
1.15568
1.1547
1.15491
1.1581
1.16512
1.17492
1.18476
1.19164
1.19365
1.19036
1.18269
1.17253
1.16223
1.15393
1.14874
1.1465
1.14622
1.14669
1.14663
1.14478
1.14011
1.13243
1.123
1.1148
1.11192
1.11777
1.13313
1.15552
1.18039
1.20326
1.22114
1.23286
1.23855
1.23892
1.23481
1.22717
1.21722
1.20685
1.19843
1.19424
1.19538
1.20118
1.20963
1.21826
1.22477
1.22722
1.22425
1.21518
1.20025
1.18067
1.15846
1.13602
1.11565
1.09924
1.08792
1.08179
1.07969
1.0794
1.07824
1.07386
1.06494
1.05146
1.03466
1.01674
1.00058
0.989194
0.984622
0.986881
0.994103
1.00437
1.01737
1.03436
1.05655
1.08367
1.11375
1.14398
1.17166
1.19484
1.21236
1.22377
1.22924
1.22932
1.22488
1.217
1.20681
1.19545
1.18384
1.17256
1.16167
1.15079
1.13934
1.12691
1.11364
1.10025
1.08781
1.07736
1.06955
1.06463
1.06289
1.06505
1.07223
1.08503
1.10266
1.12281
1.14263
1.15972
1.17265
1.18078
1.18386
1.18188
1.17516
1.16452
1.15142
1.13778
1.12566
1.11673
1.11189
1.111
1.11291
1.1158
1.11785
1.11802
1.11668
1.11569
1.11753
1.12395
1.13483
1.14822
1.16127
1.17134
1.17659
1.17592
1.16864
1.1542
1.13229
1.10322
1.06847
1.0311
0.995674
0.967475
0.950993
0.948462
0.959143
0.979765
1.00582
1.03306
1.05843
1.08037
1.09861
1.11352
1.1256
1.13495
1.14105
1.14295
1.13979
1.1316
1.11977
1.10662
1.09422
1.08331
1.07349
1.06414
1.05511
1.04691
1.04056
1.03756
1.03987
1.0496
1.06815
1.09506
1.12776
1.16223
1.19432
1.22064
1.23896
1.2482
1.24829
1.24006
1.22513
1.20611
1.18657
1.17029
1.15961
1.15384
1.14943
1.14204
1.12903
1.11079
1.09025
1.07115
1.05655
1.04847
1.04809
1.05533
1.06853
1.08481
1.10093
1.11408
1.1223
1.12452
1.12059
1.11104
1.09698
1.08009
1.06273
1.04779
1.03805
1.03533
1.03997
1.05103
1.0668
1.08552
1.10584
1.12702
1.14845
1.16887
1.18627
1.19837
1.20348
1.20101
1.19145
1.17627
1.15775
1.13874
1.12212
1.1101
1.10355
1.10181
1.10313
1.10553
1.10758
1.10873
1.10911
1.10888
1.10795
1.10621
1.10415
1.10298
1.10364
1.10551
1.1065
1.10473
1.09986
1.09339
1.08764
1.08446
1.084
1.08438
1.08248
1.07538
1.06188
1.04343
1.02415
1.00946
1.00343
1.00679
1.01735
1.03209
1.04862
1.06564
1.08253
1.09897
1.11453
1.12843
1.13965
1.14716
1.15038
1.14955
1.14586
1.14118
1.13763
1.13687
1.13943
1.14451
1.15022
1.15423
1.15447
1.14979
1.14022
1.12715
1.11296
1.10027
1.09071
1.08432
1.0801
1.07731
1.07624
1.0779
1.08319
1.09238
1.10501
1.12017
1.13681
1.15389
1.17018
1.18406
1.1936
1.19706
1.19336
1.18229
1.16462
1.14246
1.11942
1.10001
1.08768
1.08296
1.08347
1.086
1.08842
1.09011
1.09131
1.09243
1.09373
1.09526
1.09711
1.09968
1.10362
1.10948
1.11702
1.12469
1.12998
1.13027
1.12378
1.11014
1.09059
1.06785
1.04557
1.02748
1.01647
1.01383
1.01918
1.03091
1.04699
1.06541
1.08425
1.10169
1.11605
1.12594
1.13046
1.12921
1.12245
1.11122
1.09752
1.08412
1.074
1.06996
1.07411
1.08676
1.10514
1.12433
1.14023
1.15161
1.15973
1.16638
1.17214
1.17617
1.17705
1.1741
1.16802
1.16079
1.15481
1.15197
1.153
1.15751
1.16426
1.17159
1.17781
1.1815
1.18174
1.17805
1.17037
1.1591
1.14533
1.13079
1.11737
1.10618
1.09709
1.08928
1.08209
1.07554
1.07021
1.06665
1.06495
1.06484
1.06607
1.0688
1.07351
1.08033
1.08857
1.0967
1.10287
1.10561
1.10437
1.09958
1.09256
1.08499
1.07834
1.07347
1.07064
1.06992
1.07171
1.07661
1.08483
1.0955
1.10659
1.11559
1.1205
1.12064
1.11663
1.10974
1.10109
1.09147
1.08169
1.07291
1.06639
1.06291
1.06281
1.06644
1.07444
1.08693
1.10256
1.11848
1.13135
1.13839
1.13805
1.13019
1.1162
1.0986
1.08034
1.06363
1.04916
1.03653
1.02529
1.0159
1.01003
1.00992
1.01717
1.03185
1.0523
1.0755
1.0978
1.11584
1.12733
1.13178
1.13052
1.12623
1.12168
1.11872
1.11783
1.11844
1.11941
1.11966
1.11857
1.11631
1.11365
1.11169
1.11129
1.11274
1.11565
1.11937
1.12329
1.12707
1.13061
1.1339
1.13698
1.13975
1.14192
1.14297
1.14232
1.13969
1.13532
1.13003
1.125
1.12142
1.12028
1.12211
1.12678
1.13333
1.14003
1.14475
1.14561
1.14134
1.13156
1.1168
1.09864
1.07967
1.06311
1.05184
1.04737
1.04952
1.05692
1.06787
1.08072
1.09397
1.10621
1.11607
1.12241
1.12478
1.12379
1.1212
1.11948
1.12067
1.12555
1.13359
1.14378
1.15521
1.16716
1.17876
1.18893
1.19651
1.20071
1.20128
1.19841
1.19272
1.18512
1.17665
1.16808
1.1596
1.15067
1.1404
1.12809
1.11381
1.09865
1.08461
1.07411
1.06915
1.07076
1.07846
1.09045
1.10413
1.11678
1.12624
1.13145
1.13277
1.13176
1.13063
1.13125
1.13452
1.14027
1.14754
1.15523
1.16235
1.16819
1.17224
1.17425
1.17431
1.17289
1.1706
1.16795
1.16503
1.16151
1.157
1.1514
1.14518
1.1392
1.13438
1.1314
1.13049
1.13121
1.13238
1.13257
1.1307
1.12664
1.12118
1.11551
1.11035
1.1056
1.10043
1.09385
1.08515
1.07429
1.06209
1.05019
1.04043
1.03387
1.03026
1.02859
1.02814
1.02911
1.03235
1.03862
1.04792
1.05925
1.07089
1.08085
1.0875
1.09
1.08863
1.08495
1.08166
1.08187
1.08811
1.10121
1.11993
1.14121
1.1611
1.17582
1.18238
1.17898
1.16493
1.14062
1.10753
1.06839
1.02731
0.989723
0.961763
0.948959
0.954278
0.97666
1.01132
1.05187
1.09273
1.13055
1.16385
1.19181
1.21354
1.22831
1.23589
1.23654
1.23081
1.21934
1.203
1.18308
1.16152
1.14073
1.12326
1.11127
1.10604
1.10776
1.11545
1.12718
1.14043
1.15283
1.16248
1.16822
1.16951
1.16626
1.15901
1.14918
1.13906
1.13115
1.12721
1.12755
1.13144
1.13782
1.14579
1.15472
1.1641
1.17351
1.18247
1.19048
1.1971
1.20207
1.20544
1.20756
1.20902
1.21028
1.21136
1.21156
1.20943
1.20352
1.19313
1.17872
1.16159
1.14335
1.12546
1.109
1.09474
1.08312
1.07449
1.06932
1.06814
1.07116
1.0779
1.08711
1.09715
1.10649
1.1141
1.11947
1.12234
1.12247
1.11967
1.11412
1.10664
1.09858
1.09119
1.08471
1.07802
1.06898
1.05557
1.03694
1.0142
0.990633
0.971128
0.960699
0.962817
0.978196
1.00476
1.03855
1.07499
1.10976
1.13921
1.16071
1.17272
1.17482
1.1677
1.15339
1.13562
1.11949
1.10985
1.10917
1.11681
1.13019
1.14637
1.16277
1.17721
1.18769
1.19255
1.19126
1.18548
1.17946
1.17811
1.18335
1.1927
1.20183
1.20779
1.21
1.20933
1.20702
1.20413
1.20146
1.19948
1.19825
1.19721
1.1953
1.19121
1.18407
1.17379
1.16119
1.14768
1.13464
1.12284
1.11226
1.1023
1.09272
1.08487
1.08232
1.0892
1.1065
1.12998
1.1525
1.16818
1.17476
1.17341
1.16739
1.16043
1.15554
1.15412
1.15589
1.1593
1.16241
1.16376
1.16293
1.16062
1.15836
1.15791
1.16073
1.16764
1.17838
1.19161
1.20503
1.21613
1.22294
1.22457
1.22123
1.21375
1.20309
1.19021
1.17623
1.16257
1.15052
1.14053
1.13198
1.12362
1.11436
1.10377
1.09212
1.08008
1.06845
1.05782
1.04851
1.04077
1.03487
1.0312
1.03026
1.03267
1.03903
1.04972
1.0647
1.08335
1.10449
1.12658
1.14791
1.1668
1.18176
1.19169
1.19599
1.19453
1.18754
1.1755
1.15928
1.14033
1.12068
1.10265
1.08831
1.07904
1.07547
1.07768
1.08528
1.09751
1.11305
1.13006
1.14642
1.16008
1.1694
1.17347
1.17223
1.16656
1.15814
1.14911
1.14147
1.13664
1.13519
1.13699
1.14119
1.14646
1.15146
1.15554
1.15926
1.16378
1.16947
1.17514
1.17871
1.17854
1.17394
1.165
1.15261
1.13842
1.12473
1.11371
1.10641
1.1021
1.09868
1.09413
1.08812
1.08209
1.07761
1.07478
1.07309
1.07292
1.07571
1.0829
1.09474
1.11006
1.12665
1.14201
1.15399
1.16118
1.16292
1.15913
1.1501
1.13678
1.12092
1.10508
1.09183
1.08295
1.07893
1.07917
1.08264
1.08832
1.09548
1.10357
1.11209
1.12066
1.12897
1.13693
1.14452
1.15149
1.15696
1.1594
1.15719
1.14942
1.13664
1.12103
1.10583
1.09441
1.08929
1.09159
1.10094
1.11565
1.13318
1.15075
1.16572
1.17581
1.17932
1.1753
1.16387
1.14634
1.125
1.10251
1.08113
1.06221
1.04608
1.03232
1.02019
1.00916
0.999404
0.992077
0.988976
0.991843
1.00148
1.01731
1.03756
1.0598
1.08146
1.10025
1.11436
1.12273
1.12507
1.12184
1.11411
1.10351
1.09214
1.08228
1.07598
1.07451
1.07789
1.08487
1.09359
1.1029
1.11318
1.12607
1.14303
1.16382
1.18602
1.20603
1.22063
1.2281
1.22848
1.22318
1.21437
1.20427
1.19459
1.18622
1.17911
1.17237
1.16469
1.15482
1.14226
1.12772
1.11316
1.10123
1.09437
1.0939
1.09971
1.11042
1.12385
1.13766
1.14973
1.15856
1.16332
1.16393
1.16102
1.15585
1.15004
1.14528
1.14296
1.14392
1.14814
1.15477
1.16226
1.16869
1.17219
1.17133
1.16532
1.15448
1.14043
1.12594
1.11417
1.10748
1.10658
1.11077
1.11862
1.12855
1.13908
1.14889
1.1571
1.16353
1.1685
1.172
1.17287
1.16903
1.15893
1.14275
1.12251
1.10147
1.08321
1.0709
1.06665
1.0709
1.08206
1.09661
1.10986
1.1172
1.11539
1.10347
1.08319
1.05865
1.03508
1.01712
1.00786
1.0092
1.02214
1.04531
1.07399
1.10202
1.12475
1.14022
1.14835
1.14991
1.14617
1.13894
1.13042
1.12278
1.11753
1.11519
1.11552
1.118
1.12222
1.12795
1.13488
1.14258
1.1506
1.15857
1.16639
1.17409
1.18172
1.18903
1.19549
1.2006
1.20417
1.20665
1.20901
1.21239
1.21752
1.22434
1.23187
1.23846
1.24229
1.24192
1.23661
1.22638
1.21179
1.19368
1.1733
1.15281
1.13556
1.12504
1.12297
1.12816
1.13746
1.14766
1.15652
1.16284
1.16623
1.16673
1.16454
1.1599
1.15315
1.1449
1.13595
1.12692
1.11807
1.10925
1.10029
1.09133
1.08293
1.07583
1.07069
1.06854
1.07132
1.08111
1.09783
1.11818
1.13759
1.15266
1.16204
1.16585
1.16489
1.16011
1.15237
1.14253
1.13139
1.11989
1.1091
1.10033
1.09498
1.09403
1.09755
1.10458
1.11357
1.12289
1.13113
1.13724
1.14056
1.14074
1.1376
1.13093
1.12056
1.10663
1.08984
1.07155
1.05353
1.03746
1.02435
1.01424
1.00649
1.00032
0.995508
0.992647
0.99295
0.997856
1.0085
1.02492
1.04545
1.06688
1.08579
1.10018
1.10994
1.11634
1.12112
1.12583
1.13153
1.13856
1.14658
1.15498
1.16287
1.16907
1.17232
1.17154
1.16625
1.15687
1.14494
1.133
1.12427
1.12171
1.12701
1.14005
1.15912
1.18156
1.20445
1.22515
1.24173
1.25311
1.25901
1.25982
1.25641
1.25003
1.24209
1.23389
1.22622
1.21919
1.21215
1.20401
1.1937
1.18062
1.1649
1.14755
1.13015
1.11415
1.10008
1.08764
1.0767
1.06783
1.06185
1.05893
1.05859
1.06054
1.06532
1.0744
1.08935
1.11033
1.13508
1.15963
1.18028
1.19485
1.20268
1.20403
1.19938
1.18938
1.17519
1.15909
1.14442
1.13411
1.12886
1.1268
1.12523
1.12272
1.11979
1.11787
1.11773
1.11877
1.11965
1.11933
1.11737
1.114
1.10985
1.10581
1.10295
1.10249
1.10563
1.11318
1.12508
1.13999
1.15559
1.16923
1.17869
1.18277
1.18143
1.17557
1.1666
1.15591
1.14464
1.13387
1.12498
1.11987
1.12006
1.12515
1.13219
1.13703
1.13677
1.13107
1.12184
1.11165
1.10232
1.09461
1.0891
1.08688
1.08912
1.09592
1.10589
1.11685
1.12695
1.13514
1.14107
1.14475
1.14621
1.14521
1.14119
1.13334
1.12107
1.10439
1.08425
1.06273
1.04318
1.02996
1.02689
1.03503
1.0518
1.07296
1.09501
1.11582
1.13427
1.15006
1.16382
1.17659
1.18888
1.20009
1.20893
1.21423
1.21556
1.21322
1.20798
1.20067
1.19211
1.18337
1.17605
1.17207
1.17278
1.17794
1.18547
1.19224
1.19542
1.19338
1.18603
1.17471
1.16173
1.14976
1.14106
1.13694
1.13729
1.14074
1.14528
1.14912
1.1512
1.15113
1.14898
1.14515
1.14031
1.13543
1.13151
1.12932
1.12904
1.13024
1.13205
1.13341
1.13307
1.12953
1.12122
1.10724
1.08807
1.06594
1.04471
1.02899
1.02272
1.02755
1.04242
1.06455
1.09099
1.1196
1.14896
1.1778
1.2047
1.22799
1.24612
1.25821
1.26422
1.26469
1.26033
1.25154
1.23852
1.22186
1.20291
1.18369
1.16643
1.15272
1.14294
1.13615
1.13074
1.12545
1.1202
1.11596
1.1135
1.11234
1.11128
1.10982
1.10873
1.10934
1.11261
1.11866
1.12697
1.13653
1.14617
1.15476
1.16153
1.1661
1.16837
1.16821
1.16535
1.15945
1.1505
1.13904
1.12633
1.11416
1.10448
1.09894
1.09856
1.10347
1.11293
1.12546
1.1393
1.15277
1.16453
1.17382
1.18038
1.18454
1.187
1.18841
1.18896
1.18827
1.18559
1.1803
1.17225
1.16189
1.15001
1.13754
1.12527
1.11389
1.10405
1.0964
1.09149
1.08957
1.09029
1.09271
1.09547
1.0973
1.0975
1.09627
1.09455
1.09345
1.0935
1.09442
1.0955
1.09625
1.09652
1.09616
1.09467
1.09103
1.08428
1.07427
1.06226
1.05113
1.04449
1.04505
1.05346
1.06852
1.0881
1.10985
1.1313
1.14996
1.16389
1.17221
1.17524
1.17421
1.17063
1.16567
1.15994
1.1537
1.14728
1.14127
1.13637
1.13315
1.13177
1.13206
1.13377
1.13688
1.14163
1.14821
1.15633
1.16505
1.17311
1.17945
1.18329
1.18393
1.18032
1.17136
1.1565
1.13649
1.11384
1.09241
1.07637
1.06867
1.07016
1.07948
1.09373
1.10948
1.12359
1.13389
1.13937
1.13997
1.13622
1.12889
1.11882
1.10689
1.09411
1.08182
1.07168
1.06529
1.06361
1.06633
1.07219
1.0797
1.08794
1.09671
1.10623
1.11664
1.12771
1.13883
1.14913
1.15781
1.16421
1.16777
1.16811
1.16515
1.15918
1.15094
1.14151
1.13208
1.12375
1.11728
1.11283
1.10991
1.10744
1.10405
1.09845
1.08979
1.07807
1.06459
1.05221
1.04475
1.04559
1.05583
1.07341
1.09403
1.11316
1.12773
1.13679
1.1412
1.14298
1.14426
1.14605
1.14765
1.14743
1.14452
1.13982
1.13564
1.13418
1.13614
1.14027
1.144
1.14461
1.14027
1.13074
1.11756
1.10347
1.09152
1.084
1.08165
1.08377
1.08894
1.09568
1.10273
1.10914
1.11439
1.11861
1.12261
1.12723
1.13262
1.13786
1.14149
1.14237
1.14036
1.1365
1.13246
1.12983
1.12942
1.13106
1.13377
1.13615
1.13669
1.13402
1.12721
1.11622
1.10196
1.0859
1.0694
1.05346
1.03899
1.02704
1.01869
1.01485
1.01601
1.02195
1.0317
1.04369
1.05597
1.06647
1.07348
1.07607
1.0746
1.07088
1.06739
1.06565
1.06523
1.06445
1.06213
1.05843
1.05482
1.05366
1.05775
1.06935
1.08835
1.11155
1.13422
1.15268
1.16567
1.17444
1.1819
1.19094
1.20264
1.21567
1.22733
1.23506
1.23702
1.23211
1.21998
1.2014
1.17859
1.15511
1.13489
1.12109
1.11523
1.11693
1.12429
1.13442
1.1444
1.15195
1.15605
1.15694
1.15575
1.15396
1.15275
1.15259
1.15322
1.15389
1.15379
1.15243
1.14984
1.14638
1.14212
1.13655
1.12874
1.11809
1.10487
1.09031
1.07609
1.06368
1.05392
1.04697
1.04255
1.04
1.03835
1.03639
1.03312
1.02817
1.02249
1.01867
1.02026
1.02985
1.04732
1.06956
1.09222
1.11151
1.1253
1.13326
1.13634
1.13608
1.13383
1.13033
1.12575
1.12003
1.11344
1.10681
1.10129
1.09766
1.09575
1.09444
1.09242
1.08916
1.08558
1.08371
1.0858
1.09315
1.10559
1.12174
1.13991
1.15873
1.17705
1.19359
1.20675
1.21488
1.21669
1.2117
1.20064
1.18564
1.16978
1.15571
1.14408
1.13352
1.12251
1.11111
1.10128
1.09565
1.09558
1.09989
1.10552
1.10953
1.11058
1.1092
1.10713
1.10648
1.10907
1.1157
1.12597
1.13844
1.15121
1.1625
1.17125
1.17717
1.18072
1.18249
1.18279
1.18138
1.1779
1.17237
1.16543
1.15795
1.15083
1.14501
1.14162
1.14181
1.14609
1.15362
1.1622
1.16944
1.17437
1.17806
1.18243
1.18846
1.19544
1.20144
1.2043
1.20225
1.19426
1.1801
1.16032
1.13614
1.10926
1.0817
1.05564
1.0332
1.01615
1.00546
1.00108
1.00181
1.00557
1.0101
1.01363
1.01534
1.01528
1.01415
1.01284
1.01215
1.01272
1.01514
1.02015
1.0285
1.0403
1.05451
1.06904
1.08148
1.09003
1.09407
1.09431
1.09249
1.09082
1.09124
1.0949
1.10217
1.11271
1.1256
1.13962
1.15361
1.16668
1.17819
1.18767
1.1945
1.1979
1.19693
1.19098
1.18015
1.16545
1.1486
1.13154
1.11596
1.10291
1.09264
1.08467
1.07802
1.07166
1.06499
1.05824
1.05258
1.04984
1.0519
1.05986
1.07345
1.09087
1.10935
1.12593
1.13841
1.14597
1.14923
1.1496
1.14817
1.1451
1.13999
1.13287
1.12477
1.1176
1.1132
1.11224
1.11382
1.11641
1.11927
1.12305
1.12915
1.13865
1.15156
1.16676
1.18242
1.19653
1.20746
1.21426
1.21707
1.21703
1.21595
1.21547
1.21631
1.21804
1.21948
1.21929
1.21612
1.20863
1.19561
1.17667
1.15317
1.12871
1.10814
1.09512
1.09018
1.09103
1.09441
1.09777
1.09974
1.09996
1.09882
1.09745
1.09744
1.09997
1.10471
1.10959
1.11151
1.10775
1.09729
1.08192
1.06618
1.05547
1.0528
1.05732
1.06563
1.07435
1.08133
1.08585
1.08827
1.08972
1.09155
1.09487
1.10037
1.10825
1.11847
1.13084
1.14489
1.15984
1.1746
1.18782
1.19803
1.2039
1.20456
1.19964
1.18912
1.17308
1.15173
1.12575
1.0966
1.06657
1.03812
1.01312
0.992683
0.977682
0.969268
0.968473
0.975339
0.988593
1.00616
1.02601
1.04655
1.06664
1.08536
1.10197
1.11609
1.12754
1.13625
1.14216
1.1452
1.1452
1.14176
1.1345
1.12344
1.10949
1.09434
1.0801
1.06878
1.062
1.06114
1.06744
1.08158
1.10312
1.12996
1.15866
1.18539
1.20687
1.22102
1.22693
1.22477
1.21552
1.20072
1.18226
1.16216
1.14226
1.12416
1.10906
1.09752
1.08946
1.08465
1.08327
1.08632
1.09515
1.11063
1.13245
1.15873
1.18575
1.20877
1.22465
1.2333
1.23675
1.23702
1.23499
1.23043
1.22277
1.21197
1.19887
1.1851
1.17255
1.16265
1.15587
1.15177
1.14944
1.14798
1.14657
1.14441
1.14051
1.13377
1.12336
1.10924
1.09277
1.07668
1.06436
1.05857
1.06041
1.06901
1.08209
1.09693
1.1115
1.12504
1.13796
1.15106
1.16432
1.17619
1.18399
1.18533
1.17929
1.16692
1.15101
1.13518
1.12241
1.11373
1.10848
1.10559
1.10468
1.10626
1.11109
1.11958
1.13125
1.14458
1.15722
1.16642
1.16982
1.16604
1.15514
1.13901
1.12135
1.10718
1.10119
1.10581
1.12014
1.14089
1.16407
1.18587
1.20303
1.21347
1.21701
1.21526
1.21082
1.20597
1.202
1.19923
1.19757
1.19708
1.19811
1.20097
1.20542
1.21046
1.21453
1.21601
1.21367
1.2071
1.19672
1.18362
1.16904
1.15412
1.13972
1.12658
1.11534
1.1064
1.0997
1.09473
1.09084
1.0875
1.08457
1.08223
1.08074
1.08008
1.07996
1.08007
1.08047
1.08166
1.08413
1.08765
1.0911
1.09289
1.09182
1.08773
1.08161
1.07526
1.07075
1.06971
1.07298
1.08055
1.09178
1.10576
1.12159
1.13841
1.15532
1.17129
1.18511
1.19559
1.20195
1.2042
1.2032
1.20037
1.19709
1.19414
1.19171
1.18974
1.18845
1.18826
1.18938
1.19141
1.19331
1.19368
1.1912
1.18496
1.17486
1.16197
1.14834
1.13599
1.12568
1.11698
1.10933
1.10314
1.09975
1.10104
1.10863
1.12305
1.14318
1.16632
1.1889
1.20736
1.21885
1.22172
1.21573
1.20219
1.18367
1.16323
1.14356
1.12643
1.11276
1.10278
1.09614
1.09199
1.08932
1.08718
1.08512
1.08335
1.0827
1.08418
1.08862
1.0963
1.10698
1.12021
1.13579
1.15382
1.17428
1.19636
1.21834
1.23832
1.25472
1.26656
1.27322
1.27424
1.26926
1.25809
1.2409
1.21823
1.19108
1.16065
1.12831
1.09551
1.06399
1.03604
1.01426
1.00088
0.996699
1.0007
1.01042
1.02284
1.03514
1.04521
1.05184
1.05461
1.05367
1.04956
1.04325
1.03628
1.03076
1.02902
1.03291
1.04313
1.05891
1.07822
1.09859
1.11788
1.13458
1.14783
1.15708
1.16212
1.163
1.15999
1.15361
1.14498
1.13612
1.12975
1.12799
1.13127
1.13836
1.1474
1.15687
1.16596
1.17446
1.18231
1.18919
1.19437
1.19707
1.19672
1.19311
1.18619
1.1761
1.16307
1.14771
1.13127
1.11544
1.10206
1.09258
1.08776
1.08757
1.09133
1.09803
1.10667
1.11639
1.12652
1.13659
1.14622
1.15505
1.16257
1.16822
1.17149
1.17203
1.16968
1.16448
1.15673
1.14707
1.13652
1.12629
1.11739
1.11033
1.10506
1.10113
1.09789
1.09458
1.09019
1.08353
1.07365
1.06079
1.04735
1.03747
1.03452
1.03849
1.04658
1.05631
1.06735
1.08087
1.09757
1.11633
1.13448
1.14912
1.15819
1.16102
1.15824
1.15157
1.14335
1.13585
1.13058
1.12797
1.12749
1.12821
1.12931
1.13027
1.13093
1.13123
1.13105
1.13016
1.12818
1.12479
1.11982
1.11345
1.10616
1.09869
1.09188
1.08653
1.08335
1.08294
1.08583
1.09238
1.10257
1.11594
1.13155
1.14798
1.16352
1.17631
1.18453
1.18675
1.18218
1.17116
1.15546
1.13834
1.12406
1.1167
1.11853
1.12886
1.14423
1.15987
1.17146
1.1763
1.17347
1.16355
1.14802
1.12871
1.10742
1.0856
1.06434
1.04445
1.0266
1.01154
1.00017
0.993564
0.993148
1.00044
1.01639
1.04055
1.07062
1.10308
1.13442
1.16233
1.18595
1.20515
1.21964
1.22887
1.23254
1.23101
1.22533
1.21684
1.20676
1.196
1.18508
1.17426
1.1636
1.15306
1.14261
1.13263
1.12423
1.1188
1.11696
1.11742
1.11735
1.11396
1.10675
1.09883
1.09571
1.10105
1.11326
1.12644
1.13401
1.13111
1.11568
1.08975
1.06161
1.04463
1.04816
1.06959
1.09936
1.12974
1.15685
1.17872
1.19377
1.20056
1.19814
1.18693
1.16941
1.14964
1.13123
1.11536
1.10072
1.08552
1.06917
1.05296
1.03941
1.03126
1.03039
1.03717
1.05038
1.06767
1.08636
1.10403
1.11894
1.13026
1.13796
1.14256
1.14479
1.14519
1.14396
1.14101
1.1362
1.12973
1.12233
1.11507
1.10901
1.10501
1.10363
1.10522
1.10956
1.11564
1.12176
1.12626
1.12818
1.1271
1.12284
1.11516
1.10399
1.08999
1.07486
1.06102
1.05088
1.04602
1.04678
1.05254
1.06198
1.07343
1.08499
1.09482
1.10146
1.10413
1.10286
1.09841
1.09198
1.08474
1.07751
1.0704
1.06295
1.05453
1.04485
1.03453
1.02515
1.01874
1.01673
1.01913
1.02457
1.03108
1.03684
1.04117
1.04508
1.05102
1.06142
1.07701
1.09607
1.11533
1.13164
1.14325
1.15014
1.1536
1.1555
1.15745
1.16015
1.16335
1.16616
1.16786
1.16831
1.16802
1.16794
1.16918
1.17266
1.17882
1.18739
1.19727
1.20667
1.21348
1.21574
1.21188
1.20097
1.1829
1.15868
1.13062
1.10217
1.07739
1.05978
1.05104
1.05056
1.05603
1.06448
1.07308
1.07937
1.08151
1.07867
1.07139
1.06174
1.05295
1.04839
1.05028
1.05895
1.07305
1.09051
1.10954
1.12876
1.14689
1.16249
1.17425
1.18164
1.18534
1.1871
1.18889
1.19178
1.19532
1.19809
1.19881
1.19733
1.19456
1.1916
1.1886
1.18445
1.1774
1.16602
1.15006
1.13119
1.11333
1.10093
1.09605
1.09738
1.10235
1.1083
1.11216
1.11108
1.10372
1.09065
1.07363
1.05482
1.03623
1.0195
1.00587
0.996547
0.993003
0.996788
1.00865
1.02766
1.05111
1.07516
1.09595
1.11074
1.11872
1.12127
1.12118
1.12146
1.12389
1.12846
1.1339
1.13877
1.14232
1.14465
1.14646
1.14884
1.15289
1.15928
1.16783
1.17736
1.18607
1.19201
1.19366
1.19023
1.18177
1.16924
1.15445
1.13979
1.12767
1.11981
1.11664
1.1175
1.12133
1.12719
1.1344
1.14235
1.15025
1.15715
1.162
1.16381
1.162
1.15671
1.14901
1.14081
1.13419
1.1306
1.13034
1.13266
1.13634
1.14028
1.14369
1.14615
1.1475
1.14793
1.14784
1.14759
1.14717
1.14603
1.1434
1.13887
1.13291
1.12683
1.12212
1.1197
1.11942
1.12017
1.12055
1.11936
1.11608
1.11076
1.10392
1.09625
1.08843
1.08114
1.07523
1.07172
1.07157
1.0751
1.08174
1.09008
1.09825
1.10455
1.10817
1.10947
1.10952
1.1093
1.10894
1.10786
1.10548
1.10188
1.09777
1.09404
1.09121
1.08931
1.0881
1.08748
1.08779
1.08967
1.09364
1.09967
1.10698
1.11433
1.12076
1.12618
1.13141
1.13752
1.145
1.1533
1.16117
1.16747
1.17175
1.17436
1.17621
1.1784
1.18181
1.18699
1.19388
1.20172
1.20888
1.21342
1.21388
1.21009
1.20312
1.1945
1.18545
1.17628
1.16657
1.15566
1.1431
1.12886
1.11324
1.09671
1.08008
1.06448
1.05117
1.04106
1.03448
1.03149
1.03252
1.03849
1.0503
1.06794
1.08999
1.11374
1.13616
1.1548
1.16847
1.17727
1.18206
1.18385
1.18344
1.18139
1.17813
1.17397
1.16882
1.16221
1.15345
1.14262
1.13138
1.12291
1.11999
1.12288
1.12956
1.13806
1.14799
1.15997
1.17424
1.19
1.20553
1.21881
1.22807
1.23226
1.23108
1.2249
1.21447
1.20088
1.18563
1.17057
1.15756
1.1478
1.1413
1.13713
1.13412
1.13141
1.12858
1.12538
1.12156
1.11699
1.11201
1.10764
1.10546
1.10706
1.11326
1.1235
1.13583
1.14763
1.15647
1.16062
1.15924
1.15224
1.14018
1.12444
1.10741
1.09238
1.0831
1.08242
1.09075
1.10584
1.12398
1.14179
1.15736
1.17041
1.18164
1.19171
1.20046
1.20665
1.20858
1.20492
1.19535
1.1808
1.16317
1.14482
1.12797
1.11427
1.10465
1.09942
1.0983
1.10044
1.1044
1.10831
1.11037
1.10937
1.10491
1.09749
1.08858
1.08052
1.07631
1.07889
1.08987
1.10836
1.13095
1.15288
1.16976
1.17887
1.17978
1.17406
1.1643
1.15265
1.14017
1.12732
1.11493
1.1045
1.0976
1.09502
1.09643
1.1006
1.10602
1.11126
1.11529
1.11758
1.11817
1.11759
1.11663
1.11622
1.1171
1.11955
1.12318
1.1269
1.12917
1.1285
1.12388
1.11521
1.10345
1.09051
1.07879
1.07044
1.06658
1.06702
1.0704
1.07471
1.07788
1.07844
1.07617
1.07232
1.06923
1.06911
1.07268
1.07868
1.08472
1.08871
1.09019
1.09062
1.09245
1.09771
1.10662
1.11719
1.12587
1.1295
1.1284
1.12852
1.13726
1.1544
1.17114
1.17886
1.17468
1.16088
1.14281
1.12659
1.11663
1.11398
1.1168
1.12225
1.12793
1.13233
1.13461
1.13433
1.1315
1.12678
1.12169
1.11817
1.11751
1.11934
1.12168
1.12204
1.11872
1.11162
1.10228
1.09326
1.08735
1.08664
1.09196
1.10251
1.11592
1.12881
1.13775
1.1402
1.13498
1.1225
1.10457
1.08426
1.06547
1.0522
1.0474
1.05191
1.06432
1.08178
1.10116
1.11988
1.1361
1.14857
1.15643
1.15913
1.15642
1.14852
1.13625
1.12108
1.10508
1.09058
1.07984
1.07447
1.07505
1.08094
1.09033
1.10081
1.11013
1.11685
1.12058
1.12161
1.12051
1.11783
1.11404
1.10944
1.10426
1.09888
1.09394
1.09007
1.08772
1.08685
1.08701
1.08762
1.08825
1.08887
1.08967
1.09085
1.0924
1.0939
1.09475
1.09437
1.09256
1.08971
1.08703
1.08632
1.08907
1.09536
1.10399
1.11357
1.12338
1.13345
1.1444
1.15716
1.1723
1.18922
1.20594
1.21982
1.22874
1.2317
1.22883
1.22098
1.20943
1.19548
1.18039
1.16522
1.15076
1.1375
1.12574
1.11614
1.11017
1.10961
1.115
1.12451
1.13481
1.14304
1.14781
1.14895
1.14672
1.14134
1.13311
1.12284
1.11205
1.10268
1.0963
1.09345
1.09336
1.09431
1.09433
1.09211
1.08758
1.08193
1.07716
1.07533
1.07788
1.08532
1.09707
1.11169
1.12734
1.14259
1.15684
1.17016
1.18261
1.19365
1.20202
1.20595
1.20371
1.19408
1.17674
1.15273
1.12447
1.09536
1.06897
1.04801
1.03349
1.02444
1.01879
1.0151
1.01327
1.01389
1.01716
1.02289
1.03114
1.04253
1.05785
1.07756
1.10122
1.12753
1.15467
1.18067
1.20367
1.22205
1.23451
1.24031
1.23955
1.23319
1.22257
1.20878
1.19232
1.17324
1.15167
1.12846
1.1052
1.08381
1.06579
1.0518
1.042
1.03634
1.03439
1.03527
1.03769
1.04042
1.04251
1.04349
1.0434
1.04304
1.04386
1.0477
1.05609
1.06948
1.08661
1.1046
1.12003
1.13064
1.13622
1.13819
1.13823
1.13722
1.13539
1.133
1.13079
1.12927
1.1274
1.12236
1.11085
1.09143
1.06584
1.03871
1.01575
1.00135
0.997105
1.00183
1.01268
1.02663
1.04129
1.05518
1.06749
1.07783
1.08608
1.09241
1.09728
1.10147
1.10589
1.11126
1.11793
1.12569
1.13389
1.14162
1.14803
1.15246
1.15457
1.15437
1.15227
1.14903
1.14545
1.14209
1.13905
1.13597
1.13237
1.12796
1.1229
1.1179
1.11402
1.1123
1.11323
1.11628
1.11992
1.122
1.12044
1.1139
1.10232
1.08721
1.07133
1.05782
1.04912
1.0461
1.04793
1.05295
1.0603
1.07075
1.08569
1.10545
1.12853
1.15243
1.17463
1.19307
1.20616
1.21282
1.21259
1.20568
1.19298
1.17596
1.15645
1.13643
1.1176
1.10118
1.08789
1.07801
1.07139
1.06738
1.06485
1.0626
1.05987
1.05652
1.05313
1.05096
1.05189
1.05789
1.07004
1.08778
1.10902
1.13106
1.15147
1.16853
1.18142
1.19022
1.19583
1.19952
1.20221
1.20392
1.20384
1.20079
1.19386
1.18284
1.16844
1.15221
1.13616
1.12221
1.11159
1.1046
1.10055
1.0982
1.09629
1.09393
1.09095
1.0879
1.0858
1.08533
1.0861
1.08664
1.08552
1.08242
1.07847
1.07556
1.07549
1.07925
1.08688
1.09776
1.11101
1.1257
1.14079
1.15504
1.16719
1.17628
1.18196
1.18437
1.18387
1.18059
1.17436
1.16488
1.15208
1.13656
1.11995
1.10507
1.09566
1.0954
1.10604
1.12584
1.15004
1.17319
1.19146
1.20335
1.20949
1.21209
1.21379
1.21644
1.22017
1.2237
