-5.05169
-5.04722
-5.04395
-5.04652
-5.05818
-5.07491
-5.09501
-5.11513
-5.12686
-5.13032
-5.12265
-5.10489
-5.08236
-5.05793
-5.03745
-5.02183
-5.01291
-5.00855
-5.01099
-5.01486
-5.01726
-5.01419
-5.00333
-4.98498
-4.9631
-4.94455
-4.93403
-4.93686
-4.94818
-4.96427
-4.98021
-4.99288
-5.00338
-5.01121
-5.01813
-5.02511
-5.03137
-5.03766
-5.0401
-5.04152
-5.04118
-5.04197
-5.04525
-5.05043
-5.0554
-5.05873
-5.06117
-5.06024
-5.05438
-5.04226
-5.02335
-4.99695
-4.96395
-4.93067
-4.90297
-4.8923
-4.90393
-4.92918
-4.95718
-4.9824
-5.00429
-5.02756
-5.05099
-5.07357
-5.09294
-5.10502
-5.11029
-5.10721
-5.10088
-5.09313
-5.08851
-5.08646
-5.08554
-5.0821
-5.07343
-5.06052
-5.04322
-5.02186
-5.00073
-4.98047
-4.96174
-4.94315
-4.92343
-4.90406
-4.88813
-4.87769
-4.87424
-4.87863
-4.88945
-4.90365
-4.91892
-4.93131
-4.94248
-4.95326
-4.96492
-4.97741
-4.99001
-5.00307
-5.01553
-5.02447
-5.02859
-5.02629
-5.01707
-5.00771
-5.00055
-4.9998
-5.00727
-5.01991
-5.03491
-5.04681
-5.05297
-5.05373
-5.04763
-5.04028
-5.03515
-5.0326
-5.03451
-5.03961
-5.04497
-5.04993
-5.05143
-5.04979
-5.04468
-5.03849
-5.03204
-5.03014
-5.03607
-5.05229
-5.07585
-5.09923
-5.11822
-5.12602
-5.12264
-5.10879
-5.08839
-5.06324
-5.04168
-5.02906
-5.0262
-5.03164
-5.03941
-5.0448
-5.0431
-5.03695
-5.02405
-5.0091
-4.99549
-4.98357
-4.97345
-4.96734
-4.96782
-4.97771
-4.99658
-5.02127
-5.0496
-5.07591
-5.09576
-5.10775
-5.11033
-5.10668
-5.10051
-5.09326
-5.0879
-5.08341
-5.07694
-5.06464
-5.04554
-5.01891
-4.9889
-4.95837
-4.93125
-4.91257
-4.90188
-4.89837
-4.8999
-4.90697
-4.91652
-4.92784
-4.93803
-4.94546
-4.9535
-4.96213
-4.97176
-4.98262
-4.99503
-5.0075
-5.02151
-5.03382
-5.0443
-5.05353
-5.05835
-5.05849
-5.05208
-5.04152
-5.02596
-5.00769
-4.98451
-4.96071
-4.94079
-4.92633
-4.92489
-4.93958
-4.97106
-5.01284
-5.0586
-5.10312
-5.14014
-5.16776
-5.18385
-5.18991
-5.18659
-5.1767
-5.15865
-5.13746
-5.11193
-5.08138
-5.0472
-5.01208
-4.97815
-4.95039
-4.93378
-4.93235
-4.94598
-4.97467
-5.01269
-5.05388
-5.0932
-5.12403
-5.14576
-5.15472
-5.15416
-5.14688
-5.13491
-5.11871
-5.09765
-5.0733
-5.04253
-5.00983
-4.97932
-4.95638
-4.94507
-4.94578
-4.95389
-4.96537
-4.9793
-4.99273
-5.00515
-5.01507
-5.02526
-5.03122
-5.03253
-5.03221
-5.02884
-5.02226
-5.01384
-5.00536
-5.00033
-5.00088
-5.00945
-5.02212
-5.03494
-5.04597
-5.05319
-5.05556
-5.05458
-5.04973
-5.04267
-5.03709
-5.03389
-5.03427
-5.0394
-5.04468
-5.05118
-5.05702
-5.0615
-5.0642
-5.06653
-5.06944
-5.07176
-5.07546
-5.08072
-5.08386
-5.08486
-5.08228
-5.07101
-5.05079
-5.02197
-4.99115
-4.96592
-4.95288
-4.94847
-4.94941
-4.95358
-4.96243
-4.97355
-4.98581
-4.99376
-5.00009
-5.0066
-5.01823
-5.03789
-5.06622
-5.09835
-5.12784
-5.15074
-5.163
-5.16635
-5.16418
-5.15663
-5.14771
-5.13884
-5.12916
-5.11976
-5.11224
-5.10938
-5.11084
-5.11575
-5.12405
-5.13168
-5.13783
-5.13887
-5.13531
-5.12618
-5.11199
-5.09362
-5.0749
-5.05391
-5.03349
-5.01681
-5.00149
-4.99154
-4.98943
-4.995
-5.00929
-5.03179
-5.06052
-5.09206
-5.12119
-5.14841
-5.16748
-5.17885
-5.18064
-5.17219
-5.15446
-5.12961
-5.10359
-5.08371
-5.07276
-5.07141
-5.07993
-5.09344
-5.11164
-5.13134
-5.15111
-5.16898
-5.18038
-5.18086
-5.16845
-5.14423
-5.11105
-5.07418
-5.03896
-5.01169
-4.98937
-4.96807
-4.94812
-4.92869
-4.90949
-4.89323
-4.8821
-4.87584
-4.87734
-4.88172
-4.88949
-4.89757
-4.90223
-4.90351
-4.90347
-4.90105
-4.90046
-4.90234
-4.90932
-4.92102
-4.93804
-4.95803
-4.97874
-4.99696
-5.00985
-5.01597
-5.01478
-5.00461
-4.99085
-4.97395
-4.95635
-4.94132
-4.93216
-4.9336
-4.94542
-4.95743
-4.968
-4.97313
-4.97659
-4.97968
-4.9866
-4.99617
-5.00986
-5.02452
-5.04021
-5.05282
-5.06298
-5.06764
-5.06672
-5.06098
-5.0501
-5.03468
-5.01887
-5.00193
-4.98573
-4.97466
-4.96915
-4.96826
-4.97136
-4.97692
-4.98179
-4.98684
-4.99302
-4.99893
-5.00367
-5.00407
-5.00094
-4.99504
-4.98963
-4.98762
-4.98909
-4.99523
-5.00404
-5.00976
-5.01186
-5.00684
-4.99648
-4.9797
-4.95858
-4.93777
-4.92077
-4.91382
-4.919
-4.93575
-4.96006
-4.98703
-5.0126
-5.03148
-5.04366
-5.04897
-5.04697
-5.03669
-5.02228
-5.00702
-4.99363
-4.98325
-4.97539
-4.97131
-4.97083
-4.97296
-4.97682
-4.97746
-4.9739
-4.9668
-4.95641
-4.94492
-4.93595
-4.92997
-4.92654
-4.92597
-4.9263
-4.92486
-4.92124
-4.91537
-4.90705
-4.89752
-4.89057
-4.88903
-4.89146
-4.90337
-4.92483
-4.95409
-4.98469
-5.01127
-5.0295
-5.03702
-5.03455
-5.02522
-5.01725
-5.00919
-5.00529
-5.00495
-5.007
-5.01092
-5.01871
-5.02893
-5.04478
-5.05945
-5.07149
-5.07578
-5.071
-5.05321
-5.02588
-4.98883
-4.94811
-4.90627
-4.87049
-4.84626
-4.83602
-4.84333
-4.86434
-4.89219
-4.92177
-4.94647
-4.96617
-4.97834
-4.98247
-4.97731
-4.9624
-4.94017
-4.91472
-4.8895
-4.87009
-4.86456
-4.87433
-4.90024
-4.94129
-4.98752
-5.03077
-5.0677
-5.09433
-5.11086
-5.11817
-5.11697
-5.11208
-5.10498
-5.10005
-5.09894
-5.10198
-5.10791
-5.11489
-5.12136
-5.12467
-5.12185
-5.11089
-5.09495
-5.07151
-5.04388
-5.01238
-4.98093
-4.95084
-4.92668
-4.9116
-4.90747
-4.91343
-4.9266
-4.94228
-4.9578
-4.97344
-4.98839
-5.00471
-5.02103
-5.03801
-5.05344
-5.06569
-5.07058
-5.06677
-5.05297
-5.02805
-4.99491
-4.95683
-4.91727
-4.88307
-4.85543
-4.83314
-4.81564
-4.80126
-4.79424
-4.80096
-4.82345
-4.85836
-4.89949
-4.93719
-4.96724
-4.98691
-4.99654
-5.00033
-4.99782
-4.99266
-4.9867
-4.98357
-4.98152
-4.97901
-4.97418
-4.96821
-4.96058
-4.95578
-4.95142
-4.94816
-4.94628
-4.94771
-4.94914
-4.95076
-4.94956
-4.94776
-4.94443
-4.93969
-4.93471
-4.92907
-4.92262
-4.91594
-4.90999
-4.90839
-4.91703
-4.93585
-4.96661
-5.00402
-5.04316
-5.082
-5.1168
-5.14738
-5.17234
-5.19173
-5.20481
-5.21145
-5.20899
-5.19733
-5.17962
-5.15563
-5.12899
-5.10254
-5.07908
-5.05965
-5.0441
-5.03175
-5.0232
-5.01638
-5.01228
-5.01052
-5.01116
-5.01082
-5.00673
-4.99999
-4.98897
-4.97387
-4.95761
-4.94103
-4.92398
-4.90954
-4.90008
-4.89836
-4.90662
-4.92588
-4.95276
-4.98725
-5.02091
-5.04789
-5.06468
-5.07111
-5.06887
-5.06099
-5.05093
-5.04356
-5.04149
-5.04176
-5.04404
-5.04352
-5.03941
-5.02981
-5.0155
-4.99764
-4.97905
-4.96189
-4.94804
-4.9393
-4.93557
-4.93658
-4.94027
-4.9466
-4.95236
-4.95944
-4.96563
-4.97296
-4.9821
-4.99504
-5.01014
-5.02924
-5.04754
-5.06196
-5.0739
-5.08247
-5.08522
-5.08663
-5.08551
-5.08468
-5.08269
-5.08321
-5.08272
-5.08078
-5.07938
-5.07607
-5.07281
-5.06642
-5.05757
-5.04779
-5.04128
-5.04133
-5.05105
-5.06895
-5.08835
-5.10619
-5.11924
-5.12648
-5.12885
-5.12838
-5.12447
-5.11969
-5.1156
-5.11127
-5.10698
-5.10108
-5.09339
-5.08031
-5.0605
-5.03598
-5.01145
-4.99243
-4.98054
-4.97289
-4.96836
-4.96361
-4.95958
-4.95826
-4.95777
-4.95841
-4.95876
-4.95574
-4.94698
-4.93586
-4.92505
-4.91884
-4.92114
-4.92926
-4.9416
-4.95638
-4.97296
-4.99281
-5.01647
-5.0434
-5.07036
-5.09081
-5.10086
-5.09821
-5.08436
-5.06162
-5.03572
-5.01127
-4.99196
-4.97796
-4.97144
-4.96971
-4.9736
-4.98266
-4.99604
-5.01075
-5.02462
-5.03626
-5.04599
-5.05222
-5.05474
-5.05292
-5.04888
-5.0401
-5.02596
-5.00811
-4.98599
-4.9623
-4.93855
-4.91993
-4.9072
-4.90212
-4.9049
-4.91874
-4.94402
-4.97884
-5.01913
-5.05647
-5.08376
-5.10103
-5.10641
-5.10177
-5.08835
-5.0683
-5.04502
-5.02232
-5.00415
-4.99557
-4.99818
-5.00853
-5.02404
-5.03919
-5.05208
-5.05801
-5.05571
-5.04513
-5.02875
-5.00831
-4.98691
-4.96855
-4.95631
-4.94691
-4.94087
-4.93304
-4.92617
-4.91877
-4.91331
-4.90988
-4.91014
-4.91504
-4.92503
-4.93789
-4.95077
-4.96212
-4.96975
-4.9709
-4.96714
-4.96173
-4.95517
-4.95071
-4.94793
-4.94994
-4.95866
-4.97474
-4.99989
-5.02931
-5.06217
-5.09324
-5.11681
-5.13014
-5.13384
-5.12814
-5.11452
-5.0959
-5.07824
-5.06331
-5.05288
-5.04689
-5.04693
-5.05247
-5.06142
-5.07269
-5.08483
-5.0947
-5.09649
-5.08872
-5.07107
-5.04464
-5.01262
-4.98111
-4.95129
-4.92485
-4.90145
-4.88406
-4.87674
-4.87973
-4.89036
-4.90571
-4.92367
-4.94423
-4.96691
-4.9902
-5.01151
-5.02457
-5.02559
-5.02077
-5.01544
-5.01594
-5.02176
-5.02909
-5.03057
-5.02866
-5.02027
-5.00768
-4.99084
-4.97506
-4.96477
-4.96056
-4.96081
-4.96132
-4.96272
-4.96538
-4.97077
-4.9786
-4.98524
-4.99313
-4.996
-4.9918
-4.9819
-4.96747
-4.95365
-4.94615
-4.94979
-4.96278
-4.98267
-5.00436
-5.02424
-5.03942
-5.0474
-5.04766
-5.03944
-5.02531
-5.0049
-4.9844
-4.96866
-4.96375
-4.9684
-4.97897
-4.98939
-4.99629
-4.99673
-4.99289
-4.9837
-4.97084
-4.95719
-4.9445
-4.93518
-4.93046
-4.93107
-4.93663
-4.94382
-4.95105
-4.95596
-4.95729
-4.95571
-4.95384
-4.95004
-4.94631
-4.942
-4.93711
-4.93134
-4.92791
-4.92497
-4.92495
-4.92707
-4.92965
-4.93096
-4.9316
-4.93359
-4.93689
-4.94076
-4.94721
-4.95467
-4.96103
-4.96735
-4.97323
-4.97373
-4.97284
-4.96818
-4.95929
-4.95032
-4.94078
-4.93894
-4.9451
-4.96071
-4.98319
-5.00889
-5.03305
-5.05543
-5.07075
-5.07906
-5.07857
-5.07229
-5.06273
-5.05206
-5.04094
-5.03089
-5.02239
-5.01394
-5.00504
-4.99826
-4.99301
-4.99045
-4.98848
-4.98519
-4.98065
-4.96953
-4.95477
-4.94273
-4.93776
-4.93967
-4.94752
-4.95651
-4.96841
-4.97795
-4.98567
-4.99194
-4.9984
-5.00883
-5.02468
-5.04335
-5.06777
-5.09543
-5.12389
-5.14908
-5.16897
-5.18283
-5.18916
-5.18943
-5.18107
-5.16763
-5.14748
-5.12315
-5.09601
-5.06727
-5.0431
-5.02481
-5.01411
-5.01038
-5.01147
-5.01645
-5.02576
-5.03794
-5.05362
-5.06803
-5.08143
-5.09317
-5.10617
-5.11927
-5.13051
-5.13698
-5.13894
-5.13361
-5.12301
-5.10505
-5.08303
-5.05689
-5.03009
-5.00513
-4.98344
-4.96763
-4.9586
-4.95203
-4.94704
-4.94037
-4.93256
-4.92036
-4.90613
-4.89088
-4.87669
-4.86618
-4.86129
-4.85805
-4.85713
-4.85555
-4.84855
-4.84101
-4.83418
-4.83183
-4.83838
-4.85555
-4.88122
-4.91126
-4.94142
-4.9674
-4.98917
-5.00602
-5.02011
-5.03321
-5.04848
-5.06776
-5.09441
-5.12365
-5.15342
-5.17607
-5.18759
-5.18422
-5.16204
-5.12134
-5.06814
-5.01327
-4.96787
-4.94075
-4.9312
-4.93142
-4.93893
-4.94786
-4.9573
-4.96759
-4.97997
-4.99413
-5.00957
-5.02644
-5.04432
-5.06248
-5.07757
-5.0903
-5.10115
-5.1079
-5.11127
-5.11053
-5.10764
-5.1038
-5.10107
-5.10087
-5.10288
-5.10785
-5.11297
-5.11696
-5.11855
-5.11326
-5.10121
-5.07974
-5.05396
-5.02675
-5.00716
-4.99945
-5.00531
-5.02059
-5.03775
-5.05186
-5.06097
-5.05857
-5.04444
-5.02048
-4.98862
-4.95216
-4.91768
-4.8873
-4.86795
-4.86175
-4.87088
-4.892
-4.9186
-4.94448
-4.9644
-4.97675
-4.97947
-4.97832
-4.97344
-4.96935
-4.96739
-4.96923
-4.97285
-4.97897
-4.98625
-4.99313
-4.99709
-4.99841
-4.99891
-5.00097
-5.00527
-5.01441
-5.0296
-5.04739
-5.0645
-5.07998
-5.08725
-5.08942
-5.08402
-5.07597
-5.06561
-5.05467
-5.04424
-5.03364
-5.0254
-5.02204
-5.02516
-5.0339
-5.04594
-5.05879
-5.0695
-5.07612
-5.0769
-5.07057
-5.05897
-5.04606
-5.03305
-5.02432
-5.02096
-5.02053
-5.02025
-5.01736
-5.00876
-4.99374
-4.97658
-4.95729
-4.93874
-4.92311
-4.91009
-4.90136
-4.89564
-4.89122
-4.88596
-4.87721
-4.8665
-4.85661
-4.85259
-4.85654
-4.86918
-4.88911
-4.91427
-4.94199
-4.96898
-4.99175
-5.00695
-5.01423
-5.01472
-5.01373
-5.01646
-5.02689
-5.04371
-5.0608
-5.07461
-5.07979
-5.07834
-5.06916
-5.0546
-5.03715
-5.01892
-5.00295
-4.99093
-4.98396
-4.9819
-4.98457
-4.99269
-5.00182
-5.01116
-5.02064
-5.02856
-5.03277
-5.0346
-5.03238
-5.02774
-5.02145
-5.01452
-5.00998
-5.00913
-5.01247
-5.01866
-5.02284
-5.02222
-5.01442
-4.99728
-4.97219
-4.94249
-4.91017
-4.87857
-4.85294
-4.83195
-4.81917
-4.81376
-4.81495
-4.82221
-4.83359
-4.84842
-4.86188
-4.87338
-4.8821
-4.88774
-4.88948
-4.8883
-4.88543
-4.88369
-4.88355
-4.88955
-4.90169
-4.91627
-4.93046
-4.94541
-4.96094
-4.97859
-4.99791
-5.01935
-5.04123
-5.06161
-5.08003
-5.09528
-5.10653
-5.11646
-5.12226
-5.12405
-5.12126
-5.11323
-5.10144
-5.08538
-5.06597
-5.04617
-5.02767
-5.01445
-5.00737
-5.0115
-5.02522
-5.04709
-5.07006
-5.09115
-5.10796
-5.12022
-5.1274
-5.12891
-5.12694
-5.1237
-5.11897
-5.11644
-5.1139
-5.10988
-5.10304
-5.09394
-5.08436
-5.07745
-5.07493
-5.07499
-5.07895
-5.08525
-5.09246
-5.09883
-5.10617
-5.11513
-5.1234
-5.13175
-5.13685
-5.13666
-5.12603
-5.10477
-5.07059
-5.02691
-4.97656
-4.92555
-4.87782
-4.83701
-4.80598
-4.78717
-4.77751
-4.7787
-4.78473
-4.7948
-4.80634
-4.81743
-4.82787
-4.83611
-4.8423
-4.84569
-4.84835
-4.85077
-4.85711
-4.87026
-4.89161
-4.92142
-4.95498
-4.99099
-5.02514
-5.05216
-5.07039
-5.0787
-5.07838
-5.06966
-5.05965
-5.05374
-5.05279
-5.05641
-5.06361
-5.07017
-5.07483
-5.07558
-5.07363
-5.0666
-5.05792
-5.04605
-5.0339
-5.02168
-5.00995
-4.99792
-4.98753
-4.97654
-4.96513
-4.9523
-4.93717
-4.92086
-4.90367
-4.88725
-4.87405
-4.8626
-4.85366
-4.84403
-4.83562
-4.82868
-4.82374
-4.82566
-4.83952
-4.86938
-4.91233
-4.9625
-5.01093
-5.0495
-5.07597
-5.08753
-5.08906
-5.08139
-5.0713
-5.06048
-5.05108
-5.04252
-5.03502
-5.02828
-5.01931
-5.01089
-5.00479
-5.00065
-5.00164
-5.00727
-5.01703
-5.03004
-5.04335
-5.0542
-5.05669
-5.05128
-5.03849
-5.0225
-5.00528
-4.98958
-4.97774
-4.96736
-4.95833
-4.94766
-4.93664
-4.92638
-4.92005
-4.92038
-4.93159
-4.94886
-4.9726
-4.99982
-5.02872
-5.0555
-5.0781
-5.0939
-5.10186
-5.09919
-5.0875
-5.06517
-5.0398
-5.01411
-4.99238
-4.97684
-4.96946
-4.96888
-4.97487
-4.98294
-4.9918
-5.00231
-5.01344
-5.02448
-5.03375
-5.04288
-5.04905
-5.05093
-5.04718
-5.03523
-5.01864
-4.99856
-4.97792
-4.95875
-4.94324
-4.93222
-4.92508
-4.9255
-4.93172
-4.94146
-4.94989
-4.95463
-4.95401
-4.94884
-4.94086
-4.93196
-4.92235
-4.91299
-4.90196
-4.89097
-4.87966
-4.87174
-4.86543
-4.86615
-4.87237
-4.88791
-4.9089
-4.93421
-4.96261
-4.99093
-5.01707
-5.0361
-5.04651
-5.04945
-5.0462
-5.03578
-5.02103
-5.00438
-4.98669
-4.97291
-4.96485
-4.96362
-4.96918
-4.97903
-4.98961
-5.00103
-5.01126
-5.02136
-5.03196
-5.04126
-5.04703
-5.04713
-5.0398
-5.02535
-5.00526
-4.98404
-4.9656
-4.95071
-4.94291
-4.94043
-4.9413
-4.94347
-4.94527
-4.94696
-4.94749
-4.94731
-4.94604
-4.94176
-4.935
-4.92539
-4.91573
-4.9069
-4.90233
-4.90028
-4.89907
-4.89572
-4.88935
-4.87795
-4.86412
-4.85051
-4.84539
-4.85548
-4.88617
-4.93166
-4.98578
-5.03909
-5.08617
-5.12359
-5.1501
-5.1626
-5.16507
-5.15788
-5.14325
-5.11991
-5.09037
-5.05355
-5.0083
-4.9601
-4.91072
-4.86906
-4.84276
-4.8399
-4.86139
-4.90018
-4.94359
-4.98095
-5.00756
-5.02108
-5.02078
-5.00891
-4.98842
-4.96179
-4.93464
-4.90841
-4.88826
-4.87122
-4.85953
-4.85249
-4.85144
-4.8566
-4.8692
-4.88803
-4.91102
-4.9354
-4.95816
-4.97667
-4.99285
-5.00787
-5.02035
-5.03126
-5.04024
-5.04705
-5.04829
-5.0459
-5.03593
-5.01799
-4.99164
-4.96016
-4.92594
-4.8923
-4.86233
-4.83979
-4.8238
-4.81707
-4.81739
-4.82822
-4.8476
-4.87418
-4.90653
-4.9405
-4.97556
-5.00915
-5.03864
-5.06353
-5.08307
-5.09601
-5.1042
-5.10667
-5.1071
-5.10414
-5.10135
-5.0979
-5.09562
-5.09389
-5.09036
-5.0851
-5.07542
-5.06278
-5.04494
-5.02474
-5.00407
-4.98606
-4.97162
-4.9609
-4.95638
-4.95917
-4.96905
-4.98324
-5.00124
-5.01985
-5.03513
-5.04326
-5.04401
-5.03795
-5.02538
-5.01114
-4.99859
-4.98795
-4.98322
-4.98536
-4.99406
-5.00614
-5.01898
-5.03083
-5.03975
-5.04383
-5.04451
-5.03946
-5.03449
-5.02823
-5.02196
-5.01649
-5.01175
-5.01053
-5.01101
-5.00995
-5.00981
-5.00723
-5.00209
-4.99256
-4.97934
-4.96311
-4.94929
-4.93878
-4.93445
-4.937
-4.94731
-4.96211
-4.98195
-5.0024
-5.02322
-5.04054
-5.05267
-5.0595
-5.06253
-5.06277
-5.06554
-5.07142
-5.07986
-5.08945
-5.09699
-5.10028
-5.10055
-5.09723
-5.09021
-5.08285
-5.07392
-5.06217
-5.04884
-5.03422
-5.02017
-5.0052
-4.99268
-4.98323
-4.97962
-4.98082
-4.98576
-4.99745
-5.01041
-5.02314
-5.03272
-5.03625
-5.03162
-5.01827
-4.99656
-4.97115
-4.9434
-4.91832
-4.8964
-4.87957
-4.87064
-4.86607
-4.86608
-4.86666
-4.86944
-4.87165
-4.87131
-4.86868
-4.8633
-4.85498
-4.84779
-4.84219
-4.8387
-4.83866
-4.84225
-4.84914
-4.86008
-4.87634
-4.89837
-4.92422
-4.95412
-4.98306
-5.01005
-5.03351
-5.0503
-5.06258
-5.0715
-5.07681
-5.07715
-5.07287
-5.06822
-5.05944
-5.0515
-5.04197
-5.03133
-5.02223
-5.01537
-5.01141
-5.01192
-5.02118
-5.03781
-5.05952
-5.08511
-5.10608
-5.12101
-5.12688
-5.12174
-5.10671
-5.08744
-5.06516
-5.044
-5.02673
-5.01716
-5.01347
-5.01438
-5.01756
-5.01887
-5.01948
-5.0185
-5.01606
-5.01217
-5.00718
-5.00089
-4.99713
-4.99477
-4.99569
-4.99796
-5.00254
-5.00896
-5.0184
-5.03072
-5.0473
-5.0635
-5.07725
-5.08516
-5.08428
-5.07742
-5.06591
-5.05106
-5.0353
-5.02375
-5.01568
-5.01535
-5.01909
-5.02802
-5.04136
-5.05815
-5.07703
-5.09435
-5.10844
-5.11834
-5.12329
-5.12316
-5.12095
-5.11596
-5.11059
-5.10437
-5.09621
-5.08529
-5.07093
-5.05117
-5.02689
-4.99904
-4.97289
-4.94907
-4.93304
-4.92757
-4.93198
-4.94281
-4.95402
-4.96507
-4.97394
-4.97923
-4.98154
-4.98151
-4.98266
-4.98594
-4.98945
-4.99353
-4.9954
-4.99123
-4.98007
-4.96552
-4.94904
-4.93738
-4.93215
-4.93722
-4.95185
-4.97454
-4.99995
-5.02295
-5.03758
-5.04435
-5.04647
-5.04443
-5.04092
-5.03904
-5.04053
-5.04387
-5.05266
-5.06438
-5.07812
-5.09027
-5.09949
-5.10265
-5.09842
-5.09085
-5.07912
-5.06872
-5.05913
-5.05105
-5.04385
-5.03582
-5.02648
-5.01572
-5.00547
-4.99654
-4.99089
-4.98763
-4.98847
-4.99398
-5.00654
-5.02287
-5.03835
-5.04871
-5.05308
-5.05406
-5.05651
-5.06271
-5.07344
-5.08424
-5.09335
-5.10032
-5.10401
-5.10353
-5.09858
-5.09016
-5.07904
-5.06338
-5.04643
-5.02986
-5.01546
-5.00569
-5.00229
-5.00276
-5.0069
-5.01162
-5.01342
-5.01317
-5.0128
-5.01332
-5.01419
-5.01519
-5.01535
-5.01179
-5.00691
-5.00279
-5.00124
-5.00095
-5.00176
-5.00083
-4.99934
-4.99556
-4.99179
-4.98607
-4.98199
-4.97992
-4.98039
-4.98325
-4.98713
-4.99258
-4.99694
-4.99903
-4.99831
-4.99163
-4.98127
-4.9691
-4.95936
-4.95816
-4.96803
-4.9877
-5.01229
-5.035
-5.05121
-5.05952
-5.06058
-5.05449
-5.0426
-5.02943
-5.01775
-5.00595
-4.99577
-4.98755
-4.98038
-4.97111
-4.96415
-4.95819
-4.9512
-4.94708
-4.94561
-4.9457
-4.94495
-4.94438
-4.94132
-4.94069
-4.94042
-4.94015
-4.93951
-4.93805
-4.93307
-4.92522
-4.91426
-4.90027
-4.8836
-4.8644
-4.84601
-4.83278
-4.82756
-4.83395
-4.85419
-4.8859
-4.92605
-4.97152
-5.01793
-5.06281
-5.10212
-5.13328
-5.15624
-5.16798
-5.1679
-5.15318
-5.12732
-5.09065
-5.04994
-5.0114
-4.9812
-4.96663
-4.96782
-4.98226
-5.00449
-5.03156
-5.05697
-5.07976
-5.09942
-5.11617
-5.12925
-5.13636
-5.14041
-5.13965
-5.13447
-5.12503
-5.11359
-5.1036
-5.09526
-5.09041
-5.09155
-5.09687
-5.10366
-5.10741
-5.10548
-5.09627
-5.0809
-5.05726
-5.0283
-4.99844
-4.97129
-4.94683
-4.9272
-4.91683
-4.91485
-4.92293
-4.94085
-4.96298
-4.98919
-5.01657
-5.03675
-5.04642
-5.0452
-5.03672
-5.03112
-5.0374
-5.04641
-5.04915
-5.03828
-5.01677
-4.98587
-4.95267
-4.91746
-4.88764
-4.86475
-4.85327
-4.85475
-4.86818
-4.89225
-4.92367
-4.95655
-4.98688
-5.01213
-5.03129
-5.04384
-5.04801
-5.04408
-5.03631
-5.02558
-5.01453
-5.00374
-4.99363
-4.98533
-4.97791
-4.97038
-4.96291
-4.95546
-4.94643
-4.93477
-4.9227
-4.90971
-4.89765
-4.88639
-4.87543
-4.86423
-4.85517
-4.84829
-4.8453
-4.84618
-4.8506
-4.85582
-4.86077
-4.86417
-4.87333
-4.88979
-4.91785
-4.95423
-4.99312
-5.02731
-5.04927
-5.05548
-5.04408
-5.01853
-4.98234
-4.94
-4.8995
-4.8672
-4.85084
-4.84755
-4.85135
-4.85611
-4.85728
-4.85758
-4.86325
-4.87712
-4.89763
-4.92026
-4.9439
-4.96833
-4.99018
-5.00904
-5.02329
-5.0303
-5.0316
-5.02564
-5.01193
-4.99253
-4.97012
-4.94739
-4.92669
-4.90889
-4.89702
-4.89206
-4.89552
-4.90557
-4.91878
-4.92881
-4.93308
-4.9367
-4.93964
-4.94992
-4.97108
-5.0006
-5.03829
-5.07443
-5.10426
-5.12231
-5.12606
-5.11614
-5.0976
-5.07524
-5.04898
-5.02492
-5.00354
-4.98415
-4.96621
-4.95049
-4.93538
-4.92241
-4.91596
-4.91581
-4.92376
-4.94195
-4.96407
-4.9893
-5.01143
-5.02754
-5.03545
-5.03408
-5.02384
-5.00907
-4.99268
-4.97814
-4.97115
-4.97006
-4.97535
-4.98469
-4.99393
-4.99946
-5.00029
-4.99275
-4.97803
-4.9588
-4.9365
-4.91349
-4.8916
-4.8761
-4.86669
-4.86257
-4.86675
-4.87918
-4.89624
-4.91668
-4.93788
-4.96073
-4.98232
-5.00155
-5.01348
-5.02191
-5.02467
-5.02555
-5.02344
-5.02006
-5.01522
-5.01004
-5.00306
-4.99464
-4.98623
-4.97862
-4.96733
-4.95534
-4.93768
-4.91146
-4.88376
-4.85982
-4.84221
-4.8344
-4.83838
-4.85254
-4.87553
-4.90632
-4.94164
-4.98093
-5.01926
-5.05453
-5.08448
-5.1094
-5.12765
-5.14258
-5.15177
-5.15688
-5.15685
-5.15008
-5.13511
-5.11393
-5.08536
-5.05445
-5.02346
-4.99561
-4.97546
-4.96558
-4.96522
-4.97344
-4.98634
-4.99807
-5.00689
-5.01124
-5.0128
-5.00968
-5.00228
-4.99041
-4.97583
-4.96146
-4.94676
-4.93193
-4.91626
-4.89856
-4.88188
-4.87219
-4.8748
-4.89126
-4.9166
-4.94882
-4.98285
-5.01632
-5.04832
-5.07973
-5.10496
-5.12328
-5.13219
-5.12926
-5.11581
-5.09399
-5.06804
-5.04261
-5.02035
-5.00699
-5.00162
-5.001
-5.00028
-5.00053
-4.99859
-4.99721
-4.99781
-4.99985
-5.00626
-5.01357
-5.02449
-5.04228
-5.06274
-5.0871
-5.10771
-5.12311
-5.13355
-5.13754
-5.13655
-5.13425
-5.12837
-5.12324
-5.11706
-5.11125
-5.10488
-5.0972
-5.08484
-5.06856
-5.04621
-5.01996
-4.99035
-4.95948
-4.92972
-4.9042
-4.88404
-4.87335
-4.87254
-4.8794
-4.89271
-4.90907
-4.92474
-4.93756
-4.94843
-4.95876
-4.96631
-4.97391
-4.97961
-4.98249
-4.98299
-4.98175
-4.98005
-4.97899
-4.98185
-4.99009
-5.00383
-5.024
-5.04588
-5.06572
-5.07997
-5.08545
-5.0849
-5.07713
-5.06591
-5.0526
-5.0383
-5.02444
-5.01085
-4.99883
-4.98753
-4.9783
-4.97428
-4.97295
-4.9776
-4.98608
-4.9965
-5.00826
-5.01769
-5.02632
-5.03511
-5.04795
-5.06286
-5.07911
-5.09358
-5.10395
-5.10555
-5.09881
-5.08737
-5.076
-5.06951
-5.07127
-5.08068
-5.09536
-5.10854
-5.1177
-5.12149
-5.11691
-5.10703
-5.09289
-5.07429
-5.05501
-5.03465
-5.01433
-4.99505
-4.97946
-4.96943
-4.96327
-4.96165
-4.96593
-4.97566
-4.99021
-5.00523
-5.02273
-5.03865
-5.0549
-5.06706
-5.07445
-5.0765
-5.07473
-5.06905
-5.06249
-5.05376
-5.04386
-5.03183
-5.02038
-5.00706
-4.99416
-4.98403
-4.97832
-4.98058
-4.99079
-5.0056
-5.02282
-5.03951
-5.05428
-5.06435
-5.07107
-5.06901
-5.05996
-5.04633
-5.02708
-5.0053
-4.98215
-4.95682
-4.9321
-4.90944
-4.89089
-4.88001
-4.87627
-4.87492
-4.87716
-4.87776
-4.87989
-4.88238
-4.88529
-4.88861
-4.8897
-4.89071
-4.89412
-4.89763
-4.90305
-4.90921
-4.91361
-4.91762
-4.92043
-4.92427
-4.92935
-4.93416
-4.93954
-4.94605
-4.95558
-4.96716
-4.98149
-4.997
-5.01057
-5.01867
-5.02293
-5.02025
-5.00891
-4.99331
-4.97227
-4.94894
-4.92877
-4.91634
-4.91624
-4.92726
-4.94658
-4.97273
-5.00212
-5.03354
-5.06309
-5.08896
-5.10701
-5.11339
-5.10852
-5.09303
-5.06716
-5.03608
-5.00446
-4.97726
-4.96095
-4.95604
-4.96389
-4.9826
-5.0069
-5.03174
-5.04949
-5.05697
-5.04894
-5.02806
-4.99773
-4.96719
-4.94429
-4.93374
-4.93702
-4.94797
-4.96364
-4.98071
-4.9968
-5.011
-5.02238
-5.02891
-5.02925
-5.02288
-5.01013
-4.98928
-4.96206
-4.93423
-4.91184
-4.90049
-4.90316
-4.91588
-4.93408
-4.95247
-4.96734
-4.97921
-4.98873
-4.99389
-5.00001
-5.00578
-5.01187
-5.01937
-5.02957
-5.03848
-5.05101
-5.06502
-5.0798
-5.09505
-5.10773
-5.11797
-5.12364
-5.12517
-5.12345
-5.11755
-5.10932
-5.09831
-5.08821
-5.08173
-5.07787
-5.08074
-5.08771
-5.09859
-5.10873
-5.11363
-5.1118
-5.10591
-5.09864
-5.09299
-5.09158
-5.09362
-5.09504
-5.09231
-5.0883
-5.08377
-5.08006
-5.07707
-5.07405
-5.07145
-5.06754
-5.06228
-5.05687
-5.04909
-5.04046
-5.03289
-5.02736
-5.0253
-5.0287
-5.03825
-5.05125
-5.06485
-5.07589
-5.08308
-5.0855
-5.08046
-5.06879
-5.04884
-5.02238
-4.99119
-4.95983
-4.92915
-4.9044
-4.88848
-4.88478
-4.88983
-4.90058
-4.9134
-4.92729
-4.93756
-4.94218
-4.94329
-4.94453
-4.9464
-4.95155
-4.95884
-4.96756
-4.97835
-4.99
-5.00306
-5.01795
-5.03326
-5.04996
-5.06898
-5.08708
-5.10347
-5.11428
-5.12144
-5.12114
-5.11121
-5.09304
-5.0685
-5.03656
-5.00142
-4.9674
-4.93779
-4.91925
-4.90768
-4.90258
-4.9004
-4.90054
-4.90552
-4.91713
-4.93395
-4.95615
-4.98127
-5.00516
-5.02489
-5.04153
-5.05221
-5.05931
-5.0608
-5.05815
-5.05404
-5.05008
-5.04879
-5.05143
-5.05608
-5.06381
-5.06907
-5.0687
-5.06104
-5.05039
-5.03728
-5.02529
-5.01874
-5.0197
-5.02437
-5.02781
-5.02625
-5.01653
-4.99974
-4.97779
-4.95629
-4.94157
-4.93942
-4.94899
-4.96675
-4.9886
-5.0084
-5.02504
-5.03909
-5.04977
-5.0604
-5.06815
-5.0727
-5.07416
-5.07354
-5.07119
-5.06876
-5.06587
-5.06157
-5.05371
-5.04142
-5.02047
-4.99111
-4.9528
-4.91212
-4.87433
-4.84655
-4.83364
-4.83799
-4.85416
-4.87737
-4.90276
-4.9247
-4.94038
-4.95149
-4.95565
-4.9561
-4.95316
-4.94824
-4.94246
-4.93512
-4.92845
-4.91999
-4.91101
-4.90246
-4.89814
-4.90027
-4.91379
-4.937
-4.96809
-5.00057
-5.02699
-5.04357
-5.04894
-5.04394
-5.02958
-5.0126
-4.99673
-4.98663
-4.98318
-4.98834
-4.99637
-5.00529
-5.01038
-5.00909
-5.00137
-4.98662
-4.96428
-4.93842
-4.91023
-4.88676
-4.86917
-4.8617
-4.86487
-4.87666
-4.89627
-4.91944
-4.94347
-4.96539
-4.98473
-4.99833
-5.0074
-5.01181
-5.01363
-5.01554
-5.01862
-5.02199
-5.02622
-5.0291
-5.03138
-5.03032
-5.02629
-5.02145
-5.01656
-5.00991
-5.00621
-5.00244
-5.00205
-5.00482
-5.01267
-5.02407
-5.03775
-5.04861
-5.05607
-5.05728
-5.05066
-5.03769
-5.02042
-4.99674
-4.97163
-4.94574
-4.92154
-4.90592
-4.90119
-4.90554
-4.91349
-4.91942
-4.92096
-4.91626
-4.90986
-4.90457
-4.90631
-4.91522
-4.93175
-4.94953
-4.96552
-4.97557
-4.97826
-4.97463
-4.96868
-4.96311
-4.9622
-4.96637
-4.97371
-4.98336
-4.9937
-5.00255
-5.00929
-5.0142
-5.01959
-5.02517
-5.03143
-5.03828
-5.04265
-5.04202
-5.03606
-5.02468
-5.00955
-4.99426
-4.97995
-4.96883
-4.96123
-4.95724
-4.95725
-4.96037
-4.96532
-4.96923
-4.97004
-4.96837
-4.96259
-4.95398
-4.94459
-4.93661
-4.93322
-4.93542
-4.94442
-4.95892
-4.97411
-4.99009
-5.00261
-5.01117
-5.01463
-5.01713
-5.01635
-5.01322
-5.00957
-5.00317
-4.99731
-4.99162
-4.98929
-4.99176
-4.99912
-5.00998
-5.022
-5.03419
-5.04615
-5.05561
-5.06279
-5.06459
-5.06142
-5.05008
-5.0328
-5.01057
-4.98562
-4.95976
-4.93407
-4.90967
-4.88451
-4.86107
-4.84066
-4.82438
-4.81553
-4.8126
-4.81661
-4.828
-4.84325
-4.86047
-4.87758
-4.89407
-4.90858
-4.92156
-4.93095
-4.93973
-4.94745
-4.9568
-4.96628
-4.97523
-4.98107
-4.98411
-4.98161
-4.97526
-4.96393
-4.95151
-4.93886
-4.92744
-4.91947
-4.91256
-4.90866
-4.9071
-4.90793
-4.90945
-4.91601
-4.92355
-4.93787
-4.95547
-4.97606
-4.99812
-5.02068
-5.04169
-5.05828
-5.06825
-5.07206
-5.06588
-5.05283
-5.03644
-5.02343
-5.02015
-5.02614
-5.04074
-5.0592
-5.07442
-5.08221
-5.08356
-5.07765
-5.06708
-5.05607
-5.0462
-5.03894
-5.0354
-5.03245
-5.02819
-5.02416
-5.01736
-5.01065
-5.00005
-4.9905
-4.98251
-4.97651
-4.97719
-4.98536
-5.00104
-5.02306
-5.05034
-5.07785
-5.10228
-5.12239
-5.13472
-5.13932
-5.13257
-5.11625
-5.08945
-5.05549
-5.0129
-4.9676
-4.92426
-4.88899
-4.86626
-4.85861
-4.86512
-4.88064
-4.90304
-4.92663
-4.95094
-4.97438
-4.9927
-5.00683
-5.01391
-5.01351
-5.00704
-4.99683
-4.98516
-4.97675
-4.97334
-4.97624
-4.98619
-5.00107
-5.01889
-5.03256
-5.04172
-5.04159
-5.03516
-5.02362
-5.01072
-4.99701
-4.98113
-4.96307
-4.94557
-4.92813
-4.91453
-4.90288
-4.89664
-4.89377
-4.89435
-4.89849
-4.90296
-4.90975
-4.91614
-4.92249
-4.92952
-4.93648
-4.94556
-4.95675
-4.97157
-4.98914
-5.01076
-5.03284
-5.05437
-5.07329
-5.09165
-5.10721
-5.12086
-5.13308
-5.14293
-5.14766
-5.14738
-5.13997
-5.12528
-5.10436
-5.08023
-5.05509
-5.03369
-5.02046
-5.01106
-5.00219
-4.99263
-4.97994
-4.96649
-4.95492
-4.95139
-4.95617
-4.9699
-4.98726
-5.00501
-5.021
-5.03494
-5.04655
-5.05571
-5.06123
-5.0627
-5.06348
-5.06495
-5.06504
-5.06667
-5.06848
-5.07124
-5.07191
-5.07329
-5.07551
-5.0763
-5.07248
-5.06381
-5.04926
-5.03295
-5.02228
-5.02035
-5.03252
-5.05475
-5.08015
-5.10089
-5.11418
-5.11835
-5.11085
-5.09401
-5.07011
-5.04237
-5.01364
-4.98762
-4.96948
-4.96175
-4.96426
-4.97456
-4.98877
-5.00423
-5.02199
-5.04217
-5.06249
-5.0794
-5.09142
-5.09457
-5.08774
-5.07275
-5.05103
-5.02507
-4.9975
-4.97314
-4.95466
-4.94176
-4.93517
-4.93204
-4.93277
-4.93522
-4.93669
-4.93945
-4.93972
-4.93794
-4.93225
-4.91961
-4.90312
-4.88392
-4.86918
-4.86431
-4.8727
-4.89428
-4.92571
-4.9599
-4.99366
-5.02343
-5.04999
-5.07048
-5.08775
-5.09563
-5.0948
-5.08387
-5.06459
-5.0419
-5.0183
-4.99764
-4.9818
-4.97062
-4.96502
-4.96332
-4.9665
-4.9723
-4.97977
-4.98751
-4.9961
-5.00548
-5.01669
-5.03078
-5.04739
-5.06573
-5.08421
-5.09825
-5.10313
-5.09651
-5.07829
-5.05253
-5.02475
-4.9985
-4.97804
-4.96506
-4.96362
-4.97116
-4.98564
-5.00318
-5.02436
-5.04252
-5.05725
-5.0659
-5.06972
-5.06685
-5.06274
-5.0548
-5.04601
-5.04029
-5.03809
-5.04151
-5.04871
-5.05986
-5.07242
-5.08409
-5.09249
-5.09618
-5.0944
-5.08559
-5.07371
-5.05928
-5.04544
-5.0355
-5.02987
-5.02985
-5.03214
-5.0349
-5.03653
-5.03565
-5.03003
-5.02196
-5.01051
-4.99938
-4.99433
-4.99616
-5.00802
-5.02941
-5.0584
-5.08878
-5.11587
-5.13502
-5.14373
-5.14306
-5.13664
-5.12513
-5.11279
-5.09864
-5.08276
-5.06142
-5.03683
-5.00694
-4.97806
-4.95317
-4.93454
-4.92237
-4.92
-4.92223
-4.93002
-4.94212
-4.95432
-4.96464
-4.97203
-4.9758
-4.97943
-4.98185
-4.98318
-4.98212
-4.97696
-4.9712
-4.96483
-4.95941
-4.95568
-4.95556
-4.95764
-4.96341
-4.9701
-4.9763
-4.98225
-4.9876
-4.99142
-4.99107
-4.98659
-4.97594
-4.95973
-4.93939
-4.91709
-4.89734
-4.88616
-4.88354
-4.89047
-4.90513
-4.92044
-4.93331
-4.94393
-4.95555
-4.97057
-4.9915
-5.01726
-5.03963
-5.05756
-5.06603
-5.06592
-5.06168
-5.05318
-5.04085
-5.0244
-5.00174
-4.97188
-4.93608
-4.89828
-4.8675
-4.85118
-4.85396
-4.87162
-4.9033
-4.94185
-4.98238
-5.02097
-5.05464
-5.0815
-5.10091
-5.11486
-5.12262
-5.12492
-5.12307
-5.11901
-5.11368
-5.10586
-5.09764
-5.08635
-5.07114
-5.05149
-5.02564
-4.99244
-4.95682
-4.91922
-4.88128
-4.84433
-4.81348
-4.79098
-4.77944
-4.77962
-4.78892
-4.80542
-4.82287
-4.84309
-4.86535
-4.89183
-4.92028
-4.94989
-4.97752
-5.00161
-5.01842
-5.02833
-5.03161
-5.02787
-5.02226
-5.01712
-5.01831
-5.02577
-5.03856
-5.05457
-5.07113
-5.08632
-5.09722
-5.10531
-5.10958
-5.11162
-5.11057
-5.10459
-5.09629
-5.08584
-5.07171
-5.05518
-5.03689
-5.0164
-4.99591
-4.97705
-4.95965
-4.94554
-4.93494
-4.92798
-4.9263
-4.92717
-4.92884
-4.93238
-4.93879
-4.9508
-4.96483
-4.97675
-4.98379
-4.98499
-4.98219
-4.97563
-4.96307
-4.95004
-4.93785
-4.92959
-4.92633
-4.92904
-4.93523
-4.94103
-4.94648
-4.94916
-4.9514
-4.95357
-4.95458
-4.95453
-4.95311
-4.94927
-4.9473
-4.94543
-4.94639
-4.94887
-4.95301
-4.9574
-4.96173
-4.96727
-4.97238
-4.97831
-4.98599
-4.99467
-5.00351
-5.01123
-5.01608
-5.01733
-5.01555
-5.01041
-5.00325
-4.99447
-4.98188
-4.97034
-4.95753
-4.94782
-4.94461
-4.94652
-4.95341
-4.96574
-4.97968
-4.99373
-5.00383
-5.00825
-5.00577
-4.99521
-4.97658
-4.95258
-4.92708
-4.90331
-4.88456
-4.872
-4.86645
-4.86455
-4.86398
-4.8623
-4.86329
-4.8682
-4.8793
-4.89551
-4.91503
-4.93714
-4.95984
-4.98241
-5.00237
-5.01784
-5.02599
-5.02522
-5.0156
-4.99964
-4.98078
-4.96239
-4.94706
-4.93342
-4.92169
-4.91576
-4.91724
-4.92504
-4.93881
-4.9518
-4.96172
-4.9685
-4.96851
-4.9631
-4.95206
-4.93898
-4.93381
-4.94133
-4.96069
-4.98497
-5.0059
-5.01823
-5.02334
-5.02502
-5.02317
-5.02121
-5.01549
-5.00899
-5.0011
-4.99484
-4.98994
-4.9887
-4.99255
-4.99764
-5.00256
-5.00325
-4.99995
-4.99258
-4.98131
-4.97033
-4.96162
-4.95445
-4.94781
-4.94307
-4.93934
-4.93811
-4.93828
-4.939
-4.94404
-4.95372
-4.96772
-4.98743
-5.01181
-5.03694
-5.05996
-5.07705
-5.08897
-5.09482
-5.09668
-5.09346
-5.0879
-5.07898
-5.06927
-5.05779
-5.04437
-5.0305
-5.01535
-4.99864
-4.98122
-4.96584
-4.95401
-4.94588
-4.94388
-4.94604
-4.94944
-4.95396
-4.95669
-4.95854
-4.95947
-4.95904
-4.95747
-4.95555
-4.95348
-4.95169
-4.95076
-4.95034
-4.95153
-4.95352
-4.95768
-4.96398
-4.97496
-4.99045
-5.00844
-5.02835
-5.04887
-5.06662
-5.08014
-5.08778
-5.08564
-5.07393
-5.05303
-5.02186
-4.98616
-4.95375
-4.93163
-4.92208
-4.92279
-4.92571
-4.92799
-4.93218
-4.93712
-4.94256
-4.94761
-4.95229
-4.95637
-4.96149
-4.96847
-4.97549
-4.98484
-4.99407
-5.00318
-5.01433
-5.02225
-5.02792
-5.02968
-5.02692
-5.01928
-5.0078
-4.99616
-4.98815
-4.98775
-4.99665
-5.01445
-5.03722
-5.05754
-5.07465
-5.08288
-5.08447
-5.07763
-5.06235
-5.04048
-5.0131
-4.98059
-4.94903
-4.91578
-4.88598
-4.86165
-4.84679
-4.84143
-4.84704
-4.86176
-4.87948
-4.89708
-4.91089
-4.91818
-4.92293
-4.92394
-4.92276
-4.92114
-4.91895
-4.91497
-4.91049
-4.90261
-4.88994
-4.87305
-4.85221
-4.83103
-4.81386
-4.80543
-4.81041
-4.82162
-4.83441
-4.84418
-4.85056
-4.85386
-4.85574
-4.85884
-4.86166
-4.86371
-4.8618
-4.85302
-4.83998
-4.82474
-4.81112
-4.80213
-4.80151
-4.81354
-4.83999
-4.87747
-4.92128
-4.96593
-5.00528
-5.03277
-5.04852
-5.05487
-5.05382
-5.04718
-5.03857
-5.02738
-5.01642
-5.00493
-4.99034
-4.97576
-4.95889
-4.9403
-4.92285
-4.90804
-4.90006
-4.90411
-4.92002
-4.94472
-4.97651
-5.00787
-5.03801
-5.06211
-5.07986
-5.09016
-5.09297
-5.08889
-5.08005
-5.06665
-5.04925
-5.03081
-5.01305
-5.00042
-4.99644
-4.99924
-5.00769
-5.01889
-5.0271
-5.03061
-5.03002
-5.02467
-5.01656
-5.008
-4.99852
-4.9881
-4.97783
-4.96845
-4.96051
-4.95611
-4.95922
-4.97024
-4.98559
-5.00372
-5.02135
-5.03912
-5.05113
-5.05885
-5.06246
-5.05896
-5.0522
-5.04487
-5.03578
-5.02723
-5.02244
-5.02576
-5.03551
-5.05013
-5.06437
-5.07172
-5.07375
-5.07237
-5.07202
-5.07537
-5.08272
-5.09054
-5.09671
-5.09834
-5.0943
-5.08199
-5.06497
-5.04579
-5.03
-5.01979
-5.02009
-5.02885
-5.04627
-5.06805
-5.0863
-5.10133
-5.10923
-5.11195
-5.10773
-5.09726
-5.08511
-5.07396
-5.0663
-5.06489
-5.06789
-5.07588
-5.08482
-5.09462
-5.10104
-5.10472
-5.10434
-5.09766
-5.08675
-5.0726
-5.0547
-5.03615
-5.01693
-5.0008
-4.98748
-4.97747
-4.97225
-4.97023
-4.97168
-4.97915
-4.98927
-5.00272
-5.01734
-5.03164
-5.04458
-5.05479
-5.05766
-5.05477
-5.04331
-5.02345
-4.99999
-4.97508
-4.95329
-4.93966
-4.93703
-4.94166
-4.95218
-4.96586
-4.98188
-4.9977
-5.00992
-5.01558
-5.0128
-5.00169
-4.98631
-4.97183
-4.96407
-4.96363
-4.97185
-4.98749
-5.00812
-5.03267
-5.05886
-5.08842
-5.11812
-5.14518
-5.16744
-5.183
-5.19192
-5.19296
-5.18743
-5.17702
-5.16308
-5.14647
-5.12814
-5.10604
-5.08201
-5.05876
-5.03964
-5.02621
-5.02028
-5.02107
-5.02441
-5.02621
-5.02523
-5.01772
-5.00454
-4.98764
-4.9703
-4.95233
-4.93728
-4.92673
-4.9193
-4.91679
-4.92055
-4.92926
-4.9421
-4.96026
-4.98094
-5.00429
-5.03038
-5.05349
-5.07267
-5.08608
-5.09285
-5.09286
-5.0865
-5.07497
-5.06029
-5.04077
-5.01978
-4.99589
-4.97209
-4.94587
-4.92586
-4.91223
-4.90742
-4.91177
-4.92181
-4.93364
-4.94765
-4.95933
-4.96938
-4.97613
-4.97948
-4.97942
-4.97464
-4.96231
-4.94199
-4.91373
-4.88098
-4.84968
-4.82764
-4.81495
-4.81368
-4.82616
-4.84826
-4.87957
-4.91412
-4.94955
-4.98202
-5.0107
-5.03496
-5.05567
-5.07351
-5.09173
-5.10967
-5.12777
-5.14551
-5.16201
-5.17555
-5.18699
-5.1954
-5.19855
-5.19635
-5.18732
-5.17467
-5.16082
-5.15066
-5.14699
-5.14901
-5.15151
-5.14837
-5.13872
-5.12375
-5.10488
-5.08622
-5.06981
-5.05681
-5.04687
-5.0415
-5.03853
-5.03775
-5.03753
-5.03597
-5.03175
-5.02315
-5.01027
-4.99611
-4.98029
-4.96594
-4.95546
-4.94901
-4.95051
-4.96026
-4.97698
-4.99949
-5.02223
-5.04085
-5.05313
-5.0571
-5.0544
-5.04719
-5.03645
-5.02718
-5.02133
-5.01964
-5.02846
-5.04494
-5.06388
-5.07684
-5.08337
-5.08269
-5.07914
-5.07053
-5.06148
-5.05436
-5.04877
-5.0459
-5.04754
-5.05036
-5.05572
-5.05967
-5.06192
-5.06363
-5.06433
-5.06514
-5.07183
-5.08273
-5.09668
-5.11088
-5.12404
-5.13199
-5.13446
-5.13162
-5.12504
-5.11401
-5.09818
-5.07814
-5.05646
-5.03335
-5.01005
-4.98809
-4.96659
-4.94845
-4.93397
-4.92651
-4.92606
-4.93412
-4.94432
-4.95534
-4.96403
-4.96965
-4.97442
-4.97535
-4.97616
-4.9745
-4.97188
-4.96768
-4.96328
-4.96147
-4.9609
-4.96153
-4.96292
-4.96535
-4.97005
-4.98153
-4.99759
-5.01695
-5.03627
-5.05348
-5.06507
-5.0731
-5.07929
-5.08475
-5.08773
-5.08825
-5.08566
-5.08015
-5.0707
-5.05914
-5.04619
-5.03531
-5.02653
-5.02307
-5.0261
-5.03307
-5.04431
-5.05527
-5.0623
-5.06483
-5.05777
-5.04005
-5.01357
-4.97954
-4.95086
-4.9362
-4.93868
-4.95905
-4.98781
-5.0136
-5.02949
-5.02996
-5.01543
-4.99225
-4.96688
-4.94612
-4.93384
-4.9322
-4.93692
-4.9476
-4.95885
-4.97024
-4.97924
-4.98539
-4.9936
-5.00487
-5.02242
-5.04509
-5.06761
-5.08264
-5.08972
-5.08653
-5.07743
-5.06326
-5.05365
-5.04988
-5.05142
-5.05834
-5.07111
-5.08449
-5.09689
-5.10637
-5.10775
-5.09818
-5.07789
-5.04881
-5.01537
-4.98555
-4.96102
-4.94498
-4.93303
-4.92291
-4.91377
-4.90873
-4.91031
-4.91814
-4.93475
-4.95941
-4.99268
-5.03191
-5.07272
-5.10771
-5.13341
-5.14989
-5.15562
-5.15313
-5.14309
-5.12722
-5.10556
-5.07916
-5.05125
-5.02354
-5.00017
-4.98623
-4.98247
-4.98875
-5.00292
-5.02059
-5.03894
-5.05357
-5.06153
-5.06369
-5.05906
-5.04896
-5.03685
-5.0241
-5.0113
-4.99958
-4.9902
-4.97968
-4.96893
-4.96109
-4.95641
-4.95128
-4.94575
-4.94145
-4.9405
-4.94576
-4.95979
-4.9805
-5.00356
-5.02414
-5.04227
-5.05495
-5.06387
-5.06903
-5.07496
-5.077
-5.07653
-5.07043
-5.05916
-5.04235
-5.02053
-4.99748
-4.97706
-4.96286
-4.95307
-4.94674
-4.93915
-4.92876
-4.91406
-4.89695
-4.87984
-4.86534
-4.85734
-4.85435
-4.85705
-4.86226
-4.87006
-4.88279
-4.89964
-4.9205
-4.94362
-4.96373
-4.97743
-4.98212
-4.97849
-4.9654
-4.94551
-4.92018
-4.89422
-4.87146
-4.85705
-4.85278
-4.85621
-4.8632
-4.8711
-4.87588
-4.87772
-4.87775
-4.87774
-4.87949
-4.88279
-4.88585
-4.8856
-4.88197
-4.87674
-4.87215
-4.87055
-4.87353
-4.88329
-4.89818
-4.91763
-4.93924
-4.96526
-4.99374
-5.02408
-5.05138
-5.0723
-5.08319
-5.08576
-5.07952
-5.07058
-5.05843
-5.04512
-5.03161
-5.01827
-5.00453
-4.99028
-4.9779
-4.97039
-4.96975
-4.98043
-5.00038
-5.02888
-5.06387
-5.09995
-5.13337
-5.15798
-5.17211
-5.1721
-5.16054
-5.13664
-5.10268
-5.06465
-5.02838
-4.9996
-4.9811
-4.976
-4.97973
-4.98941
-5.00088
-5.01252
-5.02267
-5.03096
-5.03429
-5.03485
-5.03226
-5.02833
-5.02294
-5.01682
-5.00913
-4.99933
-4.98674
-4.97343
-4.96049
-4.95071
-4.94454
-4.94708
-4.95672
-4.96935
-4.97878
-4.98118
-4.97586
-4.96319
-4.94387
-4.9234
-4.90494
-4.89179
-4.88421
-4.88336
-4.89151
-4.90593
-4.92373
-4.94565
-4.96614
-4.98718
-5.00999
-5.03339
-5.06081
-5.09052
-5.11895
-5.14458
-5.16682
-5.18427
-5.19803
-5.2062
-5.20927
-5.20717
-5.1989
-5.19015
-5.18332
-5.17996
-5.17759
-5.17271
-5.16242
-5.1459
-5.1227
-5.0948
-5.06152
-5.02298
-4.98171
-4.94043
-4.90241
-4.87272
-4.85359
-4.84599
-4.84953
-4.86433
-4.88617
-4.91234
-4.93711
-4.96133
-4.98085
-4.99704
-5.00977
-5.01992
-5.02867
-5.03499
-5.04167
-5.04921
-5.05873
-5.07296
-5.08755
-5.10374
-5.11741
-5.1274
-5.13476
-5.13954
-5.14379
-5.14865
-5.15506
-5.1617
-5.16886
-5.17347
-5.1754
-5.17588
-5.17288
-5.16637
-5.1572
-5.14576
-5.13078
-5.11415
-5.1002
-5.0928
-5.0918
-5.09275
-5.09413
-5.09293
-5.08865
-5.08248
-5.07415
-5.06188
-5.0475
-5.03063
-5.01284
-4.99432
-4.97868
-4.96472
-4.95285
-4.94517
-4.94212
-4.94776
-4.96086
-4.9814
-5.00752
-5.03425
-5.05566
-5.06622
-5.06598
-5.05434
-5.03461
-5.01006
-4.98576
-4.96225
-4.94018
-4.92039
-4.90253
-4.88882
-4.88549
-4.89648
-4.91869
-4.94744
-4.97934
-5.00995
-5.03688
-5.06124
-5.08062
-5.09458
-5.10528
-5.1103
-5.11336
-5.11253
-5.11015
-5.10246
-5.09005
-5.07407
-5.058
-5.04438
-5.03717
-5.0362
-5.03817
-5.0424
-5.0419
-5.03448
-5.01907
-4.99915
-4.97512
-4.95197
-4.92988
-4.9169
-4.91203
-4.91673
-4.93144
-4.95209
-4.97604
-4.99804
-5.01461
-5.02352
-5.02564
-5.02109
-5.01172
-4.99915
-4.98503
-4.97064
-4.95638
-4.94503
-4.93483
-4.92783
-4.92263
-4.91986
-4.91714
-4.91637
-4.9162
-4.92047
-4.92844
-4.94066
-4.95345
-4.96643
-4.97432
-4.97803
-4.97667
-4.97087
-4.96366
-4.95662
-4.95439
-4.95693
-4.9651
-4.97699
-4.98571
-4.98841
-4.98118
-4.96393
-4.94018
-4.91281
-4.89101
-4.88117
-4.88383
-4.89794
-4.9202
-4.94598
-4.97017
-4.98945
-5.00186
-5.00941
-5.01325
-5.00788
-4.99817
-4.9832
-4.96651
-4.95071
-4.94104
-4.93588
-4.93636
-4.94014
-4.94492
-4.94862
-4.9484
-4.94626
-4.94463
-4.94472
-4.95105
-4.9642
-4.98244
-5.00225
-5.02299
-5.04426
-5.06273
-5.07853
-5.09281
-5.10435
-5.11394
-5.11832
-5.11489
-5.10114
-5.08005
-5.05354
-5.02682
-5.00436
-4.98653
-4.97244
-4.96195
-4.95156
-4.94118
-4.93124
-4.92346
-4.91972
-4.92134
-4.92562
-4.93418
-4.94465
-4.95363
-4.96254
-4.96986
-4.97579
-4.97985
-4.98173
-4.98102
-4.97962
-4.97912
-4.98182
-4.98662
-4.99108
-4.99579
-4.99917
-4.99939
-4.99872
-4.9983
-4.99821
-4.99838
-4.99991
-5.00386
-5.00868
-5.01666
-5.02315
-5.02639
-5.02531
-5.01885
-5.00918
-4.99954
-4.99063
-4.98519
-4.98276
-4.98337
-4.9843
-4.98836
-4.99198
-4.99497
-4.99383
-4.98965
-4.98134
-4.96984
-4.95728
-4.94683
-4.94139
-4.94233
-4.95189
-4.96937
-4.99631
-5.02949
-5.06658
-5.10153
-5.12975
-5.14667
-5.15596
-5.15812
-5.15569
-5.15278
-5.15088
-5.15042
-5.15306
-5.15718
-5.16098
-5.16073
-5.15316
-5.13795
-5.11234
-5.07907
-5.04033
-5.00291
-4.96779
-4.93755
-4.91371
-4.89646
-4.88651
-4.88671
-4.89684
-4.91415
-4.9354
-4.9564
-4.97296
-4.9852
-4.9927
-4.99669
-5.00021
-5.00304
-5.00634
-5.00993
-5.01243
-5.01301
-5.01378
-5.01529
-5.01974
-5.02735
-5.03779
-5.04964
-5.06138
-5.07091
-5.0771
-5.08069
-5.08349
-5.08333
-5.08076
-5.07528
-5.06557
-5.05289
-5.04023
-5.02918
-5.02157
-5.01564
-5.01087
-5.00334
-4.99167
-4.97287
-4.95102
-4.92803
-4.90568
-4.88489
-4.86516
-4.84642
-4.82895
-4.8157
-4.81041
-4.81296
-4.8237
-4.84111
-4.86437
-4.89197
-4.9217
-4.95079
-4.97689
-5.00096
-5.02527
-5.04924
-5.07469
-5.09684
-5.11357
-5.12329
-5.12426
-5.11922
-5.11083
-5.10522
-5.10459
-5.10724
-5.11279
-5.11935
-5.12427
-5.12986
-5.13525
-5.14062
-5.14263
-5.1414
-5.1364
-5.12646
-5.11304
-5.09834
-5.08564
-5.07518
-5.07045
-5.07238
-5.07909
-5.08812
-5.09627
-5.10174
-5.10405
-5.10182
-5.09419
-5.08153
-5.06327
-5.03834
-5.00678
-4.97335
-4.94032
-4.90896
-4.87961
-4.85388
-4.836
-4.82574
-4.82376
-4.83168
-4.8501
-4.87628
-4.90755
-4.94107
-4.97543
-5.00647
-5.03263
-5.05202
-5.06518
-5.0727
-5.0783
-5.08506
-5.09923
-5.12172
-5.14261
-5.15834
-5.16314
-5.1546
-5.13828
-5.11437
-5.08707
-5.06069
-5.04079
-5.02642
-5.0187
-5.01497
-5.01173
-5.00486
-4.99292
-4.97521
-4.95168
-4.92523
-4.89697
-4.87256
-4.85216
-4.8388
-4.83348
-4.83577
-4.84716
-4.86714
-4.89224
-4.91868
-4.9397
-4.95462
-4.96239
-4.96436
-4.96106
-4.95261
-4.945
-4.93827
-4.93256
-4.92727
-4.92228
-4.91489
-4.90419
-4.88881
-4.87312
-4.85918
-4.85115
-4.84972
-4.85458
-4.86503
-4.87662
-4.8854
-4.89072
-4.89304
-4.89284
-4.89131
-4.88849
-4.88687
-4.88684
-4.88761
-4.88909
-4.89025
-4.89062
-4.89089
-4.89324
-4.89945
-4.91171
-4.92869
-4.94879
-4.96858
-4.98854
-5.00551
-5.02199
-5.03332
-5.04047
-5.04291
-5.03909
-5.03062
-5.0146
-4.99579
-4.97524
-4.9558
-4.93854
-4.92454
-4.91551
-4.91031
-4.90864
-4.91027
-4.91696
-4.92618
-4.93578
-4.94456
-4.95003
-4.9471
-4.93976
-4.93032
-4.92088
-4.91245
-4.90635
-4.89985
-4.89516
-4.89108
-4.88868
-4.88838
-4.89175
-4.8988
-4.90882
-4.92055
-4.93127
-4.94314
-4.95118
-4.95699
-4.96236
-4.96843
-4.97646
-4.99
-5.00586
-5.02508
-5.04624
-5.06917
-5.09071
-5.10764
-5.11785
-5.12068
-5.11659
-5.10732
-5.09448
-5.07871
-5.05929
-5.03868
-5.02064
-5.00679
-4.99862
-4.99601
-4.99554
-4.99703
-4.99946
-5.00493
-5.01382
-5.02556
-5.04145
-5.05849
-5.07429
-5.08969
-5.10085
-5.10873
-5.10971
-5.10272
-5.0886
-5.06834
-5.04183
-5.01125
-4.97972
-4.94768
-4.92064
-4.9004
-4.88719
-4.88257
-4.8839
-4.88631
-4.88817
-4.88851
-4.89
-4.89246
-4.89525
-4.89837
-4.90261
-4.91104
-4.92644
-4.94848
-4.97871
-5.01013
-5.03632
-5.05098
-5.052
-5.03743
-5.01014
-4.97393
-4.93715
-4.9059
-4.88262
-4.87115
-4.873
-4.88967
-4.91685
-4.94931
-4.97993
-5.00471
-5.02024
-5.02528
-5.02022
-5.00703
-4.98947
-4.97159
-4.95695
-4.94903
-4.9474
-4.95294
-4.9627
-4.97622
-4.99201
-5.00874
-5.02577
-5.03984
-5.0524
-5.06019
-5.05828
-5.05085
-5.0365
-5.01881
-5.00171
-4.99249
-4.99681
-5.01438
-5.04059
-5.07264
-5.10778
-5.14045
-5.16876
-5.19158
-5.20748
-5.21633
-5.21714
-5.21212
-5.20045
-5.17998
-5.15184
-5.11741
-5.07622
-5.03312
-4.99362
-4.96038
-4.93837
-4.92584
-4.92343
-4.92576
-4.92909
-4.93388
-4.94049
-4.95064
-4.96427
-4.97976
-4.99512
-5.00814
-5.01881
-5.02665
-5.03084
-5.03293
-5.03303
-5.03381
-5.03501
-5.03661
-5.03697
-5.03458
-5.02849
-5.01695
-5.00189
-4.98249
-4.96323
-4.94891
-4.94444
-4.95524
-4.97711
-5.00291
-5.02718
-5.04303
-5.0481
-5.04356
-5.03405
-5.02989
-5.0352
-5.05103
-5.07211
-5.09062
-5.1032
-5.10726
-5.10228
-5.08957
-5.07048
-5.04665
-5.01778
-4.98912
-4.96845
-4.96382
-4.97431
-4.99605
-5.02246
-5.04697
-5.06666
-5.08022
-5.08813
-5.09079
-5.09106
-5.08889
-5.0855
-5.08143
-5.07753
-5.07439
-5.06936
-5.06489
-5.0603
-5.05491
-5.05101
-5.04476
-5.03798
-5.02857
-5.01651
-5.0034
-4.99138
-4.98111
-4.97278
-4.96453
-4.95989
-4.9568
-4.95356
-4.95297
-4.95297
-4.95506
-4.9596
-4.96902
-4.9817
-5.00007
-5.02082
-5.04285
-5.06321
-5.07865
-5.08682
-5.08905
-5.08251
-5.07048
-5.05731
-5.04593
-5.03994
-5.04035
-5.04827
-5.0562
-5.06164
-5.06204
-5.0568
-5.04738
-5.03831
-5.03283
-5.02884
-5.0234
-5.01292
-4.99326
-4.96843
-4.94245
-4.92023
-4.90709
-4.90298
-4.90634
-4.91581
-4.92774
-4.93953
-4.95101
-4.96106
-4.97129
-4.98505
-5.00142
-5.02304
-5.04567
-5.0685
-5.08961
-5.10531
-5.11643
-5.12486
-5.13165
-5.13733
-5.14231
-5.14305
-5.13802
-5.12574
-5.10763
-5.08726
-5.06798
-5.0514
-5.04202
-5.03684
-5.03309
-5.03093
-5.02727
-5.01965
-5.00667
-4.98571
-4.95793
-4.92799
-4.89926
-4.87668
-4.86488
-4.86537
-4.8756
-4.8902
-4.90516
-4.91499
-4.92034
-4.92169
-4.91951
-4.91539
-4.91476
-4.9146
-4.91432
-4.91706
-4.91685
-4.91796
-4.91606
-4.91413
-4.9131
-4.91303
-4.91468
-4.9184
-4.92348
-4.92981
-4.93724
-4.94541
-4.95463
-4.96413
-4.97442
-4.98552
-4.9993
-5.01538
-5.03192
-5.04755
-5.05757
-5.06073
-5.05518
-5.04138
-5.02018
-4.99498
-4.96847
-4.94479
-4.9283
-4.91816
-4.91276
-4.91071
-4.91056
-4.91278
-4.9203
-4.93378
-4.9522
-4.97132
-4.99016
-5.00777
-5.02078
-5.03332
-5.04513
-5.05842
-5.07206
-5.08201
-5.09252
-5.10001
-5.10426
-5.10678
-5.10583
-5.10025
-5.08983
-5.07446
-5.05819
-5.04285
-5.0299
-5.02159
-5.01847
-5.01908
-5.02166
-5.02454
-5.02661
-5.028
-5.02935
-5.0301
-5.03359
-5.04147
-5.04715
-5.05269
-5.05336
-5.04989
-5.03926
-5.0223
-5.00151
-4.97661
-4.94898
-4.92075
-4.89463
-4.87538
-4.86616
-4.86743
-4.87623
-4.89208
-4.91368
-4.93522
-4.95524
-4.97046
-4.97921
-4.98093
-4.9765
-4.9668
-4.95015
-4.9278
-4.90135
-4.87374
-4.84935
-4.82996
-4.81623
-4.80657
-4.8009
-4.80044
-4.80794
-4.82709
-4.85587
-4.89226
-4.93039
-4.96642
-4.9984
-5.02433
-5.04478
-5.06036
-5.06799
-5.06829
-5.0606
-5.04498
-5.02532
-5.00197
-4.9798
-4.96473
-4.95992
-4.96347
-4.9763
-4.99265
-5.01025
-5.02952
-5.04558
-5.05736
-5.0593
-5.05074
-5.03029
-5.00071
-4.96901
-4.93991
-4.92082
-4.90858
-4.90296
-4.89848
-4.89684
-4.89817
-4.90512
-4.9194
-4.94091
-4.96585
-4.99083
-5.01287
-5.02887
-5.04098
-5.05093
-5.0613
-5.07891
-5.10219
-5.12601
-5.14888
-5.16674
-5.1775
-5.18279
-5.18298
-5.17746
-5.16708
-5.15425
-5.13922
-5.12325
-5.10678
-5.09376
-5.08593
-5.08295
-5.08167
-5.07959
-5.07525
-5.06904
-5.06053
-5.05058
-5.04027
-5.03173
-5.02584
-5.0244
-5.02618
-5.0313
-5.03588
-5.03885
-5.03478
-5.0207
-4.99656
-4.95974
-4.91463
-4.86769
-4.83203
-4.818
-4.83301
-4.87174
-4.92439
-4.98172
-5.03681
-5.08429
-5.12543
-5.15931
-5.18493
-5.19815
-5.19922
-5.18604
-5.16037
-5.12299
-5.08025
-5.03528
-4.99249
-4.95527
-4.92537
-4.90454
-4.89129
-4.88673
-4.88964
-4.89691
-4.90906
-4.92438
-4.94073
-4.95393
-4.96108
-4.96111
-4.95407
-4.9413
-4.92681
-4.91496
-4.91117
-4.91502
-4.93043
-4.95183
-4.97677
-5.00158
-5.02242
-5.03718
-5.04526
-5.04698
-5.04229
-5.03122
-5.0156
-4.99618
-4.977
-4.96318
-4.95715
-4.95848
-4.96694
-4.97934
-4.9911
-5.00119
-5.00902
-5.01273
-5.01422
-5.01414
-5.01076
-5.00585
-4.99955
-4.99039
-4.98215
-4.97395
-4.96353
-4.95114
-4.93677
-4.92512
-4.91599
-4.91023
-4.91042
-4.91795
-4.93381
-4.9545
-4.98011
-5.01118
-5.04508
-5.07812
-5.10776
-5.12822
-5.13639
-5.1335
-5.11995
-5.09999
-5.07585
-5.05098
-5.02442
-4.99494
-4.96516
-4.93573
-4.91179
-4.8968
-4.89179
-4.89653
-4.90963
-4.92893
-4.95363
-4.98028
-5.00791
-5.03525
-5.0625
-5.08798
-5.11344
-5.13719
-5.15739
-5.17239
-5.1836
-5.19063
-5.19272
-5.1879
-5.17572
-5.15403
-5.12329
-5.08755
-5.05598
-5.03411
-5.02772
-5.03592
-5.05243
-5.07159
-5.08846
-5.09976
-5.10371
-5.10319
-5.09789
-5.09232
-5.08659
-5.08358
-5.08327
-5.08277
-5.07957
-5.07468
-5.06585
-5.05384
-5.04113
-5.03144
-5.02578
-5.02597
-5.03086
-5.03841
-5.04569
-5.05072
-5.05067
-5.04329
-5.02742
-5.00892
-4.9904
-4.97631
-4.97243
-4.98146
-5.00254
-5.02812
-5.05504
-5.07823
-5.09469
-5.10435
-5.10852
-5.10686
-5.10056
-5.08735
-5.0712
-5.05162
-5.02633
-4.99506
-4.96279
-4.92799
-4.89821
-4.88158
-4.88248
-4.90103
-4.93049
-4.96203
-4.99051
-5.0109
-5.0254
-5.03052
-5.02987
-5.02586
-5.02159
-5.01915
-5.02121
-5.02893
-5.04074
-5.05237
-5.06195
-5.07068
-5.07631
-5.08519
-5.09602
-5.11129
-5.1246
-5.13274
-5.1355
-5.12981
-5.11648
-5.0982
-5.07657
-5.0533
-5.03021
-5.0097
-4.99495
-4.98967
-4.99265
-5.00359
-5.02092
-5.03957
-5.05774
-5.07295
-5.08331
-5.08901
-5.08869
-5.08234
-5.07001
-5.05574
-5.04136
-5.02852
-5.01721
-5.00765
-4.99754
-4.98521
-4.96713
-4.94591
-4.92145
-4.89698
-4.87503
-4.86192
-4.8594
-4.86957
-4.89201
-4.92495
-4.96516
-5.00664
-5.04428
-5.07639
-5.10061
-5.11671
-5.12821
-5.13877
-5.15252
-5.16959
-5.18847
-5.20522
-5.21604
-5.21986
-5.21455
-5.20358
-5.18549
-5.16256
-5.13592
-5.10529
-5.07163
-5.03767
-5.00767
-4.98134
-4.96107
-4.94596
-4.93089
-4.9131
-4.89473
-4.87915
-4.86739
-4.86369
-4.86682
-4.87782
-4.89524
-4.91925
-4.94535
-4.96934
-4.99046
-5.00753
-5.0184
-5.02241
-5.02319
-5.01944
-5.01208
-5.00014
-4.98586
-4.97021
-4.95152
-4.93395
-4.91864
-4.91046
-4.90991
-4.91914
-4.93457
-4.95638
-4.9817
-5.00824
-5.03527
-5.06105
-5.08386
-5.10547
-5.12349
-5.13538
-5.14162
-5.13926
-5.13103
-5.11546
-5.09395
-5.07062
-5.04721
-5.02526
-5.00658
-4.98972
-4.97501
-4.96274
-4.95185
-4.94632
-4.94686
-4.95408
-4.96778
-4.98746
-5.01268
-5.03885
-5.0656
-5.08781
-5.10022
-5.10211
-5.09039
-5.06897
-5.03802
-5.0022
-4.96748
-4.93812
-4.91755
-4.9073
-4.90594
-4.91
-4.91378
-4.91236
-4.9055
-4.89362
-4.88137
-4.87494
-4.87718
-4.89029
-4.91291
-4.94001
-4.96997
-4.99839
-5.02793
-5.05566
-5.08318
-5.10803
-5.13033
-5.14742
-5.15869
-5.16309
-5.16248
-5.15599
-5.14772
-5.13728
-5.12455
-5.11126
-5.09447
-5.07609
-5.05953
-5.04407
-5.03151
-5.01998
-5.00932
-5.00123
-4.99197
-4.98066
-4.96918
-4.95667
-4.94795
-4.94134
-4.93708
-4.9348
-4.93529
-4.9408
-4.95012
-4.96328
-4.97712
-4.99084
-5.00285
-5.01127
-5.0168
-5.0198
-5.0189
-5.01804
-5.01632
-5.01202
-5.00741
-5.00409
-5.00391
-5.00632
-5.01189
-5.01859
-5.02644
-5.03179
-5.03479
-5.03429
-5.02898
-5.02002
-5.00886
-4.99791
-4.98989
-4.98622
-4.98372
-4.98129
-4.97267
-4.96021
-4.94182
-4.92031
-4.89855
-4.88408
-4.87777
-4.88409
-4.90218
-4.92936
-4.96214
-4.99578
-5.02786
-5.05365
-5.07427
-5.08602
-5.08974
-5.08527
-5.07655
-5.06518
-5.05406
-5.0443
-5.03666
-5.03076
-5.02605
-5.0261
-5.03357
-5.04607
-5.05854
-5.06595
-5.07044
-5.07057
-5.06951
-5.0709
-5.0746
-5.08316
-5.09158
-5.09995
-5.10933
-5.12007
-5.13318
-5.14644
-5.15719
-5.1588
-5.15004
-5.12976
-5.10228
-5.06837
-5.03521
-5.00956
-4.98982
-4.97988
-4.97884
-4.98149
-4.98801
-4.9982
-5.01069
-5.02787
-5.04818
-5.07109
-5.09269
-5.11273
-5.12549
-5.13064
-5.1272
-5.11481
-5.09544
-5.07461
-5.0551
-5.03963
-5.03
-5.0253
-5.02281
-5.02052
-5.0169
-5.01216
-5.00697
-5.00384
-5.00098
-5.00229
-5.00884
-5.01835
-5.03144
-5.04798
-5.06557
-5.08272
-5.09726
-5.10838
-5.11249
-5.10838
-5.09785
-5.07892
-5.05551
-5.02794
-4.99759
-4.96612
-4.93504
-4.90645
-4.88626
-4.87344
-4.86757
-4.87097
-4.88172
-4.90535
-4.93581
-4.97357
-5.01466
-5.05501
-5.08897
-5.11161
-5.11963
-5.11371
-5.09554
-5.06437
-5.02829
-4.99195
-4.96238
-4.93947
-4.92587
-4.91971
-4.92123
-4.92879
-4.94345
-4.96376
-4.98568
-5.00655
-5.02355
-5.03736
-5.04368
-5.04392
-5.03916
-5.03237
-5.02228
-5.01358
-5.00504
-4.99905
-4.99744
-5.00118
-5.00844
-5.01918
-5.03285
-5.04591
-5.05734
-5.06896
-5.0756
-5.07822
-5.07329
-5.05944
-5.03693
-5.00713
-4.97323
-4.93881
-4.90706
-4.87984
-4.85793
-4.84366
-4.83643
-4.83671
-4.84491
-4.86031
-4.88183
-4.90759
-4.93366
-4.95609
-4.97346
-4.98448
-4.98409
-4.97451
-4.95608
-4.93404
-4.9144
-4.90546
-4.91134
-4.93269
-4.96259
-4.99092
-5.01272
-5.02267
-5.02301
-5.0167
-5.00788
-4.99547
-4.97946
-4.9592
-4.93506
-4.90921
-4.88614
-4.87065
-4.86724
-4.87997
-4.90668
-4.94304
-4.97857
-5.00803
-5.02741
-5.03511
-5.03129
-5.02101
-5.00908
-5.00126
-4.9988
-5.00047
-5.00108
-5.00051
-4.99838
-4.9993
-5.00556
-5.01771
-5.03405
-5.0535
-5.07488
-5.09645
-5.11664
-5.13492
-5.14914
-5.15986
-5.16537
-5.16675
-5.16222
-5.15024
-5.13399
-5.11056
-5.08364
-5.05599
-5.03041
-5.00876
-4.99317
-4.98543
-4.98482
-4.99437
-5.01097
-5.02908
-5.04481
-5.05841
-5.06701
-5.07085
-5.0682
-5.06014
-5.04529
-5.02396
-4.99744
-4.97009
-4.9473
-4.93554
-4.93618
-4.94814
-4.96803
-4.99436
-5.02234
-5.0507
-5.07835
-5.10269
-5.11985
-5.12939
-5.12854
-5.11463
-5.08691
-5.04851
-5.00168
-4.95271
-4.90731
-4.87292
-4.85137
-4.84268
-4.84525
-4.85748
-4.87382
-4.89482
-4.92033
-4.95118
-4.98519
-5.01807
-5.04944
-5.07543
-5.0933
-5.1013
-5.09801
-5.08359
-5.05939
-5.03049
-5.00219
-4.9813
-4.97401
-4.98081
-4.99671
-5.01349
-5.02811
-5.03585
-5.03808
-5.03711
-5.03659
-5.0359
-5.03609
-5.03431
-5.03024
-5.02234
-5.01162
-4.99998
-4.98992
-4.98008
-4.9723
-4.96759
-4.96813
-4.97745
-4.9927
-5.01446
-5.03694
-5.05726
-5.07134
-5.07802
-5.07765
-5.07276
-5.06608
-5.06328
-5.06627
-5.07645
-5.09158
-5.10642
-5.11485
-5.11557
-5.10876
-5.09739
-5.08292
-5.06985
-5.06132
-5.05797
-5.05998
-5.06409
-5.06803
-5.06985
-5.0696
-5.06738
-5.06507
-5.0623
-5.05902
-5.05628
-5.05035
-5.04342
-5.03316
-5.0209
-5.00837
-4.9955
-4.98328
-4.96975
-4.95579
-4.94195
-4.92592
-4.91101
-4.8966
-4.88548
-4.87932
-4.87756
-4.879
-4.88347
-4.88948
-4.89854
-4.91201
-4.92968
-4.95003
-4.97059
-4.9907
-5.00626
-5.01843
-5.02501
-5.02798
-5.02921
-5.03264
-5.03931
-5.04704
-5.05377
-5.05699
-5.05319
-5.04244
-5.02451
-5.00321
-4.98128
-4.96549
-4.95974
-4.96384
-4.97819
-4.99865
-5.02204
-5.04486
-5.0634
-5.07384
-5.07225
-5.05988
-5.03756
-5.00843
-4.97919
-4.95598
-4.94085
-4.93707
-4.94012
-4.94701
-4.95356
-4.95796
-4.95714
-4.95111
-4.9506
-4.9634
-4.98825
-5.01565
-5.0404
-5.05961
-5.07745
-5.09624
-5.11753
-5.13804
-5.15689
-5.17074
-5.17837
-5.17929
-5.17303
-5.16162
-5.14638
-5.12747
-5.10872
-5.09118
-5.07576
-5.06346
-5.0532
-5.04371
-5.03418
-5.02323
-5.01352
-5.00506
-4.99791
-4.99293
-4.98478
-4.97486
-4.96427
-4.96041
-4.969
-4.9921
-5.02198
-5.05108
-5.07265
-5.08658
-5.09159
-5.08867
-5.07905
-5.06526
-5.0498
-5.03247
-5.01962
-5.00943
-5.00335
-4.99859
-4.99374
-4.98489
-4.97127
-4.95567
-4.94655
-4.9445
-4.94884
-4.95374
-4.95852
-4.96243
-4.96942
-4.97737
-4.98814
-4.99944
-5.00982
-5.01793
-5.02397
-5.0256
-5.02543
-5.02259
-5.01677
-5.00785
-4.99748
-4.98431
-4.97001
-4.95697
-4.94577
-4.93961
-4.93891
-4.94208
-4.95064
-4.96196
-4.97517
-4.98784
-5.00237
-5.01715
-5.03111
-5.04392
-5.05382
-5.06152
-5.0669
-5.07163
-5.0773
-5.08278
-5.08603
-5.08885
-5.08973
-5.08948
-5.08915
-5.09265
-5.10067
-5.11661
-5.13678
-5.15996
-5.18182
-5.19826
-5.20467
-5.1994
-5.18492
-5.16428
-5.13842
-5.11375
-5.08935
-5.06318
-5.03579
-5.00859
-4.98063
-4.95489
-4.93502
-4.92248
-4.91484
-4.91461
-4.92253
-4.9377
-4.95742
-4.97819
-4.99795
-5.01261
-5.02293
-5.0327
-5.04383
-5.05575
-5.06981
-5.08231
-5.09004
-5.09102
-5.08678
-5.07708
-5.0629
-5.04795
-5.0329
-5.01824
-5.00508
-4.99253
-4.98231
-4.9741
-4.96751
-4.9605
-4.9525
-4.94508
-4.93914
-4.9338
-4.92793
-4.91972
-4.90911
-4.89725
-4.88419
-4.87392
-4.86936
-4.87231
-4.88361
-4.89929
-4.91488
-4.92702
-4.93145
-4.93281
-4.93378
-4.9354
-4.94129
-4.95287
-4.96755
-4.98592
-5.00509
-5.02377
-5.04109
-5.05597
-5.06739
-5.07725
-5.08301
-5.08537
-5.08356
-5.07781
-5.06803
-5.05377
-5.03965
-5.02539
-5.01116
-4.99765
-4.98395
-4.96791
-4.9471
-4.91953
-4.88854
-4.86205
-4.84593
-4.84536
-4.85325
-4.86537
-4.87535
-4.88208
-4.88665
-4.8904
-4.89486
-4.89975
-4.90813
-4.91661
-4.92469
-4.92887
-4.92736
-4.92142
-4.91095
-4.89963
-4.88867
-4.88069
-4.87535
-4.87494
-4.88047
-4.89243
-4.90699
-4.92192
-4.93372
-4.94165
-4.94202
-4.93712
-4.92888
-4.92004
-4.91291
-4.90859
-4.90932
-4.91553
-4.92417
-4.93369
-4.94428
-4.95533
-4.96336
-4.97145
-4.97734
-4.98063
-4.98259
-4.98163
-4.98167
-4.98454
-4.99385
-5.0087
-5.0266
-5.0418
-5.04835
-5.04226
-5.02248
-4.9924
-4.95436
-4.92177
-4.9028
-4.90039
-4.91363
-4.93717
-4.95991
-4.97929
-4.99024
-4.99267
-4.98596
-4.97059
-4.94999
-4.92805
-4.91109
-4.90522
-4.91281
-4.93148
-4.95664
-4.98216
-4.99859
-5.00677
-5.00359
-4.99165
-4.97334
-4.95159
-4.9318
-4.91882
-4.91991
-4.93351
-4.95764
-4.98766
-5.01635
-5.03447
-5.03959
-5.03085
-5.00936
-4.9822
-4.95795
-4.9464
-4.95658
-4.98766
-5.03547
-5.08934
-5.14077
-5.18215
-5.2126
-5.22906
-5.2354
-5.23099
-5.22114
-5.20766
-5.19389
-5.18064
-5.16776
-5.15155
-5.13175
-5.1061
-5.07985
-5.05319
-5.02795
-5.0077
-4.99425
-4.9921
-4.99794
-5.01005
-5.02706
-5.04602
-5.06185
-5.07104
-5.07501
-5.07323
-5.06698
-5.06
-5.0508
-5.03875
-5.02472
-5.01076
-4.99806
-4.98932
-4.98425
-4.98183
-4.98168
-4.97818
-4.97298
-4.96557
-4.95733
-4.94979
-4.94395
-4.94179
-4.94237
-4.94722
-4.95381
-4.96419
-4.97354
-4.98205
-4.98856
-4.99092
-4.99008
-4.98722
-4.9808
-4.97475
-4.96961
-4.96648
-4.96437
-4.9649
-4.96732
-4.96882
-4.97151
-4.9763
-4.98091
-4.98581
-4.98972
-4.9916
-4.99158
-4.9895
-4.98662
-4.98353
-4.98216
-4.98394
-4.98828
-4.995
-5.00212
-5.00919
-5.01339
-5.01449
-5.01424
-5.01232
-5.01091
-5.00887
-5.00597
-5.00312
-4.99768
-4.99397
-4.98975
-4.98727
-4.98671
-4.98675
-4.98443
-4.98017
-4.96934
-4.95722
-4.94447
-4.93614
-4.93363
-4.93741
-4.94698
-4.95851
-4.97339
-4.99008
-5.00686
-5.02462
-5.04207
-5.05415
-5.05947
-5.05611
-5.04355
-5.02169
-4.99163
-4.95534
-4.91704
-4.88074
-4.84993
-4.82462
-4.8077
-4.7966
-4.79347
-4.79847
-4.81322
-4.83706
-4.86543
-4.89524
-4.92008
-4.93654
-4.94433
-4.94834
-4.95202
-4.95732
-4.96806
-4.982
-4.99581
-5.00659
-5.01145
-5.01048
-5.00224
-4.98916
-4.97172
-4.95014
-4.92639
-4.9054
-4.88632
-4.87185
-4.86229
-4.85474
-4.8486
-4.83791
-4.82176
-4.79797
-4.77491
-4.76127
-4.76466
-4.78681
-4.8208
-4.85723
-4.89088
-4.91775
-4.93511
-4.94318
-4.94687
-4.94619
-4.94343
-4.93857
-4.93185
-4.92224
-4.91187
-4.9024
-4.89713
-4.89792
-4.90535
-4.92053
-4.93929
-4.9609
-4.98475
-5.00996
-5.03401
-5.0553
-5.06821
-5.07209
-5.06647
-5.05463
-5.03822
-5.02086
-5.0018
-4.98211
-4.96126
-4.94127
-4.9249
-4.91903
-4.92508
-4.94231
-4.96705
-4.99306
-5.01432
-5.02907
-5.03766
-5.04255
-5.04594
-5.04535
-5.04221
-5.03534
-5.02171
-5.00019
-4.97214
-4.93987
-4.90865
-4.88054
-4.85991
-4.84392
-4.83205
-4.82425
-4.81944
-4.82249
-4.83399
-4.85308
-4.87899
-4.90449
-4.92733
-4.94712
-4.96564
-4.98426
-5.00697
-5.02914
-5.05021
-5.06666
-5.07687
-5.08248
-5.08355
-5.08298
-5.08175
-5.08131
-5.08137
-5.08223
-5.08271
-5.08296
-5.08259
-5.08257
-5.08571
-5.08885
-5.0929
-5.09174
-5.08333
-5.06968
-5.05383
-5.03824
-5.02667
-5.02098
-5.01679
-5.01541
-5.0128
-5.01118
-5.00936
-5.00859
-5.01136
-5.01489
-5.01649
-5.01177
-5.00359
-4.98982
-4.97311
-4.95603
-4.94338
-4.93676
-4.93461
-4.93735
-4.94474
-4.95521
-4.96451
-4.9758
-4.98513
-4.99098
-4.99131
-4.98104
-4.96088
-4.93395
-4.89899
-4.85692
-4.81223
-4.76768
-4.72856
-4.70397
-4.69645
-4.7074
-4.73197
-4.76126
-4.79021
-4.81466
-4.8319
-4.84127
-4.84671
-4.84757
-4.84793
-4.84847
-4.85414
-4.86611
-4.88596
-4.91305
-4.94727
-4.98336
-5.01842
-5.05005
-5.07555
-5.09325
-5.1034
-5.10867
-5.11075
-5.11327
-5.11952
-5.12912
-5.14278
-5.1551
-5.16422
-5.16923
-5.16838
-5.1619
-5.15053
-5.13811
-5.12732
-5.11924
-5.11403
-5.11341
-5.11681
-5.11984
-5.12227
-5.12145
-5.11764
-5.10944
-5.09898
-5.08609
-5.07259
-5.05803
-5.04421
-5.03424
-5.02935
-5.02894
-5.03324
-5.03737
-5.03951
-5.03711
-5.02745
-5.01138
-4.98833
-4.96295
-4.93508
-4.90947
-4.88727
-4.8731
-4.86729
-4.86984
-4.8805
-4.89548
-4.91245
-4.92972
-4.94573
-4.96014
-4.97427
-4.98586
-4.99836
-5.01239
-5.03057
-5.04952
-5.07037
-5.08784
-5.09871
-5.1007
-5.095
-5.08494
-5.07354
-5.06613
-5.0639
-5.06476
-5.06753
-5.06794
-5.06479
-5.05758
-5.04871
-5.04031
-5.03509
-5.03074
-5.02368
-5.01617
-5.00659
-4.99632
-4.98805
-4.98093
-4.9722
-4.96162
-4.94792
-4.92851
-4.90734
-4.88548
-4.87209
-4.86982
-4.88313
-4.9086
-4.94282
-4.98337
-5.02187
-5.05646
-5.08332
-5.10166
-5.10941
-5.10825
-5.09842
-5.08213
-5.0647
-5.04731
-5.03223
-5.02066
-5.01105
-5.00524
-5.00401
-5.00444
-5.00795
-5.01275
-5.01763
-5.02235
-5.02895
-5.03681
-5.04484
-5.05271
-5.05746
-5.05789
-5.05331
-5.04103
-5.02419
-5.00469
-4.98738
-4.9744
-4.96889
-4.97172
-4.98063
-4.99426
-5.0077
-5.01827
-5.02429
-5.02192
-5.01195
-4.99494
-4.97122
-4.94627
-4.9248
-4.90815
-4.90022
-4.89989
-4.904
-4.91183
-4.91893
-4.92543
-4.93238
-4.93899
-4.94363
-4.94744
-4.95085
-4.9534
-4.95455
-4.95401
-4.95398
-4.9568
-4.965
-4.97863
-4.99917
-5.0249
-5.05
-5.07086
-5.08349
-5.0878
-5.08384
-5.07273
-5.05403
-5.03341
-5.01252
-4.98978
-4.96591
-4.94284
-4.92574
-4.91633
-4.9131
-4.91385
-4.91882
-4.923
-4.92454
-4.92193
-4.9164
-4.91075
-4.9065
-4.90126
-4.89024
-4.87511
-4.85695
-4.83869
-4.82477
-4.82239
-4.83556
-4.86166
-4.90006
-4.945
-4.99218
-5.03511
-5.0677
-5.09098
-5.10215
-5.10173
-5.09339
-5.08285
-5.07055
-5.06188
-5.05579
-5.05457
-5.05424
-5.05296
-5.05198
-5.05004
-5.05051
-5.05424
-5.06297
-5.07826
-5.09182
-5.10215
-5.10531
-5.10083
-5.08902
-5.07362
-5.05922
-5.04724
-5.03824
-5.03412
-5.03401
-5.03471
-5.03508
-5.0323
-5.025
-5.01424
-4.99918
-4.98794
-4.98376
-4.99283
-5.01588
-5.04962
-5.08602
-5.12033
-5.14685
-5.16442
-5.17341
-5.17351
-5.1681
-5.15708
-5.14111
-5.1263
-5.11261
-5.10678
-5.10818
-5.11643
-5.12835
-5.14085
-5.15182
-5.15475
-5.1506
-5.13714
-5.11263
-5.08372
-5.05085
-5.01673
-4.98618
-4.96247
-4.94594
-4.93645
-4.93315
-4.93241
-4.93172
-4.92546
-4.91148
-4.89142
-4.86651
-4.84023
-4.81659
-4.80117
-4.79522
-4.79952
-4.80914
-4.82439
-4.84359
-4.86983
-4.9019
-4.94228
-4.98725
-5.03214
-5.07398
-5.10829
-5.13441
-5.15199
-5.16185
-5.16166
-5.1553
-5.14318
-5.12805
-5.11085
-5.09329
-5.07667
-5.05959
-5.04281
-5.02669
-5.0082
-4.98889
-4.96791
-4.95031
-4.93387
-4.92231
-4.91402
-4.91141
-4.9142
-4.92602
-4.94658
-4.97454
-5.00402
-5.03405
-5.05969
-5.07848
-5.08977
-5.09363
-5.0905
-5.07982
-5.06477
-5.04602
-5.02557
-5.00738
-4.99354
-4.98642
-4.98523
-4.98871
-4.99214
-4.99431
-4.99441
-4.99255
-4.99182
-4.99428
-5.00331
-5.01963
-5.04047
-5.05929
-5.0744
-5.08348
-5.08263
-5.07231
-5.04974
-5.01733
-4.97372
-4.92265
-4.8669
-4.81451
-4.771
-4.74658
-4.74309
-4.75851
-4.7902
-4.82914
-4.87016
-4.9076
-4.94021
-4.96726
-4.99023
-5.00881
-5.02313
-5.03214
-5.03468
-5.02964
-5.01691
-4.99946
-4.98064
-4.96158
-4.94492
-4.9305
-4.91496
-4.90051
-4.88851
-4.87777
-4.87357
-4.87628
-4.89102
-4.91899
-4.95861
-5.00827
-5.05998
-5.10811
-5.14684
-5.17477
-5.18802
-5.18862
-5.17763
-5.15523
-5.1273
-5.09784
-5.07372
-5.05786
-5.04921
-5.04321
-5.03242
-5.01336
-4.9857
-4.95488
-4.92623
-4.90493
-4.89326
-4.89239
-4.9028
-4.9226
-4.94732
-4.9709
-4.99033
-5.00145
-5.00448
-4.99857
-4.9841
-4.96331
-4.93752
-4.91208
-4.88906
-4.8734
-4.86886
-4.87659
-4.89393
-4.91714
-4.94506
-4.97569
-5.00762
-5.03991
-5.071
-5.0968
-5.1151
-5.12337
-5.11905
-5.10562
-5.08315
-5.05507
-5.02685
-5.00117
-4.98359
-4.97377
-4.97146
-4.97284
-4.97705
-4.98012
-4.98155
-4.9818
-4.98116
-4.97916
-4.97716
-4.97422
-4.97156
-4.97194
-4.97384
-4.97594
-4.97343
-4.96673
-4.95671
-4.94779
-4.94227
-4.94218
-4.94306
-4.94187
-4.93062
-4.91022
-4.88223
-4.85451
-4.83203
-4.82282
-4.82695
-4.8422
-4.86325
-4.88835
-4.91418
-4.93876
-4.96343
-4.98615
-5.00716
-5.02384
-5.03541
-5.04009
-5.03885
-5.03405
-5.02764
-5.02247
-5.02102
-5.02501
-5.03204
-5.04105
-5.04782
-5.04804
-5.04177
-5.02742
-5.0075
-4.98652
-4.96764
-4.95284
-4.94357
-4.93692
-4.93379
-4.93234
-4.93528
-4.94474
-4.95912
-4.97747
-5.00006
-5.02516
-5.04987
-5.07386
-5.09483
-5.10945
-5.11539
-5.10999
-5.09399
-5.0672
-5.03365
-4.99848
-4.96996
-4.95087
-4.94409
-4.94456
-4.9476
-4.95107
-4.95466
-4.95631
-4.95724
-4.95827
-4.96057
-4.9626
-4.96614
-4.9725
-4.98145
-4.99336
-5.00472
-5.01296
-5.0128
-5.00307
-4.9823
-4.95282
-4.9178
-4.88392
-4.85664
-4.83996
-4.8354
-4.84343
-4.86148
-4.88727
-4.91596
-4.94452
-4.97204
-4.99342
-5.00963
-5.0158
-5.01317
-5.00364
-4.98558
-4.96549
-4.94613
-4.93125
-4.92473
-4.93217
-4.95176
-4.97948
-5.00812
-5.03075
-5.04752
-5.05925
-5.06831
-5.07741
-5.08331
-5.08417
-5.07989
-5.07017
-5.05887
-5.0496
-5.04638
-5.04869
-5.05469
-5.06467
-5.07522
-5.0844
-5.08872
-5.0909
-5.08612
-5.07475
-5.05664
-5.03582
-5.01416
-4.99389
-4.97559
-4.96166
-4.94979
-4.93779
-4.92843
-4.92043
-4.91553
-4.91344
-4.91359
-4.91573
-4.92043
-4.92749
-4.93892
-4.95114
-4.96304
-4.97183
-4.97399
-4.97183
-4.96404
-4.95425
-4.94169
-4.93156
-4.92426
-4.92016
-4.91969
-4.92297
-4.93078
-4.9428
-4.95882
-4.97485
-4.98805
-4.99512
-4.99607
-4.98915
-4.97942
-4.96614
-4.95111
-4.93643
-4.92478
-4.91515
-4.91008
-4.90977
-4.91432
-4.92601
-4.94566
-4.9691
-4.99268
-5.01169
-5.02346
-5.0231
-5.01177
-4.99077
-4.96407
-4.93744
-4.91282
-4.89081
-4.87172
-4.85395
-4.84032
-4.83211
-4.8324
-4.84388
-4.86545
-4.89583
-4.93033
-4.96379
-4.99114
-5.00778
-5.01429
-5.01196
-5.00476
-4.99733
-4.99273
-4.9902
-4.99126
-4.99287
-4.9937
-4.99146
-4.9873
-4.98332
-4.98129
-4.98069
-4.98331
-4.98677
-4.9919
-4.99778
-5.00285
-5.00861
-5.01385
-5.01846
-5.02369
-5.02588
-5.0273
-5.02603
-5.02238
-5.01598
-5.00759
-5.00079
-4.99543
-4.99312
-4.99616
-5.00287
-5.01269
-5.02183
-5.02787
-5.03005
-5.02335
-5.00913
-4.98623
-4.95885
-4.93145
-4.90706
-4.8912
-4.88511
-4.88848
-4.90004
-4.91661
-4.93588
-4.95622
-4.97428
-4.98906
-4.99857
-5.00275
-5.00156
-4.99752
-4.99554
-4.99672
-5.00403
-5.01641
-5.03124
-5.04899
-5.06766
-5.08386
-5.10107
-5.11154
-5.11603
-5.11674
-5.11288
-5.1048
-5.09461
-5.08205
-5.07056
-5.05647
-5.044
-5.02904
-5.00998
-4.98855
-4.96551
-4.94354
-4.92763
-4.92005
-4.92306
-4.93476
-4.95381
-4.97569
-4.99466
-5.00659
-5.01427
-5.01684
-5.01503
-5.01302
-5.0138
-5.01931
-5.02764
-5.03824
-5.04901
-5.05985
-5.06815
-5.07468
-5.0771
-5.07719
-5.07521
-5.07163
-5.06659
-5.06296
-5.05648
-5.05002
-5.04192
-5.03335
-5.02392
-5.01699
-5.01328
-5.01222
-5.01268
-5.0143
-5.01427
-5.01237
-5.00613
-4.99674
-4.98913
-4.9814
-4.97457
-4.96652
-4.95635
-4.94436
-4.92836
-4.91006
-4.89251
-4.87787
-4.86803
-4.86171
-4.85891
-4.85778
-4.85863
-4.86289
-4.87244
-4.88654
-4.90219
-4.91859
-4.93262
-4.94275
-4.94574
-4.94354
-4.93817
-4.93277
-4.93324
-4.9435
-4.96331
-4.9923
-5.02436
-5.05572
-5.07779
-5.0875
-5.08103
-5.05936
-5.02364
-4.9734
-4.91439
-4.85216
-4.79713
-4.75518
-4.73552
-4.74305
-4.77542
-4.82803
-4.88945
-4.95074
-5.00854
-5.05743
-5.09951
-5.13105
-5.15366
-5.16594
-5.16661
-5.15802
-5.14082
-5.1169
-5.08763
-5.05634
-5.02425
-4.99789
-4.979
-4.97145
-4.97418
-4.98543
-5.00361
-5.0232
-5.04165
-5.05672
-5.06564
-5.06863
-5.06541
-5.05409
-5.03965
-5.02446
-5.012
-5.00563
-5.00705
-5.01258
-5.02184
-5.03547
-5.04886
-5.06278
-5.07659
-5.09048
-5.1025
-5.11243
-5.11958
-5.12342
-5.12676
-5.12865
-5.13068
-5.13261
-5.13261
-5.12942
-5.1204
-5.10316
-5.08199
-5.05674
-5.02849
-5.00134
-4.97666
-4.95542
-4.9395
-4.9258
-4.91789
-4.91626
-4.9214
-4.93092
-4.94473
-4.96024
-4.9738
-4.98567
-4.99326
-4.99727
-4.99838
-4.99479
-4.98615
-4.97478
-4.9633
-4.95296
-4.94386
-4.93412
-4.92041
-4.89999
-4.87144
-4.83703
-4.80183
-4.77287
-4.75541
-4.75889
-4.78226
-4.82317
-4.87431
-4.92988
-4.98158
-5.02546
-5.0571
-5.07557
-5.07811
-5.06773
-5.04657
-5.02067
-4.99571
-4.9808
-4.97948
-4.99139
-5.01162
-5.03634
-5.06019
-5.08155
-5.09681
-5.10486
-5.10217
-5.09289
-5.0828
-5.08152
-5.08953
-5.10341
-5.11802
-5.12863
-5.13133
-5.13048
-5.12701
-5.12268
-5.11973
-5.11782
-5.11688
-5.11502
-5.11169
-5.10497
-5.09441
-5.07884
-5.05978
-5.03981
-5.02115
-5.00316
-4.98638
-4.97145
-4.95738
-4.94619
-4.94252
-4.95254
-4.97849
-5.01357
-5.04826
-5.07148
-5.08165
-5.07887
-5.06907
-5.05788
-5.05069
-5.04781
-5.05001
-5.05528
-5.05949
-5.06227
-5.06132
-5.05802
-5.05341
-5.05289
-5.05773
-5.06823
-5.08405
-5.1051
-5.12478
-5.14128
-5.15119
-5.15289
-5.14817
-5.13892
-5.12263
-5.1033
-5.08188
-5.06139
-5.04302
-5.02818
-5.0149
-5.00266
-4.98893
-4.97274
-4.9545
-4.9363
-4.9184
-4.90169
-4.88819
-4.87597
-4.86818
-4.86267
-4.86217
-4.86654
-4.87653
-4.89226
-4.91473
-4.94256
-4.97517
-5.00892
-5.04092
-5.0691
-5.09109
-5.10673
-5.11289
-5.11145
-5.10051
-5.08155
-5.05722
-5.03
-5.00174
-4.97559
-4.95362
-4.93836
-4.93225
-4.93556
-4.94606
-4.9641
-4.98696
-5.01203
-5.03582
-5.0563
-5.06999
-5.0764
-5.07453
-5.06573
-5.05294
-5.03984
-5.02823
-5.02234
-5.01988
-5.02212
-5.02872
-5.03618
-5.04352
-5.0504
-5.05614
-5.06321
-5.07145
-5.0804
-5.08516
-5.08461
-5.07815
-5.06505
-5.04555
-5.02427
-5.00312
-4.98719
-4.9767
-4.97069
-4.96617
-4.95904
-4.94927
-4.94099
-4.93425
-4.93062
-4.92915
-4.92843
-4.93262
-4.94324
-4.96115
-4.98519
-5.00858
-5.03117
-5.04853
-5.0584
-5.06132
-5.05638
-5.0427
-5.0212
-4.99741
-4.9741
-4.95422
-4.94015
-4.93367
-4.93312
-4.93817
-4.94609
-4.95653
-4.96866
-4.98145
-4.9952
-5.00813
-5.02052
-5.03221
-5.04221
-5.05147
-5.05529
-5.05061
-5.03881
-5.01918
-4.99697
-4.97356
-4.95704
-4.94875
-4.95281
-4.96668
-4.9892
-5.01489
-5.04125
-5.06355
-5.07915
-5.08457
-5.07823
-5.06199
-5.03644
-5.00398
-4.96933
-4.93757
-4.9095
-4.8853
-4.86602
-4.84783
-4.83233
-4.81649
-4.80535
-4.80039
-4.80333
-4.81763
-4.84033
-4.86935
-4.903
-4.93505
-4.96278
-4.98349
-4.99665
-5.00016
-4.99591
-4.98402
-4.96932
-4.95273
-4.93763
-4.92818
-4.92628
-4.9312
-4.94227
-4.95491
-4.96872
-4.98444
-5.00332
-5.02996
-5.06115
-5.0949
-5.12522
-5.14728
-5.15788
-5.1589
-5.15155
-5.13788
-5.12333
-5.10958
-5.09612
-5.0856
-5.07579
-5.06442
-5.04932
-5.03124
-5.00837
-4.98682
-4.96908
-4.95848
-4.95777
-4.96605
-4.9821
-5.00165
-5.02342
-5.04154
-5.05403
-5.06131
-5.06282
-5.05877
-5.05071
-5.04108
-5.03469
-5.03076
-5.03296
-5.0399
-5.05089
-5.06183
-5.07102
-5.07674
-5.07393
-5.06462
-5.04911
-5.02818
-5.00765
-4.99
-4.98011
-4.978
-4.98368
-4.9947
-5.00991
-5.02706
-5.04056
-5.05334
-5.06434
-5.07225
-5.0772
-5.07731
-5.072
-5.05639
-5.03287
-5.00251
-4.97035
-4.94265
-4.92418
-4.91886
-4.92464
-4.94153
-4.96321
-4.98324
-4.9941
-4.99108
-4.97351
-4.94263
-4.90642
-4.87167
-4.84382
-4.82947
-4.83104
-4.84999
-4.88444
-4.92822
-4.97057
-5.00467
-5.02682
-5.03826
-5.0415
-5.0365
-5.0258
-5.01286
-5.00201
-4.99413
-4.99168
-4.99188
-4.99438
-5.00057
-5.00886
-5.01895
-5.03005
-5.04223
-5.05434
-5.06575
-5.07806
-5.09026
-5.10017
-5.10987
-5.11678
-5.12304
-5.1275
-5.1318
-5.13673
-5.14488
-5.15419
-5.16489
-5.17417
-5.18007
-5.17952
-5.17155
-5.15651
-5.13356
-5.10655
-5.07567
-5.04494
-5.01936
-5.00328
-5.00093
-5.00886
-5.02327
-5.03948
-5.05246
-5.0621
-5.06733
-5.06808
-5.06525
-5.05694
-5.04741
-5.03519
-5.02236
-5.00897
-4.99554
-4.98262
-4.96887
-4.95574
-4.94359
-4.93264
-4.92554
-4.92247
-4.92693
-4.94222
-4.96759
-4.99919
-5.02755
-5.0494
-5.06287
-5.06903
-5.06775
-5.06011
-5.04851
-5.03375
-5.01644
-4.99903
-4.98284
-4.96923
-4.95999
-4.95811
-4.9637
-4.9735
-4.98668
-5.00157
-5.01303
-5.02386
-5.02898
-5.02805
-5.02349
-5.01287
-4.99808
-4.97719
-4.9517
-4.92426
-4.89753
-4.87313
-4.8527
-4.8383
-4.82787
-4.81877
-4.81004
-4.8059
-4.80681
-4.81417
-4.82998
-4.85492
-4.88677
-4.91876
-4.94713
-4.96827
-4.98305
-4.99145
-4.9974
-5.00477
-5.01318
-5.02341
-5.03575
-5.0488
-5.06002
-5.06888
-5.0739
-5.07349
-5.06616
-5.05254
-5.03479
-5.01763
-5.00409
-5.00191
-5.01046
-5.02896
-5.05712
-5.09154
-5.12557
-5.15648
-5.18059
-5.1975
-5.20697
-5.20848
-5.20396
-5.19272
-5.1799
-5.16775
-5.15792
-5.14662
-5.13667
-5.12446
-5.10883
-5.08937
-5.06594
-5.03901
-5.01291
-4.99072
-4.97067
-4.95187
-4.93591
-4.92246
-4.91303
-4.90834
-4.9086
-4.91106
-4.91853
-4.932
-4.95472
-4.98575
-5.02272
-5.0585
-5.08887
-5.10966
-5.12201
-5.12357
-5.11721
-5.10055
-5.0782
-5.05436
-5.03355
-5.01824
-5.01007
-5.00698
-5.00477
-5.00085
-4.99615
-4.99403
-4.99321
-4.99507
-4.99565
-4.99456
-4.99177
-4.98687
-4.9808
-4.97428
-4.96939
-4.9693
-4.9743
-4.98593
-5.00393
-5.02676
-5.05001
-5.07062
-5.08375
-5.08927
-5.08696
-5.07922
-5.06592
-5.05003
-5.03344
-5.01742
-5.00394
-4.99598
-4.99701
-5.00466
-5.01552
-5.02369
-5.02315
-5.01505
-5.00136
-4.98637
-4.97327
-4.96216
-4.95451
-4.95148
-4.95453
-4.96504
-4.98045
-4.99689
-5.01158
-5.02342
-5.03246
-5.03707
-5.03956
-5.03732
-5.03144
-5.0192
-5.00125
-4.97623
-4.94647
-4.91419
-4.88366
-4.86337
-4.85832
-4.86976
-4.89461
-4.92637
-4.95989
-4.99112
-5.01893
-5.04307
-5.06295
-5.08377
-5.101
-5.11872
-5.13258
-5.14099
-5.14314
-5.13872
-5.13116
-5.12004
-5.10735
-5.09364
-5.0831
-5.07774
-5.07836
-5.0855
-5.09573
-5.10649
-5.10976
-5.10639
-5.09491
-5.07763
-5.05982
-5.04215
-5.02956
-5.02338
-5.02285
-5.02939
-5.03635
-5.04271
-5.04523
-5.04422
-5.0404
-5.03404
-5.02708
-5.01976
-5.01313
-5.00938
-5.00912
-5.01031
-5.01303
-5.01446
-5.01305
-5.00683
-4.99498
-4.97385
-4.94555
-4.91296
-4.88202
-4.8595
-4.84962
-4.85747
-4.87964
-4.91313
-4.9537
-4.99723
-5.04186
-5.08574
-5.12488
-5.15981
-5.18701
-5.2053
-5.21385
-5.21441
-5.20817
-5.19513
-5.17621
-5.15077
-5.12264
-5.09502
-5.07049
-5.04993
-5.03495
-5.02417
-5.01621
-5.00842
-5.0001
-4.99312
-4.98928
-4.98755
-4.98687
-4.98438
-4.98258
-4.9838
-4.989
-4.99854
-5.01054
-5.02549
-5.0398
-5.05209
-5.06179
-5.06879
-5.07219
-5.07135
-5.06766
-5.05897
-5.04554
-5.02729
-5.00762
-4.98952
-4.9747
-4.96532
-4.9646
-4.97197
-4.98646
-5.0039
-5.02482
-5.04547
-5.06221
-5.07659
-5.08643
-5.09313
-5.09696
-5.09862
-5.09946
-5.09887
-5.09545
-5.08798
-5.07651
-5.06096
-5.04405
-5.02459
-5.00573
-4.98775
-4.97194
-4.9597
-4.95203
-4.94899
-4.94963
-4.95371
-4.9586
-4.95999
-4.96121
-4.95906
-4.95618
-4.95317
-4.95294
-4.95538
-4.95791
-4.95917
-4.96018
-4.96011
-4.95801
-4.95271
-4.94259
-4.92697
-4.91045
-4.89377
-4.88471
-4.8869
-4.89982
-4.92166
-4.95148
-4.98411
-5.01688
-5.04413
-5.06397
-5.0772
-5.08113
-5.07989
-5.07377
-5.06679
-5.05849
-5.04882
-5.03995
-5.03169
-5.0242
-5.01967
-5.0173
-5.01758
-5.02029
-5.02466
-5.03254
-5.04256
-5.05444
-5.06645
-5.0784
-5.08866
-5.09503
-5.09553
-5.09028
-5.07699
-5.05469
-5.02393
-4.99054
-4.9581
-4.93373
-4.92279
-4.92547
-4.9393
-4.96069
-4.98341
-5.00472
-5.02078
-5.029
-5.03126
-5.02579
-5.01404
-4.99894
-4.98164
-4.9605
-4.94207
-4.9264
-4.91652
-4.91474
-4.91793
-4.92656
-4.93784
-4.94959
-4.96108
-4.97581
-4.99173
-5.00864
-5.02592
-5.04152
-5.0547
-5.06505
-5.06979
-5.07
-5.06495
-5.05568
-5.04348
-5.02858
-5.01473
-5.00149
-4.99192
-4.98556
-4.98043
-4.97611
-4.97134
-4.96309
-4.94995
-4.93312
-4.91275
-4.89357
-4.88146
-4.88318
-4.89794
-4.92431
-4.95509
-4.98395
-5.00671
-5.02105
-5.02736
-5.03034
-5.0321
-5.03449
-5.03704
-5.0358
-5.03174
-5.02439
-5.01826
-5.01607
-5.01855
-5.02415
-5.0299
-5.03173
-5.02521
-5.01107
-4.991
-4.97061
-4.95314
-4.94125
-4.93817
-4.94091
-4.94912
-4.95983
-4.97131
-4.98079
-4.9888
-4.99558
-5.00068
-5.00927
-5.01614
-5.02446
-5.03037
-5.03138
-5.02746
-5.02121
-5.01545
-5.01136
-5.01134
-5.01351
-5.01742
-5.02054
-5.02075
-5.01705
-5.00699
-4.99155
-4.97107
-4.94864
-4.92403
-4.89998
-4.87813
-4.8602
-4.84797
-4.84161
-4.8432
-4.85271
-4.86688
-4.88442
-4.90178
-4.91814
-4.92866
-4.93209
-4.92988
-4.92384
-4.91755
-4.9157
-4.91461
-4.91421
-4.90997
-4.90411
-4.89734
-4.89665
-4.90234
-4.92064
-4.95035
-4.98485
-5.01811
-5.0461
-5.06543
-5.07889
-5.09083
-5.10334
-5.12013
-5.13998
-5.15807
-5.16997
-5.17292
-5.16645
-5.14886
-5.1219
-5.08844
-5.05442
-5.02393
-5.00308
-4.99399
-4.9964
-5.00713
-5.02113
-5.0367
-5.04712
-5.05311
-5.05324
-5.05146
-5.04832
-5.04575
-5.0452
-5.0457
-5.04655
-5.04656
-5.04497
-5.04154
-5.03634
-5.03025
-5.02174
-5.01124
-4.99526
-4.9762
-4.95541
-4.93318
-4.91471
-4.89885
-4.88829
-4.8818
-4.87738
-4.87414
-4.87061
-4.8663
-4.85752
-4.8502
-4.84462
-4.84745
-4.8614
-4.88729
-4.92036
-4.9545
-4.98329
-5.00338
-5.01667
-5.02144
-5.02059
-5.01676
-5.01152
-5.00404
-4.99546
-4.98573
-4.97578
-4.96705
-4.96175
-4.95889
-4.95723
-4.95525
-4.95113
-4.9459
-4.9431
-4.94668
-4.9577
-4.97667
-5.0015
-5.02831
-5.05593
-5.08387
-5.10928
-5.12903
-5.14213
-5.14514
-5.13766
-5.12123
-5.09886
-5.07507
-5.05337
-5.03593
-5.02055
-5.00432
-4.98707
-4.97248
-4.96343
-4.96332
-4.96964
-4.979
-4.98668
-4.98825
-4.98603
-4.98231
-4.98103
-4.984
-4.9941
-5.00876
-5.02837
-5.04797
-5.06432
-5.07788
-5.08632
-5.09224
-5.0943
-5.09324
-5.09097
-5.0859
-5.07746
-5.0669
-5.05628
-5.0453
-5.03702
-5.03148
-5.03087
-5.03743
-5.04813
-5.06116
-5.0714
-5.0794
-5.08539
-5.09254
-5.10038
-5.11222
-5.12015
-5.12506
-5.12153
-5.10819
-5.08709
-5.05802
-5.02297
-4.9828
-4.94221
-4.90266
-4.86871
-4.84298
-4.82649
-4.81977
-4.82131
-4.82681
-4.83209
-4.83814
-4.83995
-4.84047
-4.83907
-4.83725
-4.83638
-4.83768
-4.84101
-4.84792
-4.86119
-4.87844
-4.89931
-4.92065
-4.93916
-4.95139
-4.95685
-4.9572
-4.95537
-4.95257
-4.95425
-4.95868
-4.96914
-4.9851
-5.00549
-5.02638
-5.04827
-5.06772
-5.08439
-5.09965
-5.11067
-5.1153
-5.11415
-5.10523
-5.08913
-5.06632
-5.04195
-5.01682
-4.99285
-4.97432
-4.95816
-4.94606
-4.93639
-4.92806
-4.9182
-4.90763
-4.89974
-4.89563
-4.8981
-4.90991
-4.92998
-4.95552
-4.98369
-5.00841
-5.02789
-5.03908
-5.04381
-5.04497
-5.04252
-5.03852
-5.03055
-5.02063
-5.00878
-4.99772
-4.99082
-4.98923
-4.99084
-4.99443
-4.99902
-5.00379
-5.01308
-5.02869
-5.0476
-5.0701
-5.09343
-5.11461
-5.13055
-5.14166
-5.14662
-5.14702
-5.1457
-5.14498
-5.14503
-5.14792
-5.14994
-5.15011
-5.1455
-5.13367
-5.11323
-5.08542
-5.05047
-5.01424
-4.98323
-4.96324
-4.95553
-4.95786
-4.96234
-4.96782
-4.96958
-4.9693
-4.96714
-4.96523
-4.96507
-4.9684
-4.97551
-4.98283
-4.98588
-4.98023
-4.96485
-4.94255
-4.91893
-4.903
-4.89825
-4.90503
-4.9169
-4.92967
-4.94075
-4.94737
-4.95041
-4.95213
-4.95486
-4.96046
-4.96719
-4.979
-4.99418
-5.01259
-5.03291
-5.05504
-5.07612
-5.0961
-5.11233
-5.12129
-5.12288
-5.11655
-5.10062
-5.07792
-5.04575
-5.00677
-4.96336
-4.91891
-4.87517
-4.83844
-4.80778
-4.78557
-4.77356
-4.77146
-4.78146
-4.80104
-4.82603
-4.85505
-4.88662
-4.9157
-4.94437
-4.96945
-4.99047
-5.0084
-5.02072
-5.02989
-5.03521
-5.03565
-5.02959
-5.0196
-5.00287
-4.9833
-4.96012
-4.93785
-4.9201
-4.91054
-4.90925
-4.91885
-4.94052
-4.97267
-5.01203
-5.05463
-5.09564
-5.12771
-5.14878
-5.1578
-5.15531
-5.14052
-5.11741
-5.08988
-5.06078
-5.03093
-5.00334
-4.98039
-4.96382
-4.95189
-4.94437
-4.9408
-4.94536
-4.95936
-4.98213
-5.01501
-5.05504
-5.09572
-5.13011
-5.15407
-5.1669
-5.17267
-5.17308
-5.16989
-5.16319
-5.15216
-5.13612
-5.1157
-5.09504
-5.07652
-5.06122
-5.0506
-5.0443
-5.04126
-5.03951
-5.03635
-5.03326
-5.0268
-5.01791
-5.00213
-4.98141
-4.9567
-4.93166
-4.91227
-4.90389
-4.90649
-4.9194
-4.93932
-4.96159
-4.98239
-5.00314
-5.02342
-5.04232
-5.06267
-5.08018
-5.09158
-5.09343
-5.08422
-5.06536
-5.04209
-5.01835
-4.99949
-4.98557
-4.9783
-4.97306
-4.97095
-4.97331
-4.98176
-4.99374
-5.0117
-5.03231
-5.05066
-5.06371
-5.06851
-5.06328
-5.04679
-5.02243
-4.9958
-4.97378
-4.96586
-4.97415
-4.99579
-5.02737
-5.06244
-5.09545
-5.12181
-5.13686
-5.14246
-5.14015
-5.13317
-5.1268
-5.12175
-5.11655
-5.1133
-5.11272
-5.11472
-5.12036
-5.12688
-5.13399
-5.1401
-5.14232
-5.13911
-5.12925
-5.11369
-5.09343
-5.07111
-5.04918
-5.02728
-5.00756
-4.9907
-4.97744
-4.96709
-4.9598
-4.95351
-4.94956
-4.94471
-4.94241
-4.94092
-4.94054
-4.94051
-4.94083
-4.94218
-4.94457
-4.94798
-4.95356
-4.95844
-4.96172
-4.96012
-4.95398
-4.94344
-4.93361
-4.92609
-4.92378
-4.92883
-4.94033
-4.95657
-4.97724
-5.00236
-5.02759
-5.05371
-5.07721
-5.09763
-5.11305
-5.12244
-5.12626
-5.12401
-5.11976
-5.11408
-5.10937
-5.10586
-5.10292
-5.10128
-5.1007
-5.10237
-5.10512
-5.10857
-5.10973
-5.10707
-5.09861
-5.08422
-5.06383
-5.04294
-5.02334
-5.00729
-4.99468
-4.98261
-4.97316
-4.96824
-4.97001
-4.982
-5.00409
-5.03504
-5.06945
-5.10257
-5.13026
-5.14719
-5.15119
-5.141
-5.11948
-5.09185
-5.06089
-5.03002
-5.00478
-4.98548
-4.97066
-4.96145
-4.95478
-4.95153
-4.94712
-4.94402
-4.94091
-4.93887
-4.94185
-4.94882
-4.96034
-4.97635
-4.99711
-5.02018
-5.04798
-5.07852
-5.11072
-5.14477
-5.17533
-5.20054
-5.21845
-5.22844
-5.23012
-5.2222
-5.2065
-5.18071
-5.14702
-5.10704
-5.06155
-5.0141
-4.96505
-4.91793
-4.87614
-4.84257
-4.82219
-4.81516
-4.82056
-4.83515
-4.85423
-4.87329
-4.88809
-4.89728
-4.90053
-4.89866
-4.8919
-4.88183
-4.87122
-4.86263
-4.85941
-4.86479
-4.88028
-4.90485
-4.93337
-4.96333
-4.99347
-5.01762
-5.03854
-5.05257
-5.06195
-5.06327
-5.05799
-5.04797
-5.03397
-5.02113
-5.01217
-5.00953
-5.0143
-5.02479
-5.03699
-5.0515
-5.06514
-5.07925
-5.09102
-5.10027
-5.10745
-5.1112
-5.11052
-5.1057
-5.09503
-5.0805
-5.06094
-5.03927
-5.01551
-4.99282
-4.97335
-4.95928
-4.95221
-4.95193
-4.95695
-4.96685
-4.97936
-4.99394
-5.00945
-5.02425
-5.03825
-5.05209
-5.06337
-5.07199
-5.0766
-5.07893
-5.07495
-5.06836
-5.05582
-5.04208
-5.02581
-5.01031
-4.99605
-4.98546
-4.97756
-4.9703
-4.96499
-4.96002
-4.95344
-4.94269
-4.92757
-4.90814
-4.88752
-4.87466
-4.86993
-4.87544
-4.88697
-4.90156
-4.91843
-4.93932
-4.9645
-4.99295
-5.01913
-5.04124
-5.05484
-5.06029
-5.05597
-5.04612
-5.03303
-5.02162
-5.01282
-5.00875
-5.00803
-5.00942
-5.01061
-5.01191
-5.01259
-5.01424
-5.01338
-5.01249
-5.00922
-5.00458
-4.99774
-4.98787
-4.97709
-4.96573
-4.95598
-4.94781
-4.94273
-4.94226
-4.94706
-4.95747
-4.97155
-4.99132
-5.01578
-5.04043
-5.0645
-5.08398
-5.09496
-5.09874
-5.0928
-5.07566
-5.05165
-5.02672
-5.00485
-4.99366
-4.99715
-5.01205
-5.03541
-5.05993
-5.07627
-5.08291
-5.07791
-5.06183
-5.03823
-5.00866
-4.97612
-4.94339
-4.91165
-4.88181
-4.85518
-4.83185
-4.81464
-4.80412
-4.80228
-4.81262
-4.83715
-4.87399
-4.91805
-4.96719
-5.01389
-5.05636
-5.09271
-5.12135
-5.14369
-5.1586
-5.1635
-5.1615
-5.15147
-5.14009
-5.12633
-5.11034
-5.09366
-5.07743
-5.06205
-5.04639
-5.03042
-5.01529
-5.00193
-4.99424
-4.99178
-4.99157
-4.99177
-4.98805
-4.97511
-4.96323
-4.95748
-4.96565
-4.98427
-5.0045
-5.01556
-5.01076
-4.98655
-4.94841
-4.90649
-4.88117
-4.8857
-4.91801
-4.96252
-5.00824
-5.0486
-5.08141
-5.10399
-5.11538
-5.11175
-5.09493
-5.0685
-5.03884
-5.01048
-4.98666
-4.96396
-4.9419
-4.91739
-4.89336
-4.87319
-4.86036
-4.8601
-4.87013
-4.89146
-4.91664
-4.94393
-4.96967
-4.99324
-5.01023
-5.02162
-5.02943
-5.03383
-5.03428
-5.03243
-5.02861
-5.0211
-5.01064
-4.99863
-4.98865
-4.97881
-4.97265
-4.97044
-4.97311
-4.97948
-4.9901
-4.99989
-5.00725
-5.01088
-5.00911
-5.00288
-4.9912
-4.9746
-4.95421
-4.93241
-4.9115
-4.89659
-4.88945
-4.8906
-4.89923
-4.91431
-4.93268
-4.94987
-4.96372
-4.97323
-4.97768
-4.97623
-4.97001
-4.96036
-4.94845
-4.93669
-4.92527
-4.91471
-4.90086
-4.8871
-4.87162
-4.85679
-4.84747
-4.8437
-4.8479
-4.85562
-4.86538
-4.87448
-4.88036
-4.88638
-4.89468
-4.91014
-4.93262
-4.96106
-4.98964
-5.01411
-5.03032
-5.0402
-5.0466
-5.0499
-5.05297
-5.05703
-5.06198
-5.06679
-5.07071
-5.07108
-5.07019
-5.07038
-5.07133
-5.07639
-5.08564
-5.09849
-5.11362
-5.12757
-5.13883
-5.14222
-5.13614
-5.11932
-5.09282
-5.05709
-5.01605
-4.97307
-4.93454
-4.90767
-4.89396
-4.89325
-4.90251
-4.91474
-4.92748
-4.93631
-4.94058
-4.93602
-4.92464
-4.90956
-4.89638
-4.89013
-4.89267
-4.90553
-4.92698
-4.95257
-4.98051
-5.00995
-5.03744
-5.06098
-5.07758
-5.08851
-5.09406
-5.09654
-5.09907
-5.10251
-5.10873
-5.11379
-5.11412
-5.11189
-5.10804
-5.10284
-5.09668
-5.09151
-5.08124
-5.06463
-5.04053
-5.01147
-4.98497
-4.96699
-4.96011
-4.96165
-4.96987
-4.97895
-4.9843
-4.98237
-4.97057
-4.95006
-4.92377
-4.8942
-4.86677
-4.84061
-4.82017
-4.80573
-4.7995
-4.80563
-4.82388
-4.85225
-4.88787
-4.92396
-4.95454
-4.97687
-4.9887
-4.99296
-4.99283
-4.99385
-4.99811
-5.00511
-5.01311
-5.01997
-5.02605
-5.02984
-5.03331
-5.03748
-5.04385
-5.05481
-5.06854
-5.08315
-5.0962
-5.10572
-5.10745
-5.1023
-5.08915
-5.06991
-5.04863
-5.02557
-5.00633
-4.99484
-4.99084
-4.99184
-4.99697
-5.00697
-5.0184
-5.03047
-5.04202
-5.05238
-5.05949
-5.06311
-5.06026
-5.05232
-5.04182
-5.02891
-5.01868
-5.01329
-5.01261
-5.01653
-5.02191
-5.02751
-5.03324
-5.03708
-5.03865
-5.03899
-5.03976
-5.03954
-5.0383
-5.03553
-5.03144
-5.02358
-5.0145
-5.00507
-4.9974
-4.99483
-4.9941
-4.99509
-4.9961
-4.99372
-4.9897
-4.98218
-4.97147
-4.9595
-4.94823
-4.93805
-4.92903
-4.92346
-4.92264
-4.92839
-4.93834
-4.95071
-4.96372
-4.97302
-4.9783
-4.98024
-4.97956
-4.97953
-4.97885
-4.97677
-4.97214
-4.96552
-4.95876
-4.95437
-4.95013
-4.94697
-4.94485
-4.94377
-4.945
-4.94797
-4.95438
-4.96312
-4.97484
-4.98587
-4.99552
-5.00319
-5.01179
-5.02186
-5.03354
-5.04523
-5.05689
-5.06634
-5.07306
-5.07622
-5.07824
-5.08227
-5.08724
-5.09621
-5.1055
-5.11695
-5.12725
-5.1336
-5.1349
-5.12952
-5.1192
-5.10628
-5.0927
-5.07727
-5.06303
-5.04636
-5.02737
-5.0054
-4.98196
-4.95778
-4.93283
-4.90807
-4.8881
-4.87249
-4.86231
-4.85799
-4.86028
-4.86968
-4.88619
-4.91281
-4.94557
-4.98273
-5.01787
-5.04582
-5.06633
-5.07983
-5.08701
-5.09001
-5.08923
-5.08691
-5.08248
-5.07608
-5.06867
-5.05859
-5.04683
-5.03057
-5.01371
-5.00191
-4.99798
-5.00232
-5.01355
-5.02661
-5.03999
-5.05841
-5.07936
-5.10285
-5.12645
-5.14606
-5.1592
-5.16502
-5.16341
-5.1552
-5.13955
-5.11977
-5.09749
-5.0743
-5.05464
-5.03969
-5.02813
-5.02249
-5.01752
-5.01316
-5.00891
-5.00335
-4.99747
-4.99031
-4.98314
-4.97643
-4.97346
-4.97617
-4.98607
-5.00174
-5.01948
-5.03718
-5.04953
-5.05531
-5.05279
-5.04183
-5.02343
-4.99847
-4.97337
-4.95082
-4.93721
-4.93679
-4.94989
-4.97238
-4.99944
-5.02676
-5.05133
-5.07166
-5.0888
-5.10421
-5.11717
-5.12647
-5.12907
-5.12402
-5.10997
-5.08904
-5.06246
-5.03509
-5.00981
-4.98849
-4.97361
-4.96591
-4.96349
-4.96534
-4.97203
-4.97759
-4.98114
-4.97994
-4.97401
-4.96243
-4.94861
-4.93727
-4.93126
-4.93527
-4.95068
-4.97873
-5.01276
-5.04521
-5.07099
-5.08541
-5.08631
-5.07728
-5.06384
-5.04683
-5.0278
-5.00914
-4.9904
-4.97566
-4.96546
-4.96144
-4.96369
-4.96965
-4.97718
-4.98489
-4.99063
-4.99286
-4.99421
-4.99333
-4.99128
-4.99067
-4.99259
-4.99672
-5.00217
-5.00654
-5.00874
-5.00728
-4.9999
-4.98689
-4.96985
-4.94938
-4.93226
-4.91928
-4.91289
-4.9134
-4.91802
-4.92448
-4.92968
-4.93053
-4.92773
-4.9224
-4.91853
-4.91835
-4.92263
-4.93134
-4.94025
-4.94639
-4.94921
-4.9503
-4.95319
-4.9617
-4.97461
-4.99107
-5.0041
-5.0097
-5.00774
-5.01017
-5.02207
-5.04734
-5.0723
-5.08418
-5.07776
-5.05692
-5.02934
-5.00576
-4.99083
-4.98685
-4.99049
-4.99851
-5.00733
-5.01363
-5.0178
-5.01875
-5.01526
-5.00636
-4.99857
-4.99329
-4.99154
-4.99414
-4.9972
-4.99879
-4.99336
-4.98438
-4.97066
-4.95607
-4.9469
-4.94629
-4.95503
-4.9707
-4.99067
-5.01001
-5.02221
-5.02543
-5.0179
-4.99903
-4.97243
-4.94197
-4.91469
-4.89524
-4.88848
-4.89525
-4.91433
-4.94172
-4.9711
-5.00009
-5.02426
-5.04222
-5.05325
-5.0582
-5.05308
-5.04153
-5.02268
-4.99977
-4.97652
-4.95477
-4.93835
-4.92954
-4.93027
-4.93971
-4.95379
-4.96998
-4.98425
-4.99509
-5.00053
-5.00132
-5.00058
-4.99656
-4.98982
-4.98261
-4.97469
-4.96557
-4.95815
-4.95235
-4.95004
-4.94873
-4.94882
-4.94958
-4.95038
-4.95086
-4.9525
-4.95488
-4.95675
-4.9587
-4.96042
-4.95865
-4.9567
-4.95288
-4.94885
-4.94703
-4.95086
-4.9612
-4.97459
-4.98881
-5.00413
-5.01848
-5.0343
-5.05328
-5.07584
-5.10018
-5.12511
-5.14516
-5.159
-5.16269
-5.15868
-5.14661
-5.12973
-5.10806
-5.08512
-5.06281
-5.04143
-5.02214
-5.00541
-4.99116
-4.98295
-4.98302
-4.99217
-5.00613
-5.02144
-5.03303
-5.03943
-5.03977
-5.03522
-5.02851
-5.01541
-4.99985
-4.98306
-4.96901
-4.95898
-4.95561
-4.95488
-4.95585
-4.95588
-4.95255
-4.94651
-4.93728
-4.93072
-4.92797
-4.93225
-4.94356
-4.96179
-4.98312
-5.00781
-5.03039
-5.05235
-5.07173
-5.09146
-5.10834
-5.11998
-5.12497
-5.12131
-5.10701
-5.08161
-5.04484
-5.00381
-4.96044
-4.92025
-4.88911
-4.86583
-4.8527
-4.84392
-4.83778
-4.83504
-4.83597
-4.84088
-4.85023
-4.86321
-4.88013
-4.90222
-4.93178
-4.96788
-5.00613
-5.04774
-5.08674
-5.12095
-5.14913
-5.16751
-5.17591
-5.17477
-5.16568
-5.14944
-5.12876
-5.10317
-5.07409
-5.04341
-5.00858
-4.97308
-4.9413
-4.91563
-4.8948
-4.88026
-4.87055
-4.86718
-4.86834
-4.87167
-4.87486
-4.8783
-4.88142
-4.88205
-4.88105
-4.88259
-4.88819
-4.90093
-4.92147
-4.94611
-4.97339
-4.99669
-5.01277
-5.02144
-5.02439
-5.0249
-5.02429
-5.02185
-5.01872
-5.01465
-5.01221
-5.00912
-5.00125
-4.98383
-4.9553
-4.91737
-4.87637
-4.84283
-4.82062
-4.81486
-4.82074
-4.83763
-4.85839
-4.88115
-4.90289
-4.92165
-4.93641
-4.94803
-4.95661
-4.96392
-4.97188
-4.97759
-4.98535
-4.9955
-5.00669
-5.01853
-5.03028
-5.04051
-5.047
-5.0497
-5.0494
-5.04641
-5.0411
-5.03648
-5.0319
-5.02748
-5.02287
-5.01702
-5.01055
-5.00191
-4.99531
-4.98843
-4.9854
-4.98573
-4.99031
-4.99608
-4.99769
-4.9952
-4.98524
-4.96803
-4.94656
-4.92259
-4.90292
-4.89017
-4.88625
-4.88824
-4.89668
-4.90726
-4.92307
-4.9467
-4.97527
-5.01081
-5.04681
-5.07935
-5.10762
-5.12726
-5.1371
-5.13706
-5.12518
-5.10673
-5.08043
-5.05072
-5.01918
-4.99139
-4.96736
-4.94758
-4.9326
-4.92252
-4.91636
-4.91226
-4.90889
-4.90675
-4.90143
-4.89604
-4.89338
-4.89538
-4.90514
-4.92201
-4.94907
-4.98063
-5.01415
-5.04447
-5.06976
-5.08894
-5.10062
-5.10935
-5.11518
-5.11846
-5.12224
-5.12136
-5.11588
-5.10624
-5.0891
-5.06735
-5.04331
-5.01954
-4.99845
-4.98252
-4.97098
-4.96475
-4.96229
-4.95972
-4.95725
-4.95232
-4.94654
-4.94339
-4.94224
-4.94353
-4.9451
-4.94402
-4.93953
-4.93405
-4.92878
-4.92928
-4.93447
-4.94667
-4.96268
-4.98241
-5.00551
-5.02874
-5.05117
-5.0694
-5.08289
-5.09125
-5.09517
-5.09428
-5.08936
-5.07941
-5.06519
-5.04628
-5.02285
-4.99869
-4.97546
-4.9618
-4.96216
-4.97842
-5.00783
-5.04367
-5.07841
-5.10521
-5.12335
-5.13301
-5.1375
-5.13945
-5.14297
-5.14781
-5.15236
