-3.31706
-3.31812
-3.31706
-3.316
-3.31706
-3.31721
-3.31767
-3.31933
-3.31828
-3.31828
-3.31813
-3.31767
-3.31827
-3.31782
-3.31812
-3.31812
-3.31903
-3.31857
-3.31963
-3.31918
-3.31843
-3.31783
-3.31767
-3.31767
-3.31767
-3.31812
-3.31751
-3.31827
-3.31752
-3.31676
-3.31631
-3.31586
-3.31661
-3.31661
-3.31616
-3.31571
-3.3151
-3.31616
-3.31571
-3.31631
-3.31586
-3.31555
-3.31585
-3.31646
-3.31631
-3.31525
-3.31525
-3.3151
-3.31465
-3.31405
-3.3139
-3.31375
-3.31299
-3.31359
-3.31313
-3.31283
-3.31374
-3.3142
-3.31465
-3.31526
-3.3145
-3.3145
-3.31359
-3.31299
-3.31359
-3.3139
-3.31525
-3.3151
-3.3157
-3.31525
-3.3154
-3.3151
-3.31495
-3.3145
-3.31359
-3.31405
-3.3148
-3.31404
-3.31389
-3.31374
-3.31435
-3.3151
-3.3151
-3.3148
-3.31495
-3.31495
-3.3145
-3.31419
-3.31404
-3.3139
-3.31465
-3.3142
-3.31405
-3.31389
-3.31405
-3.31404
-3.31329
-3.31284
-3.31299
-3.31284
-3.31314
-3.31329
-3.31193
-3.31284
-3.31389
-3.31495
-3.3157
-3.3148
-3.3142
-3.3136
-3.31345
-3.3145
-3.31375
-3.31405
-3.3157
-3.31631
-3.31661
-3.31646
-3.31556
-3.31586
-3.31586
-3.31616
-3.31586
-3.31616
-3.3157
-3.31555
-3.31464
-3.31374
-3.31329
-3.31254
-3.3136
-3.31345
-3.31329
-3.31299
-3.31374
-3.31283
-3.31283
-3.31373
-3.31389
-3.31389
-3.31314
-3.31268
-3.31133
-3.31223
-3.31132
-3.31072
-3.31147
-3.31238
-3.31238
-3.31222
-3.31237
-3.31358
-3.31479
-3.31464
-3.31495
-3.31495
-3.3145
-3.3148
-3.3145
-3.31464
-3.3154
-3.31479
-3.31434
-3.31419
-3.31449
-3.31465
-3.31555
-3.31601
-3.31721
-3.31766
-3.31706
-3.31766
-3.31827
-3.31872
-3.31812
-3.31842
-3.31827
-3.31888
-3.31903
-3.31782
-3.31812
-3.31872
-3.31887
-3.31842
-3.31812
-3.31736
-3.31842
-3.31857
-3.31827
-3.31918
-3.31948
-3.32008
-3.31963
-3.32039
-3.32099
-3.32295
-3.3228
-3.32265
-3.32355
-3.32249
-3.32204
-3.32173
-3.32234
-3.32174
-3.32069
-3.32084
-3.32084
-3.32145
-3.32129
-3.32145
-3.32129
-3.32205
-3.32054
-3.32069
-3.32084
-3.32024
-3.31963
-3.31993
-3.31993
-3.31993
-3.31992
-3.32007
-3.31902
-3.31887
-3.31857
-3.31797
-3.31812
-3.31752
-3.31858
-3.31812
-3.31782
-3.31782
-3.31782
-3.31721
-3.31585
-3.31646
-3.316
-3.31661
-3.31721
-3.3172
-3.31705
-3.31766
-3.31781
-3.31721
-3.31751
-3.31736
-3.31736
-3.31691
-3.31932
-3.32038
-3.31963
-3.32008
-3.32038
-3.32038
-3.32068
-3.32083
-3.32098
-3.32052
-3.32158
-3.32249
-3.32264
-3.32295
-3.3231
-3.3228
-3.3234
-3.3234
-3.32264
-3.32264
-3.32234
-3.32203
-3.32324
-3.32264
-3.32279
-3.32294
-3.32294
-3.32234
-3.32204
-3.32234
-3.32143
-3.32098
-3.32158
-3.32083
-3.32068
-3.32204
-3.3222
-3.32235
-3.32174
-3.32128
-3.32007
-3.31992
-3.31947
-3.31962
-3.31947
-3.32008
-3.32008
-3.32114
-3.32023
-3.32008
-3.31977
-3.31992
-3.31992
-3.32038
-3.32068
-3.32068
-3.32144
-3.32099
-3.32053
-3.32128
-3.32068
-3.32053
-3.32113
-3.32113
-3.32083
-3.32022
-3.32022
-3.31961
-3.31826
-3.31811
-3.31765
-3.31841
-3.31841
-3.31902
-3.31932
-3.31932
-3.31887
-3.32038
-3.32037
-3.32022
-3.32173
-3.32113
-3.32083
-3.32158
-3.32173
-3.32158
-3.32128
-3.32113
-3.32113
-3.31977
-3.32068
-3.31993
-3.31962
-3.31932
-3.31932
-3.31993
-3.31992
-3.31931
-3.31916
-3.31856
-3.31795
-3.31931
-3.31962
-3.32007
-3.31916
-3.31796
-3.31796
-3.31857
-3.31872
-3.31842
-3.31841
-3.31826
-3.3175
-3.31553
-3.31553
-3.31523
-3.31357
-3.31327
-3.31403
-3.31433
-3.31478
-3.31553
-3.31508
-3.31629
-3.31553
-3.31569
-3.31645
-3.31629
-3.31614
-3.31735
-3.31705
-3.3172
-3.31644
-3.31599
-3.31493
-3.31448
-3.31403
-3.31403
-3.31433
-3.31479
-3.3157
-3.3169
-3.31585
-3.31615
-3.3163
-3.31645
-3.3166
-3.31554
-3.31478
-3.31585
-3.31464
-3.31509
-3.31479
-3.31554
-3.31554
-3.3166
-3.3166
-3.31736
-3.31705
-3.31766
-3.31721
-3.31812
-3.31842
-3.31842
-3.31872
-3.31857
-3.31766
-3.31872
-3.31902
-3.31811
-3.31826
-3.31872
-3.31872
-3.31902
-3.31993
-3.31963
-3.31932
-3.31978
-3.31993
-3.32038
-3.31978
-3.31948
-3.31887
-3.31857
-3.31872
-3.31781
-3.31736
-3.31766
-3.3163
-3.31585
-3.3148
-3.3154
-3.31555
-3.31494
-3.31464
-3.31358
-3.31343
-3.31343
-3.31343
-3.31313
-3.31298
-3.31374
-3.31329
-3.31313
-3.31374
-3.3148
-3.31449
-3.31449
-3.31449
-3.31449
-3.31464
-3.31434
-3.31434
-3.31403
-3.31343
-3.31419
-3.31404
-3.31358
-3.31358
-3.31313
-3.31252
-3.31328
-3.31418
-3.31418
-3.31434
-3.31449
-3.31389
-3.31343
-3.31343
-3.31298
-3.31177
-3.31162
-3.31313
-3.31237
-3.31237
-3.31237
-3.31283
-3.31253
-3.31238
-3.31283
-3.31329
-3.31313
-3.31192
-3.31358
-3.31313
-3.31328
-3.31373
-3.31419
-3.31419
-3.31479
-3.31373
-3.31494
-3.31434
-3.31449
-3.31419
-3.31495
-3.31405
-3.3145
-3.31404
-3.3151
-3.31509
-3.31524
-3.31524
-3.31373
-3.31373
-3.31449
-3.31464
-3.3151
-3.31404
-3.31434
-3.31495
-3.31601
-3.31661
-3.31616
-3.3157
-3.31615
-3.316
-3.31494
-3.31539
-3.31478
-3.31343
-3.31419
-3.31434
-3.31344
-3.31374
-3.31405
-3.31495
-3.31616
-3.31616
-3.31676
-3.31615
-3.31585
-3.3157
-3.3157
-3.31555
-3.31525
-3.31555
-3.31631
-3.31661
-3.31571
-3.31691
-3.31691
-3.31752
-3.31706
-3.31721
-3.31661
-3.3166
-3.31691
-3.31721
-3.31736
-3.31782
-3.31782
-3.31737
-3.31752
-3.31706
-3.31736
-3.31691
-3.31706
-3.31721
-3.31797
-3.31767
-3.31737
-3.31737
-3.31676
-3.31676
-3.31691
-3.31585
-3.31615
-3.31691
-3.31721
-3.31782
-3.31691
-3.3157
-3.31569
-3.316
-3.3157
-3.31601
-3.31556
-3.31571
-3.31571
-3.31525
-3.31661
-3.31676
-3.31661
-3.31555
-3.31585
-3.31616
-3.31661
-3.31676
-3.31767
-3.31722
-3.31842
-3.31842
-3.31797
-3.31722
-3.31797
-3.31767
-3.31797
-3.31722
-3.31797
-3.31873
-3.31873
-3.31873
-3.31858
-3.31858
-3.31888
-3.31842
-3.31721
-3.31706
-3.31555
-3.3154
-3.31525
-3.31495
-3.31601
-3.31646
-3.31676
-3.31601
-3.3151
-3.3145
-3.31525
-3.3154
-3.3148
-3.31555
-3.3154
-3.31525
-3.3151
-3.3154
-3.3157
-3.31555
-3.3148
-3.31495
-3.31449
-3.31449
-3.31465
-3.31586
-3.31661
-3.31616
-3.31692
-3.31737
-3.31692
-3.31722
-3.31782
-3.31722
-3.31676
-3.31661
-3.31691
-3.31751
-3.31827
-3.31691
-3.31752
-3.31768
-3.31753
-3.31753
-3.31828
-3.31934
-3.31979
-3.31888
-3.31812
-3.31858
-3.31782
-3.31783
-3.31677
-3.31632
-3.31571
-3.31541
-3.31496
-3.3148
-3.3145
-3.31374
-3.31314
-3.31253
-3.31253
-3.31238
-3.31329
-3.31299
-3.3139
-3.31375
-3.3139
-3.31375
-3.3142
-3.31344
-3.3145
-3.31465
-3.31299
-3.31254
-3.31314
-3.31208
-3.31284
-3.31269
-3.31314
-3.31208
-3.31329
-3.31375
-3.31329
-3.31405
-3.3139
-3.31541
-3.31586
-3.31571
-3.3148
-3.31405
-3.31284
-3.31238
-3.31314
-3.31314
-3.3139
-3.31481
-3.31541
-3.31586
-3.31677
-3.31601
-3.31495
-3.3145
-3.31375
-3.3136
-3.31345
-3.31466
-3.31541
-3.31541
-3.31541
-3.31556
-3.31586
-3.31586
-3.31511
-3.31586
-3.31601
-3.31586
-3.31662
-3.31631
-3.31617
-3.31662
-3.31693
-3.31602
-3.31602
-3.31571
-3.31495
-3.31541
-3.31526
-3.31526
-3.31541
-3.31526
-3.31541
-3.31571
-3.31647
-3.31738
-3.31663
-3.31527
-3.31421
-3.31481
-3.31556
-3.31616
-3.31586
-3.31556
-3.3148
-3.31571
-3.31541
-3.3148
-3.31435
-3.31496
-3.31571
-3.31632
-3.31662
-3.31768
-3.31828
-3.31843
-3.31768
-3.31843
-3.31858
-3.31798
-3.31828
-3.31798
-3.31768
-3.31616
-3.31601
-3.31601
-3.31646
-3.31601
-3.31601
-3.31571
-3.3151
-3.31571
-3.31632
-3.31557
-3.31632
-3.31692
-3.31798
-3.31873
-3.31903
-3.31933
-3.31948
-3.31872
-3.31827
-3.31857
-3.31812
-3.31813
-3.31722
-3.31737
-3.31692
-3.31647
-3.31616
-3.31692
-3.31737
-3.31676
-3.31586
-3.31631
-3.31556
-3.31601
-3.31435
-3.3142
-3.31374
-3.31419
-3.31404
-3.31359
-3.31314
-3.31344
-3.31359
-3.31299
-3.31284
-3.31345
-3.3133
-3.31329
-3.3145
-3.3148
-3.31556
-3.3151
-3.3151
-3.31555
-3.3154
-3.316
-3.3145
-3.31389
-3.31375
-3.31284
-3.31148
-3.31133
-3.31163
-3.31133
-3.30997
-3.31012
-3.31057
-3.31102
-3.31057
-3.31087
-3.31193
-3.31238
-3.31239
-3.31269
-3.31345
-3.3127
-3.31224
-3.313
-3.31405
-3.3139
-3.3142
-3.3142
-3.31526
-3.31571
-3.31556
-3.31601
-3.31661
-3.31662
-3.31632
-3.31601
-3.31631
-3.31647
-3.31601
-3.31632
-3.31647
-3.31542
-3.31617
-3.31631
-3.31631
-3.31647
-3.31783
-3.31677
-3.31707
-3.31617
-3.31632
-3.31571
-3.31556
-3.31586
-3.31586
-3.31616
-3.31541
-3.31525
-3.31525
-3.31586
-3.31677
-3.31571
-3.31752
-3.31858
-3.31874
-3.31949
-3.31964
-3.31963
-3.31978
-3.32114
-3.3216
-3.32175
-3.3213
-3.32115
-3.3216
-3.32191
-3.32221
-3.32175
-3.32236
-3.32145
-3.32084
-3.31963
-3.31978
-3.32008
-3.32069
-3.32039
-3.31979
-3.31828
-3.31873
-3.31918
-3.31933
-3.31948
-3.31903
-3.31857
-3.31812
-3.31782
-3.31797
-3.31737
-3.31722
-3.31722
-3.31676
-3.31601
-3.31661
-3.31616
-3.31631
-3.31646
-3.31661
-3.31615
-3.31736
-3.31736
-3.31797
-3.31872
-3.31903
-3.31827
-3.31752
-3.31827
-3.31933
-3.31902
-3.31933
-3.31948
-3.31857
-3.31873
-3.32024
-3.31873
-3.31888
-3.31903
-3.31873
-3.32039
-3.31978
-3.32068
-3.32038
-3.32023
-3.32008
-3.31993
-3.31873
-3.31948
-3.31948
-3.32009
-3.31933
-3.31857
-3.31797
-3.31767
-3.31706
-3.31706
-3.31782
-3.31767
-3.31615
-3.31585
-3.3157
-3.3163
-3.31615
-3.3157
-3.31782
-3.31812
-3.31721
-3.3169
-3.31766
-3.31811
-3.31872
-3.31736
-3.31857
-3.31902
-3.31978
-3.32023
-3.31993
-3.32038
-3.32144
-3.32008
-3.31993
-3.32023
-3.32099
-3.32084
-3.32023
-3.32024
-3.32008
-3.32114
-3.32023
-3.32039
-3.31963
-3.31978
-3.32038
-3.31932
-3.31902
-3.31826
-3.31826
-3.31902
-3.31902
-3.31796
-3.31721
-3.31646
-3.31782
-3.31797
-3.31812
-3.31736
-3.31767
-3.31767
-3.31706
-3.3157
-3.31586
-3.31525
-3.3157
-3.3148
-3.3151
-3.31495
-3.31525
-3.31555
-3.31479
-3.31434
-3.31524
-3.31479
-3.31449
-3.31344
-3.31389
-3.31328
-3.31343
-3.31358
-3.31328
-3.31283
-3.31328
-3.31192
-3.31208
-3.31344
-3.31253
-3.31328
-3.31388
-3.31373
-3.31343
-3.31343
-3.31358
-3.31389
-3.31449
-3.31434
-3.3148
-3.31495
-3.3154
-3.3154
-3.31509
-3.31388
-3.31464
-3.31464
-3.31586
-3.31571
-3.31541
-3.31587
-3.31617
-3.31632
-3.31676
-3.31751
-3.3172
-3.31705
-3.31706
-3.31555
-3.31616
-3.31631
-3.31601
-3.3154
-3.3154
-3.3154
-3.31495
-3.31464
-3.31495
-3.31616
-3.31585
-3.31555
-3.31646
-3.31691
-3.31782
-3.31797
-3.31812
-3.31781
-3.31751
-3.31751
-3.31721
-3.31781
-3.31767
-3.31721
-3.31752
-3.31676
-3.31722
-3.31661
-3.31736
-3.3166
-3.31645
-3.31615
-3.3166
-3.31721
-3.31631
-3.31495
-3.31601
-3.31601
-3.31571
-3.31601
-3.31616
-3.31555
-3.31616
-3.31525
-3.31524
-3.31494
-3.3157
-3.31676
-3.31722
-3.31737
-3.31722
-3.31768
-3.31632
-3.31647
-3.31526
-3.31465
-3.31435
-3.3151
-3.31465
-3.31435
-3.31435
-3.31496
-3.31496
-3.31481
-3.31511
-3.31601
-3.31571
-3.3151
-3.31541
-3.31511
-3.31435
-3.31587
-3.31557
-3.31708
-3.31662
-3.31692
-3.31647
-3.31617
-3.31677
-3.31662
-3.31631
-3.31631
-3.31707
-3.31813
-3.31888
-3.31949
-3.31979
-3.32025
-3.3207
-3.32025
-3.31964
-3.32024
-3.31979
-3.31964
-3.31979
-3.31934
-3.31889
-3.31919
-3.31934
-3.31873
-3.31994
-3.32039
-3.32054
-3.32084
-3.31994
-3.31933
-3.31873
-3.31858
-3.31919
-3.31919
-3.31903
-3.31827
-3.31812
-3.31812
-3.31858
-3.31918
-3.31979
-3.32024
-3.32039
-3.32024
-3.31949
-3.31919
-3.31904
-3.31964
-3.32009
-3.32039
-3.32024
-3.31858
-3.31753
-3.31541
-3.31541
-3.31556
-3.31601
-3.31647
-3.31631
-3.31631
-3.31646
-3.31676
-3.31661
-3.31616
-3.31722
-3.31692
-3.31616
-3.31631
-3.31677
-3.31616
-3.31631
-3.31571
-3.31571
-3.31616
-3.31631
-3.31676
-3.31676
-3.31646
-3.31662
-3.31617
-3.31617
-3.31677
-3.31647
-3.31571
-3.31571
-3.31556
-3.31541
-3.31752
-3.31812
-3.31918
-3.31933
-3.31843
-3.31752
-3.31677
-3.31768
-3.31737
-3.31677
-3.31617
-3.31602
-3.31587
-3.31632
-3.31707
-3.31828
-3.31737
-3.31707
-3.31783
-3.31828
-3.31783
-3.31828
-3.31858
-3.31903
-3.31873
-3.31888
-3.31934
-3.31964
-3.32024
-3.32024
-3.31888
-3.31904
-3.31843
-3.31798
-3.31783
-3.31753
-3.31828
-3.31858
-3.31798
-3.31768
-3.31722
-3.31782
-3.31707
-3.31752
-3.31752
-3.31874
-3.31874
-3.31859
-3.31829
-3.31859
-3.3192
-3.31904
-3.31904
-3.31934
-3.31783
-3.31768
-3.31783
-3.31844
-3.31889
-3.31889
-3.31828
-3.31813
-3.31873
-3.31798
-3.31783
-3.31783
-3.31768
-3.31632
-3.31572
-3.31632
-3.31587
-3.31602
-3.31572
-3.31618
-3.31557
-3.31603
-3.31557
-3.31572
-3.31557
-3.31632
-3.31707
-3.31737
-3.31722
-3.31798
-3.31722
-3.31858
-3.31844
-3.31844
-3.31829
-3.31799
-3.31859
-3.31919
-3.3201
-3.3204
-3.32131
-3.3213
-3.32145
-3.32145
-3.321
-3.321
-3.31949
-3.31904
-3.31934
-3.31874
-3.31829
-3.31814
-3.31889
-3.31783
-3.31738
-3.31813
-3.31813
-3.31723
-3.31693
-3.31617
-3.31617
-3.31617
-3.31753
-3.31738
-3.31829
-3.31783
-3.31814
-3.31874
-3.31965
-3.31965
-3.32055
-3.32055
-3.32071
-3.32086
-3.32056
-3.32055
-3.3201
-3.3195
-3.3201
-3.3201
-3.32071
-3.31965
-3.3195
-3.3201
-3.31995
-3.31994
-3.32009
-3.32085
-3.32055
-3.32026
-3.32026
-3.31981
-3.32026
-3.31905
-3.3192
-3.31829
-3.3192
-3.31995
-3.3204
-3.31965
-3.31905
-3.31965
-3.31905
-3.3192
-3.3201
-3.3195
-3.31935
-3.3189
-3.31829
-3.31829
-3.31875
-3.32041
-3.32041
-3.32056
-3.32041
-3.32132
-3.32177
-3.32177
-3.32252
-3.32237
-3.32298
-3.32283
-3.32313
-3.32298
-3.32237
-3.32116
-3.32222
-3.32116
-3.32026
-3.3192
-3.3192
-3.3192
-3.31951
-3.31951
-3.31996
-3.31951
-3.32011
-3.3186
-3.31905
-3.3195
-3.31996
-3.3198
-3.31996
-3.31965
-3.32056
-3.32041
-3.31951
-3.31935
-3.31935
-3.31935
-3.31845
-3.3192
-3.31996
-3.32072
-3.32147
-3.32027
-3.31996
-3.31981
-3.32011
-3.32041
-3.32101
-3.32147
-3.32011
-3.32011
-3.32041
-3.32117
-3.32102
-3.32072
-3.32012
-3.31966
-3.31951
-3.31981
-3.31966
-3.31981
-3.31875
-3.31845
-3.318
-3.31966
-3.3195
-3.32071
-3.32011
-3.32101
-3.32056
-3.31966
-3.31966
-3.32011
-3.32147
-3.32117
-3.31951
-3.31845
-3.31906
-3.31906
-3.31936
-3.32011
-3.3195
-3.3195
-3.3192
-3.31844
-3.31799
-3.31784
-3.31709
-3.31739
-3.31694
-3.31648
-3.31679
-3.31724
-3.3177
-3.31815
-3.31815
-3.31785
-3.31694
-3.31679
-3.31754
-3.31694
-3.31724
-3.31739
-3.31739
-3.31739
-3.31724
-3.31785
-3.31815
-3.31845
-3.31875
-3.31815
-3.318
-3.31755
-3.3177
-3.31694
-3.31739
-3.3177
-3.318
-3.3177
-3.318
-3.31785
-3.3186
-3.31845
-3.31829
-3.31738
-3.31799
-3.31769
-3.318
-3.31755
-3.3171
-3.31695
-3.31755
-3.31604
-3.31558
-3.31528
-3.31603
-3.31558
-3.31603
-3.31634
-3.31513
-3.31619
-3.31679
-3.31799
-3.31798
-3.31783
-3.31814
-3.3192
-3.31966
-3.31906
-3.31891
-3.31921
-3.31906
-3.31906
-3.31951
-3.31936
-3.32026
-3.32011
-3.32177
-3.32147
-3.32147
-3.32102
-3.32086
-3.32026
-3.31996
-3.31951
-3.31921
-3.31951
-3.32011
-3.31966
-3.31981
-3.32072
-3.32026
-3.31951
-3.31875
-3.31875
-3.31724
-3.31755
-3.31725
-3.3171
-3.31664
-3.3174
-3.3183
-3.3186
-3.31814
-3.3189
-3.31905
-3.32041
-3.31965
-3.3198
-3.31965
-3.31965
-3.32056
-3.32041
-3.32087
-3.32147
-3.32147
-3.32178
-3.32238
-3.32223
-3.32283
-3.32238
-3.32328
-3.32268
-3.32268
-3.32147
-3.32071
-3.32041
-3.31951
-3.31951
-3.31891
-3.31966
-3.31905
-3.3186
-3.31814
-3.31875
-3.3195
-3.31905
-3.31875
-3.31905
-3.3198
-3.31935
-3.3195
-3.32026
-3.32102
-3.32057
-3.32011
-3.32011
-3.3192
-3.31935
-3.32056
-3.31995
-3.31935
-3.3189
-3.31905
-3.31875
-3.31815
-3.31815
-3.3186
-3.31845
-3.31905
-3.31739
-3.31814
-3.31859
-3.31874
-3.31844
-3.31708
-3.31754
-3.31859
-3.31784
-3.31859
-3.3186
-3.3192
-3.31965
-3.32026
-3.3195
-3.31965
-3.31874
-3.31799
-3.31769
-3.31905
-3.3195
-3.32071
-3.32011
-3.32011
-3.31981
-3.31966
-3.31996
-3.32056
-3.3195
-3.3192
-3.31874
-3.31814
-3.31814
-3.31799
-3.31709
-3.31708
-3.31693
-3.31572
-3.31618
-3.31678
-3.31633
-3.31602
-3.31587
-3.31693
-3.31647
-3.31632
-3.31557
-3.31587
-3.31572
-3.31421
-3.31512
-3.31451
-3.31346
-3.3124
-3.31165
-3.31119
-3.31089
-3.30983
-3.31013
-3.30983
-3.31058
-3.31028
-3.30937
-3.31028
-3.30998
-3.31013
-3.30877
-3.30938
-3.31044
-3.31089
-3.31164
-3.31225
-3.31149
-3.31179
-3.31194
-3.31149
-3.31149
-3.3121
-3.31255
-3.3127
-3.3127
-3.3127
-3.31179
-3.3124
-3.3121
-3.31225
-3.31285
-3.31164
-3.31104
-3.31194
-3.31361
-3.31406
-3.313
-3.31406
-3.31285
-3.31376
-3.31376
-3.3127
-3.31255
-3.313
-3.31315
-3.31254
-3.3136
-3.31436
-3.31421
-3.31572
-3.31512
-3.31527
-3.31588
-3.31573
-3.31467
-3.31557
-3.31587
-3.31572
-3.31466
-3.31496
-3.31511
-3.31557
-3.31632
-3.31527
-3.31481
-3.31451
-3.31436
-3.31406
-3.31361
-3.31225
-3.31285
-3.313
-3.31361
-3.31285
-3.31255
-3.31255
-3.313
-3.3127
-3.31361
-3.31376
-3.31452
-3.31528
-3.31437
-3.31437
-3.31497
-3.31497
-3.31406
-3.31482
-3.31451
-3.31617
-3.31587
-3.31542
-3.31512
-3.31542
-3.31648
-3.31648
-3.31573
-3.31497
-3.31437
-3.31346
-3.31391
-3.31346
-3.31361
-3.31391
-3.31391
-3.31376
-3.31407
-3.31391
-3.31422
-3.31421
-3.31572
-3.31511
-3.31421
-3.31406
-3.31466
-3.31527
-3.31361
-3.31271
-3.31286
-3.31331
-3.31376
-3.31316
-3.31331
-3.31406
-3.31361
-3.31376
-3.31422
-3.31361
-3.3121
-3.3121
-3.31164
-3.31285
-3.313
-3.31315
-3.31225
-3.31149
-3.31089
-3.3112
-3.31044
-3.31014
-3.3118
-3.31285
-3.31285
-3.3127
-3.313
-3.31179
-3.31255
-3.31315
-3.31406
-3.31406
-3.31467
-3.31497
-3.31422
-3.31512
-3.31436
-3.31497
-3.31497
-3.31497
-3.31527
-3.31543
-3.31588
-3.31633
-3.31724
-3.31754
-3.3183
-3.3186
-3.31935
-3.31905
-3.3189
-3.31815
-3.31785
-3.31845
-3.31951
-3.31981
-3.31965
-3.3192
-3.32011
-3.32011
-3.31951
-3.31935
-3.31951
-3.31951
-3.31905
-3.3189
-3.3195
-3.31845
-3.31784
-3.31754
-3.31708
-3.31693
-3.31784
-3.31769
-3.31814
-3.31875
-3.31815
-3.31754
-3.31754
-3.31754
-3.31664
-3.31588
-3.31618
-3.31543
-3.31497
-3.31482
-3.31527
-3.31512
-3.31558
-3.31528
-3.31618
-3.31648
-3.31769
-3.31678
-3.31633
-3.31603
-3.31618
-3.31678
-3.31693
-3.31799
-3.31845
-3.3186
-3.31936
-3.3186
-3.31845
-3.3186
-3.31874
-3.31935
-3.31935
-3.31874
-3.31814
-3.31724
-3.31603
-3.31513
-3.31512
-3.31482
-3.31346
-3.31316
-3.31452
-3.31467
-3.31497
-3.31588
-3.31678
-3.31497
-3.31527
-3.31633
-3.31527
-3.31497
-3.31497
-3.31528
-3.31498
-3.31588
-3.31497
-3.31633
-3.31724
-3.31754
-3.31784
-3.3189
-3.3189
-3.3189
-3.31875
-3.3186
-3.31875
-3.31845
-3.3186
-3.3195
-3.3195
-3.31889
-3.31904
-3.3192
-3.31935
-3.31996
-3.32011
-3.32056
-3.32026
-3.31921
-3.31951
-3.31982
-3.32072
-3.31997
-3.32042
-3.31981
-3.31996
-3.32011
-3.3192
-3.31935
-3.31935
-3.3192
-3.3183
-3.3189
-3.31845
-3.318
-3.31769
-3.318
-3.31845
-3.31724
-3.31769
-3.31815
-3.3186
-3.31829
-3.31799
-3.31905
-3.31935
-3.31874
-3.31889
-3.31904
-3.31935
-3.31905
-3.31875
-3.31875
-3.32041
-3.32041
-3.3195
-3.31935
-3.32071
-3.32101
-3.32025
-3.32101
-3.32085
-3.32085
-3.32161
-3.3198
-3.31874
-3.31981
-3.31936
-3.31845
-3.3183
-3.31799
-3.31738
-3.31874
-3.3183
-3.31845
-3.3183
-3.31996
-3.32026
-3.32147
-3.31995
-3.3198
-3.31919
-3.31934
-3.31949
-3.31859
-3.31783
-3.31814
-3.31814
-3.31769
-3.31709
-3.31709
-3.31799
-3.31799
-3.31648
-3.31618
-3.31602
-3.31663
-3.31693
-3.31648
-3.31633
-3.31602
-3.31527
-3.31497
-3.31572
-3.31633
-3.31572
-3.31557
-3.31467
-3.31436
-3.31451
-3.31482
-3.31451
-3.31497
-3.31466
-3.31406
-3.313
-3.31255
-3.31225
-3.31255
-3.31134
-3.3124
-3.31254
-3.31345
-3.31376
-3.31391
-3.31452
-3.31468
-3.31468
-3.31362
-3.31346
-3.31407
-3.31421
-3.31451
-3.31375
-3.31481
-3.31557
-3.31603
-3.31709
-3.31723
-3.31678
-3.31693
-3.31753
-3.31799
-3.31678
-3.31557
-3.31587
-3.31557
-3.31557
-3.31572
-3.31482
-3.31542
-3.31633
-3.31648
-3.31633
-3.31633
-3.31663
-3.31723
-3.31693
-3.31678
-3.31602
-3.31557
-3.31542
-3.31633
-3.31649
-3.31558
-3.31739
-3.31754
-3.31859
-3.3201
-3.3192
-3.31981
-3.31921
-3.31966
-3.32042
-3.32057
-3.31951
-3.31905
-3.31996
-3.31844
-3.31799
-3.31784
-3.31739
-3.31693
-3.31784
-3.31799
-3.31724
-3.31769
-3.31708
-3.31618
-3.31754
-3.31709
-3.31769
-3.31755
-3.3177
-3.31845
-3.31921
-3.3189
-3.3189
-3.31845
-3.31723
-3.31799
-3.31754
-3.31693
-3.31633
-3.31528
-3.31392
-3.31407
-3.31332
-3.31256
-3.31286
-3.31316
-3.31301
-3.31149
-3.31164
-3.31164
-3.30998
-3.30968
-3.31134
-3.3124
-3.31301
-3.31225
-3.31286
-3.31377
-3.31543
-3.31407
-3.31407
-3.31301
-3.31377
-3.31392
-3.31407
-3.31361
-3.31407
-3.31452
-3.31497
-3.31558
-3.31633
-3.31422
-3.31543
-3.31724
-3.31618
-3.31588
-3.31663
-3.31648
-3.31602
-3.31633
-3.31633
-3.31602
-3.31618
-3.31572
-3.31678
-3.31724
-3.31754
-3.31724
-3.31739
-3.31618
-3.31648
-3.31558
-3.31542
-3.31588
-3.31633
-3.31588
-3.31633
-3.31527
-3.31542
-3.31572
-3.31557
-3.31587
-3.31663
-3.31663
-3.31708
-3.31814
-3.31814
-3.318
-3.31709
-3.31724
-3.31679
-3.31649
-3.31588
-3.31543
-3.31603
-3.31588
-3.31558
-3.31588
-3.31588
-3.31572
-3.31572
-3.31587
-3.31648
-3.31587
-3.31678
-3.31739
-3.31693
-3.31573
-3.31648
-3.31603
-3.31618
-3.31648
-3.31558
-3.31452
-3.31361
-3.31361
-3.31436
-3.3136
-3.3139
-3.31451
-3.31512
-3.31451
-3.31587
-3.31603
-3.31648
-3.31723
-3.31678
-3.31784
-3.31708
-3.31663
-3.31829
-3.31768
-3.31889
-3.31859
-3.31829
-3.31889
-3.31814
-3.31648
-3.31678
-3.31587
-3.31678
-3.31648
-3.31617
-3.31587
-3.31648
-3.31618
-3.31678
-3.31648
-3.31693
-3.31723
-3.31738
-3.31738
-3.31783
-3.31723
-3.31738
-3.31783
-3.31753
-3.31799
-3.31904
-3.3195
-3.31859
-3.31768
-3.31799
-3.31693
-3.31738
-3.31784
-3.31783
-3.31783
-3.31798
-3.31844
-3.31843
-3.31874
-3.31858
-3.31738
-3.31753
-3.31768
-3.31799
-3.31814
-3.31678
-3.31693
-3.31617
-3.31617
-3.31617
-3.31572
-3.31542
-3.31481
-3.31496
-3.31451
-3.3139
-3.31511
-3.31451
-3.31496
-3.31511
-3.31496
-3.31617
-3.31648
-3.31708
-3.31708
-3.31828
-3.31813
-3.31768
-3.31738
-3.31859
-3.3189
-3.31859
-3.31859
-3.31889
-3.31919
-3.31964
-3.31979
-3.32055
-3.3198
-3.31905
-3.31935
-3.31829
-3.31829
-3.31904
-3.31874
-3.31964
-3.31995
-3.31949
-3.31813
-3.31753
-3.31858
-3.31873
-3.31798
-3.31753
-3.31753
-3.31859
-3.31783
-3.31859
-3.31798
-3.31919
-3.31934
-3.3192
-3.31874
-3.31889
-3.31829
-3.31874
-3.31844
-3.31829
-3.31738
-3.31829
-3.31813
-3.31813
-3.31843
-3.31783
-3.31768
-3.31798
-3.31768
-3.31783
-3.31814
-3.31889
-3.31859
-3.31995
-3.31889
-3.31784
-3.31859
-3.31844
-3.31844
-3.31844
-3.31708
-3.31632
-3.31572
-3.31466
-3.31496
-3.31632
-3.31587
-3.31693
-3.31557
-3.31526
-3.31481
-3.31451
-3.31496
-3.31391
-3.313
-3.3136
-3.31269
-3.31254
-3.3133
-3.31345
-3.31421
-3.31375
-3.31345
-3.31345
-3.31269
-3.31224
-3.31194
-3.31239
-3.31194
-3.31194
-3.31269
-3.31345
-3.3127
-3.3136
-3.31406
-3.31285
-3.31406
-3.31481
-3.31481
-3.31465
-3.31405
-3.31465
-3.31526
-3.31526
-3.31602
-3.31632
-3.31708
-3.31693
-3.31723
-3.31723
-3.31587
-3.31512
-3.31542
-3.31496
-3.31511
-3.31541
-3.31525
-3.31631
-3.31616
-3.31586
-3.31586
-3.31557
-3.31602
-3.31603
-3.31754
-3.31799
-3.31904
-3.31904
-3.31903
-3.31858
-3.31752
-3.31752
-3.31616
-3.31511
-3.31466
-3.3145
-3.31481
-3.31541
-3.31526
-3.31436
-3.3136
-3.31436
-3.31481
-3.31451
-3.3145
-3.3145
-3.3145
-3.31541
-3.31556
-3.31556
-3.31541
-3.31481
-3.31526
-3.31662
-3.31541
-3.31571
-3.31556
-3.31526
-3.31556
-3.31722
-3.31571
-3.31571
-3.31541
-3.31511
-3.31586
-3.31602
-3.31677
-3.31662
-3.31632
-3.31677
-3.31677
-3.31737
-3.31677
-3.31677
-3.31798
-3.31737
-3.31782
-3.31692
-3.31677
-3.31662
-3.31587
-3.31511
-3.31587
-3.31662
-3.31586
-3.31496
-3.31556
-3.31677
-3.31632
-3.31647
-3.31662
-3.31707
-3.31738
-3.31707
-3.31723
-3.31677
-3.31617
-3.31692
-3.31677
-3.31662
-3.31707
-3.31722
-3.31662
-3.31616
-3.31692
-3.31783
-3.31843
-3.31813
-3.31783
-3.31829
-3.31799
-3.31844
-3.31798
-3.31753
-3.31692
-3.31768
-3.31692
-3.31616
-3.31541
-3.31677
-3.31752
-3.31723
-3.31602
-3.31678
-3.31753
-3.31708
-3.31647
-3.31708
-3.31708
-3.31783
-3.31813
-3.31783
-3.31813
-3.31813
-3.31844
-3.31934
-3.31919
-3.31889
-3.3198
-3.3198
-3.31995
-3.31859
-3.31965
-3.32071
-3.32025
-3.31965
-3.32025
-3.3198
-3.31995
-3.3207
-3.32025
-3.32191
-3.32191
-3.32267
-3.32312
-3.32282
-3.32266
-3.32282
-3.32176
-3.32131
-3.32176
-3.32176
-3.32056
-3.32056
-3.31965
-3.32041
-3.32041
-3.3201
-3.3204
-3.32055
-3.3207
-3.32085
-3.31964
-3.32055
-3.32116
-3.32086
-3.31904
-3.31919
-3.31919
-3.31873
-3.31858
-3.31964
-3.3204
-3.32055
-3.32086
-3.32071
-3.32101
-3.3207
-3.31994
-3.31873
-3.31843
-3.31798
-3.31753
-3.31799
-3.31723
-3.31633
-3.31617
-3.31527
-3.31617
-3.31617
-3.31587
-3.31602
-3.31708
-3.31783
-3.31859
-3.31874
-3.31844
-3.31768
-3.31814
-3.31784
-3.31799
-3.31693
-3.31723
-3.31753
-3.31767
-3.31737
-3.31813
-3.31798
-3.31799
-3.31904
-3.31965
-3.3192
-3.3201
-3.31965
-3.3201
-3.3204
-3.32055
-3.3207
-3.3198
-3.32025
-3.3198
-3.31934
-3.31844
-3.31828
-3.31752
-3.31798
-3.31738
-3.31738
-3.31784
-3.31769
-3.31754
-3.31784
-3.31874
-3.31844
-3.31904
-3.31904
-3.31889
-3.31768
-3.31828
-3.31783
-3.31799
-3.31754
-3.31663
-3.31663
-3.31708
-3.31633
-3.31633
-3.31512
-3.31587
-3.31572
-3.31587
-3.31587
-3.31496
-3.31497
-3.31467
-3.31437
-3.31376
-3.31452
-3.31452
-3.31497
-3.31482
-3.31451
-3.31496
-3.31587
-3.31587
-3.31602
-3.31542
-3.31618
-3.31633
-3.31602
-3.31648
-3.31738
-3.31632
-3.31753
-3.31723
-3.31768
-3.31738
-3.31768
-3.31783
-3.31874
-3.31829
-3.31874
-3.3192
-3.31874
-3.31844
-3.3195
-3.31874
-3.31965
-3.32025
-3.31904
-3.31859
-3.31874
-3.31904
-3.3189
-3.31829
-3.3186
-3.31829
-3.31889
-3.31829
-3.31813
-3.31708
-3.31753
-3.31738
-3.31799
-3.31829
-3.31799
-3.31723
-3.31738
-3.31753
-3.31859
-3.31949
-3.31919
-3.3192
-3.3201
-3.32086
-3.32086
-3.3198
-3.31934
-3.31874
-3.31844
-3.31904
-3.3192
-3.31859
-3.31844
-3.31844
-3.31829
-3.31874
-3.31844
-3.31814
-3.31753
-3.31648
-3.31557
-3.31481
-3.31467
-3.31436
-3.31376
-3.31452
-3.31497
-3.31527
-3.31542
-3.31512
-3.31511
-3.31481
-3.31511
-3.31602
-3.31527
-3.31587
-3.31588
-3.31588
-3.31467
-3.31572
-3.31587
-3.31557
-3.31648
-3.31602
-3.31648
-3.31572
-3.31512
-3.31496
-3.31542
-3.31618
-3.31633
-3.31618
-3.31633
-3.31557
-3.31558
-3.31497
-3.31573
-3.31527
-3.31527
-3.31512
-3.31497
-3.31482
-3.31467
-3.31527
-3.31436
-3.31376
-3.31345
-3.31285
-3.3136
-3.31315
-3.3124
-3.31285
-3.313
-3.31315
-3.313
-3.31315
-3.31285
-3.313
-3.31179
-3.31195
-3.3121
-3.31376
-3.31481
-3.31527
-3.31436
-3.31452
-3.31437
-3.31557
-3.31557
-3.31618
-3.31633
-3.31617
-3.31723
-3.31678
-3.31678
-3.31678
-3.31708
-3.31587
-3.31693
-3.31542
-3.31663
-3.31708
-3.31708
-3.31632
-3.31572
-3.31557
-3.31542
-3.31527
-3.31708
-3.31739
-3.31768
-3.31753
-3.31768
-3.31873
-3.31798
-3.31738
-3.31799
-3.31844
-3.31814
-3.31904
-3.31919
-3.31874
-3.31889
-3.31874
-3.31843
-3.31934
-3.31949
-3.31844
-3.31874
-3.31798
-3.31919
-3.31813
-3.31889
-3.32025
-3.3201
-3.32055
-3.3207
-3.3204
-3.31995
-3.32085
-3.32116
-3.32056
-3.32041
-3.3195
-3.31965
-3.31844
-3.31814
-3.31754
-3.31875
-3.31799
-3.31753
-3.31708
-3.31707
-3.31707
-3.31723
-3.31768
-3.31708
-3.31769
-3.31724
-3.31739
-3.31814
-3.31709
-3.31724
-3.31739
-3.31754
-3.31799
-3.3186
-3.31829
-3.31844
-3.31829
-3.31799
-3.31829
-3.31844
-3.31966
-3.3192
-3.32026
-3.31936
-3.31875
-3.31784
-3.3186
-3.32041
-3.32132
-3.32086
-3.32101
-3.3201
-3.32071
-3.31995
-3.32071
-3.32086
-3.32086
-3.32162
-3.32086
-3.32147
-3.32132
-3.32101
-3.32116
-3.32056
-3.32056
-3.32026
-3.32041
-3.31995
-3.32086
-3.32101
-3.32117
-3.32056
-3.32162
-3.32177
-3.32147
-3.32132
-3.32132
-3.32042
-3.32042
-3.32042
-3.32042
-3.32027
-3.32041
-3.31935
-3.31814
-3.3192
-3.31921
-3.3183
-3.31876
-3.31936
-3.32041
-3.32011
-3.32026
-3.31935
-3.31966
-3.31951
-3.31921
-3.31876
-3.31861
-3.31876
-3.31951
-3.31997
-3.31921
-3.31936
-3.32041
-3.31951
-3.31951
-3.31951
-3.32056
-3.31951
-3.3189
-3.3192
-3.31966
-3.31921
-3.31936
-3.3189
-3.31875
-3.3201
-3.3195
-3.31965
-3.31996
-3.32057
-3.32027
-3.32042
-3.32133
-3.32087
-3.32057
-3.32057
-3.32102
-3.32117
-3.32087
-3.32132
-3.32192
-3.32192
-3.32178
-3.32178
-3.32132
-3.32087
-3.32011
-3.31891
-3.31755
-3.318
-3.31815
-3.3174
-3.31694
-3.31664
-3.31649
-3.31588
-3.31618
-3.31724
-3.31739
-3.31769
-3.31679
-3.31694
-3.31754
-3.31679
-3.31755
-3.31694
-3.31695
-3.31755
-3.31695
-3.3177
-3.3177
-3.3183
-3.3186
-3.3183
-3.318
-3.3186
-3.31846
-3.31876
-3.31831
-3.31861
-3.3171
-3.3177
-3.31634
-3.31574
-3.31513
-3.31453
-3.31513
-3.31513
-3.31513
-3.31543
-3.31543
-3.31603
-3.31573
-3.31619
-3.31634
-3.31664
-3.31649
-3.31649
-3.31604
-3.31543
-3.31513
-3.31468
-3.31422
-3.31468
-3.31529
-3.31529
-3.31484
-3.31378
-3.31332
-3.31422
-3.31483
-3.31513
-3.31407
-3.31452
-3.31437
-3.31377
-3.31226
-3.31392
-3.31483
-3.31619
-3.31619
-3.31649
-3.31513
-3.31679
-3.31725
-3.31709
-3.3177
-3.31754
-3.31785
-3.31709
-3.31679
-3.31649
-3.31634
-3.31634
-3.31679
-3.3177
-3.31709
-3.31755
-3.31739
-3.31709
-3.31739
-3.31709
-3.31754
-3.31709
-3.31634
-3.31604
-3.31649
-3.31619
-3.3171
-3.31679
-3.31619
-3.31724
-3.31694
-3.31618
-3.31528
-3.31589
-3.31695
-3.31876
-3.32028
-3.32058
-3.32027
-3.32088
-3.32027
-3.32057
-3.32027
-3.32057
-3.31952
-3.32012
-3.31906
-3.31921
-3.31936
-3.31875
-3.31679
-3.31755
-3.31694
-3.31694
-3.31785
-3.31785
-3.31755
-3.3174
-3.31664
-3.3177
-3.31861
-3.31952
-3.31982
-3.31831
-3.31816
-3.31831
-3.31876
-3.31876
-3.31921
-3.31861
-3.31921
-3.31936
-3.31876
-3.31846
-3.31876
-3.31952
-3.31921
-3.31937
-3.31922
-3.31967
-3.32072
-3.32133
-3.32147
-3.32268
-3.32223
-3.32163
-3.32254
-3.32239
-3.32148
-3.32072
-3.32102
-3.32087
-3.32057
-3.32118
-3.31982
-3.32043
-3.32013
-3.31907
-3.31952
-3.31952
-3.31906
-3.31891
-3.31861
-3.31816
-3.31786
-3.31725
-3.31754
-3.31784
-3.3186
-3.31709
-3.31725
-3.31725
-3.31725
-3.31755
-3.31816
-3.31861
-3.31846
-3.31921
-3.31952
-3.31937
-3.31906
-3.31936
-3.32012
-3.31951
-3.31982
-3.31936
-3.31876
-3.31891
-3.31876
-3.3168
-3.31665
-3.3168
-3.31664
-3.31513
-3.31483
-3.31513
-3.31589
-3.31649
-3.31604
-3.31665
-3.31559
-3.31574
-3.31543
-3.31589
-3.31528
-3.31498
-3.31483
-3.31589
-3.31604
-3.31635
-3.31695
-3.31619
-3.31634
-3.31559
-3.31604
-3.31604
-3.31574
-3.31574
-3.31619
-3.3171
-3.3165
-3.31619
-3.31529
-3.31559
-3.31634
-3.31559
-3.31559
-3.31619
-3.31574
-3.31544
-3.31559
-3.31483
-3.31423
-3.31423
-3.31377
-3.31392
-3.31407
-3.31362
-3.31408
-3.31378
-3.31272
-3.31257
-3.31272
-3.31423
-3.31499
-3.31499
-3.31499
-3.31499
-3.31619
-3.31786
-3.3168
-3.3171
-3.31755
-3.318
-3.3174
-3.3171
-3.3171
-3.31634
-3.31665
-3.31589
-3.31574
-3.31589
-3.31528
-3.31483
-3.31498
-3.31438
-3.31589
-3.31589
-3.31604
-3.31528
-3.31498
-3.31498
-3.31543
-3.3171
-3.31724
-3.31634
-3.31528
-3.31422
-3.31377
-3.31408
-3.31438
-3.31438
-3.31453
-3.31408
-3.31393
-3.31423
-3.31257
-3.31317
-3.31226
-3.31196
-3.31332
-3.31347
-3.31241
-3.31226
-3.31181
-3.31242
-3.31272
-3.31318
-3.31408
-3.31484
-3.31484
-3.31468
-3.31483
-3.31468
-3.31438
-3.31362
-3.31378
-3.31393
-3.31469
-3.31468
-3.31574
-3.31589
-3.31604
-3.31619
-3.31619
-3.31634
-3.31559
-3.31499
-3.31453
-3.31499
-3.31559
-3.31589
-3.31574
-3.31574
-3.31589
-3.31589
-3.31649
-3.31649
-3.31604
-3.31679
-3.3174
-3.31649
-3.31695
-3.3165
-3.31605
-3.3171
-3.31695
-3.31756
-3.31771
-3.31649
-3.31634
-3.31604
-3.31559
-3.31544
-3.31544
-3.31454
-3.31393
-3.31499
-3.31514
-3.3165
-3.31544
-3.31529
-3.31498
-3.31589
-3.31558
-3.31498
-3.31574
-3.31589
-3.31665
-3.31635
-3.31665
-3.3174
-3.3171
-3.3174
-3.31831
-3.31861
-3.31785
-3.31785
-3.3177
-3.31861
-3.31921
-3.31831
-3.31876
-3.31951
-3.31906
-3.31876
-3.31922
-3.31952
-3.32012
-3.31967
-3.31997
-3.31997
-3.32088
-3.32058
-3.32088
-3.32012
-3.32042
-3.32042
-3.31982
-3.32012
-3.32058
-3.32058
-3.31997
-3.31982
-3.31982
-3.31891
-3.31937
-3.32012
-3.31982
-3.31997
-3.31892
-3.31831
-3.31831
-3.31831
-3.31816
-3.31816
-3.31801
-3.31771
-3.31755
-3.3171
-3.31725
-3.3168
-3.31634
-3.31498
-3.31468
-3.31529
-3.31544
-3.31574
-3.3165
-3.31635
-3.31605
-3.3162
-3.31499
-3.31424
-3.31499
-3.31484
-3.31483
-3.31483
-3.31422
-3.31347
-3.31468
-3.31529
-3.31483
-3.31559
-3.31589
-3.31604
-3.31604
-3.31619
-3.31574
-3.31559
-3.31619
-3.31574
-3.31649
-3.31589
-3.31423
-3.31468
-3.31348
-3.31302
-3.31272
-3.31257
-3.31227
-3.31181
-3.31211
-3.31256
-3.31271
-3.31226
-3.31257
-3.31408
-3.31408
-3.31529
-3.31423
-3.31439
-3.31439
-3.31393
-3.31393
-3.31408
-3.31302
-3.31483
-3.31453
-3.31468
-3.31453
-3.31528
-3.31498
-3.31498
-3.31589
-3.31589
-3.31635
-3.31665
-3.31529
-3.31589
-3.31604
-3.31589
-3.3162
-3.3165
-3.31605
-3.3171
-3.31786
-3.31771
-3.31756
-3.31695
-3.3168
-3.31634
-3.31498
-3.31604
-3.31635
-3.31711
-3.31756
-3.31832
-3.31877
-3.31892
-3.31998
-3.32043
-3.32149
-3.32224
-3.32103
-3.31982
-3.31861
-3.31816
-3.3177
-3.31679
-3.31634
-3.31695
-3.3171
-3.3168
-3.31696
-3.31771
-3.31681
-3.31575
-3.31574
-3.3162
-3.31604
-3.31665
-3.31604
-3.31649
-3.31725
-3.31604
-3.3165
-3.31665
-3.31665
-3.31755
-3.31755
-3.31679
-3.31725
-3.31785
-3.3174
-3.31801
-3.31665
-3.31665
-3.3162
-3.31665
-3.31726
-3.31741
-3.3168
-3.3168
-3.31695
-3.31695
-3.31785
-3.31815
-3.3183
-3.31891
-3.318
-3.3174
-3.31846
-3.31907
-3.31937
-3.32012
-3.31982
-3.31922
-3.31952
-3.31967
-3.31952
-3.31997
-3.32088
-3.32088
-3.31967
-3.31936
-3.32012
-3.31982
-3.31937
-3.31816
-3.31922
-3.31846
-3.31846
-3.31967
-3.31846
-3.31756
-3.31831
-3.31831
-3.31831
-3.31861
-3.31982
-3.31906
-3.31892
-3.32058
-3.32119
-3.32164
-3.32073
-3.31967
-3.31921
-3.31967
-3.31922
-3.31862
-3.31801
-3.31847
-3.31801
-3.31876
-3.31967
-3.32133
-3.32117
-3.32132
-3.31997
-3.32012
-3.32164
-3.32058
-3.32028
-3.31877
-3.31892
-3.31877
-3.31756
-3.3171
-3.31664
-3.31574
-3.31574
-3.31513
-3.31589
-3.31574
-3.3165
-3.31589
-3.3162
-3.3171
-3.31665
-3.3165
-3.3168
-3.31605
-3.31604
-3.31529
-3.31589
-3.31619
-3.31589
-3.31619
-3.31559
-3.31453
-3.31574
-3.31619
-3.31725
-3.31786
-3.31786
-3.31786
-3.31846
-3.3171
-3.31726
-3.3171
-3.31635
-3.3174
-3.31815
-3.318
-3.3177
-3.31845
-3.318
-3.318
-3.3183
-3.31951
-3.32042
-3.32027
-3.31967
-3.31922
-3.31861
-3.3183
-3.318
-3.3186
-3.318
-3.31739
-3.31709
-3.31664
-3.31664
-3.31588
-3.31694
-3.31785
-3.31785
-3.3174
-3.31695
-3.3177
-3.318
-3.3177
-3.31694
-3.31619
-3.31604
-3.3174
-3.31785
-3.31815
-3.3189
-3.32026
-3.32072
-3.32072
-3.32087
-3.32057
-3.31982
-3.32042
-3.32012
-3.31951
-3.31891
-3.31936
-3.3186
-3.3186
-3.31966
-3.31936
-3.3189
-3.31951
-3.31996
-3.31966
-3.32011
-3.3192
-3.31845
-3.31981
-3.31981
-3.31966
-3.31921
-3.31861
-3.318
-3.3174
-3.31709
-3.318
-3.31739
-3.318
-3.318
-3.31951
-3.31799
-3.3189
-3.31905
-3.31905
-3.3198
-3.32026
-3.31951
-3.32042
-3.32011
-3.32027
-3.31981
-3.31921
-3.31921
-3.31981
-3.31997
-3.32042
-3.32042
-3.31981
-3.31905
-3.32056
-3.32071
-3.3198
-3.32026
-3.31965
-3.32056
-3.32056
-3.32072
-3.31996
-3.31936
-3.31906
-3.31936
-3.31936
-3.32041
-3.32072
-3.32072
-3.32072
-3.32087
-3.32026
-3.32042
-3.32117
-3.32132
-3.32178
-3.32148
-3.32238
-3.32313
-3.32328
-3.32238
-3.32178
-3.32208
-3.32208
-3.32238
-3.32283
-3.32223
-3.32208
-3.32223
-3.32238
-3.32147
-3.32117
-3.32026
-3.31996
-3.32027
-3.32087
-3.32178
-3.32208
-3.32178
-3.32284
-3.32299
-3.32314
-3.32359
-3.32268
-3.32268
-3.32268
-3.32178
-3.32178
-3.32178
-3.32178
-3.32224
-3.32193
-3.32163
-3.32163
-3.32057
-3.32087
-3.32132
-3.3192
-3.31905
-3.31981
-3.32133
-3.32057
-3.32027
-3.31997
-3.32223
-3.32223
-3.32208
-3.32223
-3.32132
-3.32026
-3.32102
-3.32072
-3.32163
-3.32117
-3.32042
-3.32087
-3.32087
-3.31921
-3.31951
-3.31951
-3.31936
-3.31891
-3.31967
-3.31952
-3.31891
-3.31785
-3.31755
-3.3174
-3.3171
-3.31664
-3.31725
-3.31755
-3.31755
-3.318
-3.31739
-3.31739
-3.31633
-3.31558
-3.31437
-3.31558
-3.31573
-3.31649
-3.31664
-3.31619
-3.31725
-3.31649
-3.3174
-3.3174
-3.3177
-3.3171
-3.31604
-3.31649
-3.31679
-3.3171
-3.31725
-3.3171
-3.31634
-3.31755
-3.318
-3.31846
-3.31907
-3.32058
-3.32042
-3.31997
-3.31982
-3.32042
-3.32027
-3.32027
-3.32057
-3.32148
-3.32148
-3.32148
-3.32087
-3.32133
-3.32072
-3.32042
-3.32087
-3.32027
-3.32088
-3.32088
-3.31982
-3.32043
-3.32043
-3.32028
-3.32088
-3.31876
-3.31845
-3.3192
-3.3186
-3.31936
-3.32027
-3.32028
-3.32074
-3.32043
-3.31952
-3.31982
-3.32027
-3.32012
-3.31891
-3.31876
-3.31786
-3.31861
-3.31801
-3.31786
-3.31756
-3.31665
-3.3174
-3.31695
-3.31649
-3.3168
-3.31756
-3.31681
-3.31741
-3.31726
-3.31801
-3.31619
-3.31694
-3.3183
-3.3183
-3.3174
-3.3177
-3.31649
-3.31529
-3.31559
-3.3156
-3.31499
-3.31469
-3.31453
-3.31393
-3.31453
-3.31362
-3.31408
-3.31408
-3.31393
-3.31317
-3.31332
-3.31468
-3.31513
-3.31604
-3.31604
-3.31619
-3.31649
-3.3174
-3.31695
-3.3159
-3.3162
-3.31605
-3.3165
-3.31665
-3.3171
-3.31725
-3.31725
-3.3183
-3.3186
-3.318
-3.31784
-3.31724
-3.31679
-3.31694
-3.31679
-3.31725
-3.3174
-3.31695
-3.31786
-3.31846
-3.31816
-3.31815
-3.318
-3.3171
-3.31619
-3.3168
-3.31589
-3.31438
-3.31483
-3.31694
-3.3174
-3.31695
-3.31694
-3.31724
-3.31724
-3.31754
-3.3177
-3.3177
-3.31695
-3.3177
-3.31725
-3.31664
-3.31513
-3.31679
-3.31695
-3.31755
-3.3168
-3.3165
-3.31665
-3.31619
-3.31558
-3.31498
-3.31558
-3.31558
-3.31619
-3.31589
-3.31589
-3.31574
-3.31619
-3.31664
-3.31618
-3.31649
-3.31603
-3.31694
-3.31724
-3.31694
-3.31739
-3.31724
-3.31739
-3.31876
-3.31967
-3.32012
-3.31982
-3.32042
-3.32042
-3.32087
-3.32042
-3.32011
-3.31935
-3.3192
-3.3195
-3.31936
-3.31875
-3.31936
-3.31981
-3.32072
-3.32162
-3.32193
-3.32193
-3.32193
-3.32223
-3.32178
-3.32102
-3.32057
-3.32057
-3.32087
-3.32072
-3.32102
-3.32057
-3.32042
-3.31936
-3.31966
-3.31936
-3.31966
-3.31952
-3.31967
-3.31891
-3.31906
-3.31785
-3.31876
-3.31891
-3.31876
-3.31876
-3.31936
-3.32012
-3.32027
-3.32041
-3.32071
-3.32011
-3.32086
-3.32056
-3.32011
-3.32072
-3.32117
-3.32223
-3.32193
-3.32208
-3.32118
-3.32223
-3.32299
-3.32238
-3.32162
-3.32102
-3.32086
-3.31996
-3.32056
-3.32072
-3.32147
-3.32177
-3.32208
-3.32238
-3.32359
-3.32313
-3.32298
-3.32208
-3.32162
-3.32117
-3.32147
-3.32193
-3.32223
-3.32162
-3.32147
-3.32132
-3.32162
-3.32011
-3.31995
-3.32026
-3.32072
-3.32041
-3.31966
-3.31951
-3.31981
-3.3189
-3.31875
-3.31874
-3.3192
-3.31859
-3.31738
-3.31784
-3.31799
-3.31678
-3.31754
-3.31679
-3.31694
-3.31799
-3.31724
-3.31769
-3.31875
-3.3189
-3.3186
-3.3186
-3.31814
-3.3186
-3.31845
-3.31875
-3.31966
-3.3189
-3.31905
-3.31889
-3.31875
-3.31845
-3.31845
-3.31875
-3.31936
-3.31936
-3.32011
-3.32057
-3.32011
-3.31966
-3.3192
-3.31845
-3.31875
-3.31935
-3.3195
-3.31874
-3.31875
-3.3183
-3.31845
-3.31709
-3.31754
-3.31679
-3.31634
-3.31588
-3.31588
-3.31679
-3.31648
-3.31648
-3.31603
-3.31512
-3.31588
-3.31452
-3.31422
-3.31331
-3.31226
-3.3121
-3.31165
-3.31134
-3.31119
-3.3118
-3.3121
-3.31316
-3.31286
-3.3121
-3.31271
-3.31271
-3.31195
-3.3115
-3.31241
-3.31331
-3.31376
-3.31376
-3.31376
-3.31406
-3.31376
-3.31482
-3.31573
-3.31603
-3.31663
-3.31724
-3.31633
-3.31588
-3.31512
-3.31467
-3.31346
-3.31391
-3.31391
-3.31316
-3.31285
-3.3121
-3.31315
-3.31346
-3.31331
-3.31361
-3.31422
-3.31467
-3.31392
-3.31422
-3.31437
-3.31467
-3.31421
-3.31436
-3.31376
-3.31316
-3.31406
-3.31512
-3.31466
-3.31391
-3.31436
-3.31482
-3.31497
-3.31573
-3.31573
-3.31467
-3.31512
-3.31557
-3.31573
-3.31708
-3.31618
-3.31587
-3.31436
-3.31497
-3.31512
-3.31572
-3.31648
-3.31769
-3.31799
-3.31844
-3.31844
-3.31708
-3.31784
-3.31784
-3.31754
-3.31648
-3.31693
-3.31678
-3.31769
-3.31617
-3.31693
-3.31647
-3.31542
-3.31527
-3.31482
-3.31527
-3.31543
-3.31512
-3.31422
-3.31407
-3.31392
-3.31392
-3.31392
-3.31407
-3.31437
-3.31407
-3.31497
-3.31467
-3.31497
-3.31467
-3.31513
-3.31467
-3.31528
-3.31467
-3.31527
-3.31542
-3.31618
-3.31588
-3.31679
-3.31604
-3.31604
-3.31619
-3.31603
-3.31633
-3.31558
-3.31558
-3.31467
-3.31422
-3.31513
-3.31483
-3.31498
-3.31483
-3.31483
-3.31589
-3.31528
-3.31527
-3.31648
-3.31678
-3.31633
-3.31588
-3.31604
-3.31634
-3.31649
-3.31559
-3.31559
-3.31755
-3.31634
-3.31679
-3.31664
-3.31664
-3.31603
-3.31724
-3.31724
-3.31754
-3.3177
-3.318
-3.31876
-3.3183
-3.31815
-3.3186
-3.31784
-3.31784
-3.3183
-3.3186
-3.31754
-3.31694
-3.31815
-3.3186
-3.31845
-3.3186
-3.318
-3.31861
-3.31936
-3.32012
-3.31967
-3.31997
-3.31951
-3.31905
-3.31951
-3.31981
-3.31966
-3.32057
-3.32057
-3.32027
-3.31966
-3.31921
-3.3192
-3.31996
-3.3189
-3.3189
-3.31936
-3.31845
-3.3186
-3.3186
-3.31876
-3.31876
-3.3186
-3.31785
-3.31739
-3.31709
-3.31769
-3.31785
-3.31649
-3.31634
-3.31725
-3.31724
-3.31739
-3.3177
-3.31785
-3.3177
-3.31785
-3.31845
-3.31755
-3.31815
-3.3177
-3.31695
-3.31664
-3.31589
-3.31528
-3.31558
-3.31528
-3.31588
-3.31664
-3.31769
-3.31664
-3.31694
-3.31634
-3.31649
-3.31574
-3.31634
-3.3171
-3.31755
-3.31755
-3.31754
-3.31785
-3.31769
-3.318
-3.31754
-3.31815
-3.31815
-3.31876
-3.31906
-3.31937
-3.31785
-3.31815
-3.31861
-3.3186
-3.3192
-3.31951
-3.3186
-3.31814
-3.31784
-3.3183
-3.31875
-3.31876
-3.31997
-3.31996
-3.31996
-3.3189
-3.31966
-3.31996
-3.32041
-3.32132
-3.32162
-3.32056
-3.31996
-3.31996
-3.31996
-3.32026
-3.32072
-3.32042
-3.32102
-3.32162
-3.32162
-3.32207
-3.32147
-3.32086
-3.32086
-3.32086
-3.32011
-3.3198
-3.31905
-3.31875
-3.3186
-3.31875
-3.31905
-3.31965
-3.31996
-3.31965
-3.31935
-3.32026
-3.31996
-3.3195
-3.31935
-3.3186
-3.31769
-3.31769
-3.31784
-3.31844
-3.31799
-3.31815
-3.31815
-3.31905
-3.3183
-3.3183
-3.3183
-3.31815
-3.3183
-3.31875
-3.31935
-3.3189
-3.31784
-3.31769
-3.31739
-3.31769
-3.31799
-3.31845
-3.3189
-3.31951
-3.32026
-3.32056
-3.32086
-3.32147
-3.32056
-3.32102
-3.32087
-3.32102
-3.32193
-3.32223
-3.32298
-3.32298
-3.32358
-3.32388
-3.32252
-3.32177
-3.32207
-3.32146
-3.32177
-3.32176
-3.32237
-3.32177
-3.32161
-3.32222
-3.32222
-3.32191
-3.32161
-3.32221
-3.32161
-3.32145
-3.32206
-3.32251
-3.32267
-3.32222
-3.32176
-3.32207
-3.32207
-3.32116
-3.32041
-3.32026
-3.31995
-3.31844
-3.31814
-3.31859
-3.31889
-3.31798
-3.31632
-3.31677
-3.31738
-3.31723
-3.31707
-3.31783
-3.31829
-3.31829
-3.31799
-3.31889
-3.31935
-3.31965
-3.3192
-3.31905
-3.31889
-3.31919
-3.31783
-3.31692
-3.31814
-3.31723
-3.31739
-3.31724
-3.31557
-3.31648
-3.31678
-3.31647
-3.31572
-3.31677
-3.31677
-3.31692
-3.31678
-3.31648
-3.31557
-3.31512
-3.31527
-3.31512
-3.31542
-3.31451
-3.31526
-3.31541
-3.31602
-3.31647
-3.31541
-3.31436
-3.31421
-3.31451
-3.31573
-3.31527
-3.31527
-3.31558
-3.31678
-3.31769
-3.31633
-3.31678
-3.31769
-3.31844
-3.31859
-3.31905
-3.31875
-3.31829
-3.31663
-3.31663
-3.31708
-3.31829
-3.31844
-3.31753
-3.31769
-3.31814
-3.31784
-3.31739
-3.31708
-3.31663
-3.31633
-3.31542
-3.31542
-3.31587
-3.31587
-3.31618
-3.31678
-3.31738
-3.31753
-3.31738
-3.31677
-3.31708
-3.31768
-3.31859
-3.31814
-3.31829
-3.31708
-3.31799
-3.31723
-3.31663
-3.31648
-3.31587
-3.31663
-3.31527
-3.31496
-3.31451
-3.31436
-3.31375
-3.31285
-3.31315
-3.3136
-3.3139
-3.3136
-3.31436
-3.31436
-3.31345
-3.31346
-3.31466
-3.3133
-3.3127
-3.313
-3.31375
-3.31421
-3.31511
-3.31421
-3.31436
-3.31436
-3.31451
-3.3142
-3.31435
-3.31496
-3.31571
-3.31617
-3.31496
-3.31602
-3.31572
-3.31557
-3.31571
-3.31526
-3.31405
-3.31511
-3.31511
-3.31526
-3.31481
-3.31511
-3.31542
-3.31527
-3.31497
-3.31497
-3.31512
-3.31542
-3.31587
-3.31663
-3.31678
-3.31708
-3.31783
-3.31737
-3.31632
-3.31617
-3.31572
-3.31587
-3.31526
-3.31496
-3.3145
-3.3133
-3.3136
-3.3139
-3.3133
-3.3139
-3.31315
-3.3136
-3.3133
-3.3124
-3.31209
-3.3127
-3.3127
-3.31239
-3.31285
-3.31209
-3.31254
-3.31284
-3.31163
-3.31164
-3.3133
-3.31466
-3.31541
-3.31451
-3.3142
-3.31436
-3.31466
-3.31496
-3.31481
-3.31496
-3.31556
-3.31496
-3.31617
-3.31678
-3.31678
-3.31588
-3.31588
-3.31573
-3.31588
-3.31481
-3.31421
-3.31435
-3.31405
-3.31435
-3.31405
-3.31405
-3.3136
-3.31376
-3.31361
-3.31391
-3.31421
-3.31452
-3.31482
-3.31512
-3.31572
-3.31632
-3.31632
-3.31647
-3.31572
-3.31587
-3.31542
-3.31527
-3.31512
-3.31481
-3.31497
-3.31376
-3.31437
-3.31542
-3.31361
-3.31391
-3.31421
-3.31512
-3.31511
-3.31496
-3.31556
-3.31617
-3.31542
-3.31497
-3.31587
-3.31572
-3.31527
-3.31542
-3.31572
-3.31603
-3.31497
-3.31467
-3.31482
-3.31406
-3.31391
-3.31497
-3.31452
-3.31376
-3.31375
-3.31285
-3.31315
-3.31255
-3.31376
-3.31467
-3.31421
-3.31391
-3.31361
-3.31406
-3.31497
-3.31572
-3.31618
-3.31588
-3.31588
-3.31603
-3.31542
-3.31512
-3.31436
-3.31466
-3.31497
-3.31542
-3.31557
-3.31557
-3.31588
-3.31542
-3.31603
-3.31557
-3.31557
-3.31587
-3.31572
-3.31723
-3.31784
-3.31679
-3.31664
-3.31679
-3.31739
-3.31769
-3.31648
-3.31648
-3.31633
-3.31693
-3.31784
-3.3177
-3.31815
-3.31891
-3.31921
-3.3189
-3.31815
-3.31815
-3.31739
-3.31648
-3.31511
-3.31481
-3.31436
-3.31482
-3.31573
-3.31573
-3.31543
-3.31513
-3.31528
-3.31528
-3.31648
-3.31724
-3.31739
-3.31694
-3.31694
-3.3183
-3.31829
-3.3189
-3.31905
-3.31814
-3.3192
-3.31935
-3.32116
-3.32252
-3.32267
-3.32207
-3.32176
-3.32176
-3.32191
-3.32025
-3.3204
-3.32056
-3.31935
-3.3198
-3.31965
-3.3198
-3.31965
-3.32056
-3.3201
-3.32086
-3.32071
-3.32086
-3.32117
-3.32102
-3.32011
-3.32087
-3.32026
-3.31981
-3.32041
-3.32056
-3.3201
-3.3189
-3.31996
-3.31966
-3.31951
-3.31951
-3.3192
-3.31784
-3.31678
-3.31724
-3.31769
-3.31845
-3.31966
-3.31906
-3.3192
-3.3195
-3.3192
-3.31965
-3.31995
-3.31996
-3.32056
-3.32056
-3.31981
-3.31981
-3.31951
-3.3189
-3.3192
-3.3183
-3.31905
-3.3186
-3.3183
-3.31876
-3.31815
-3.31739
-3.31694
-3.31618
-3.31513
-3.31528
-3.31528
-3.31573
-3.31604
-3.31649
-3.31754
-3.3186
-3.3183
-3.32011
-3.32147
-3.32087
-3.32041
-3.31981
-3.31951
-3.32012
-3.31951
-3.31785
-3.31739
-3.31754
-3.31799
-3.31844
-3.31859
-3.31845
-3.318
-3.3186
-3.31815
-3.3183
-3.31875
-3.3183
-3.31663
-3.31769
-3.31769
-3.31618
-3.31709
-3.31542
-3.31618
-3.31512
-3.31467
-3.31482
-3.31482
-3.31497
-3.31557
-3.31587
-3.31572
-3.31512
-3.31437
-3.31452
-3.31512
-3.31603
-3.31602
-3.31602
-3.31587
-3.31542
-3.31603
-3.31588
-3.31603
-3.31588
-3.31588
-3.31557
-3.31572
-3.31527
-3.31436
-3.31451
-3.31436
-3.31391
-3.31406
-3.31437
-3.31421
-3.31451
-3.31482
-3.31527
-3.31452
-3.31467
-3.31648
-3.31633
-3.31678
-3.31618
-3.31648
-3.31739
-3.31603
-3.31724
-3.31739
-3.31618
-3.31573
-3.31558
-3.31573
-3.31618
-3.31572
-3.31618
-3.31663
-3.31617
-3.31572
-3.31572
-3.31572
-3.31573
-3.31588
-3.31633
-3.31739
-3.31875
-3.31829
-3.31814
-3.31995
-3.3186
-3.3186
-3.31769
-3.3183
-3.318
-3.31724
-3.31769
-3.318
-3.31815
-3.31814
-3.31754
-3.31739
-3.31799
-3.3189
-3.3183
-3.31799
-3.31936
-3.31936
-3.31951
-3.31921
-3.31861
-3.31785
-3.3177
-3.31861
-3.31861
-3.31846
-3.31815
-3.3177
-3.31785
-3.31785
-3.318
-3.318
-3.31845
-3.31905
-3.3192
-3.31981
-3.3192
-3.31906
-3.31861
-3.3183
-3.31861
-3.3183
-3.31815
-3.31906
-3.31876
-3.31876
-3.31876
-3.31815
-3.31891
-3.3183
-3.31709
-3.31664
-3.31679
-3.31528
-3.31558
-3.31528
-3.31452
-3.31543
-3.31528
-3.31619
-3.31619
-3.31725
-3.31831
-3.31906
-3.32011
-3.3189
-3.31875
-3.31739
-3.318
-3.31755
-3.31769
-3.31679
-3.31543
-3.31437
-3.31437
-3.31422
-3.31407
-3.31423
-3.31362
-3.31423
-3.31498
-3.31407
-3.31498
-3.31619
-3.31589
-3.31679
-3.3177
-3.3177
-3.31846
-3.31982
-3.32042
-3.32027
-3.32087
-3.32147
-3.32193
-3.32072
-3.31966
-3.31921
-3.31936
-3.3189
-3.31785
-3.31664
-3.31649
-3.31664
-3.31679
-3.31648
-3.31618
-3.31543
-3.31543
-3.31512
-3.31573
-3.31543
-3.31604
-3.31558
-3.31453
-3.31529
-3.31544
-3.31604
-3.31573
-3.31602
-3.31557
-3.31587
-3.31527
-3.31437
-3.31468
-3.31604
-3.31574
-3.31574
-3.31589
-3.3168
-3.31634
-3.3165
-3.31589
-3.31559
-3.31407
-3.31392
-3.31377
-3.31377
-3.31391
-3.31376
-3.31407
-3.31346
-3.31377
-3.31467
-3.31407
-3.31377
-3.31392
-3.31483
-3.31513
-3.31468
-3.31423
-3.31408
-3.31377
-3.31362
-3.31316
-3.31346
-3.31165
-3.31195
-3.31135
-3.3112
-3.31166
-3.31196
-3.31196
-3.31196
-3.31226
-3.31241
-3.31196
-3.31196
-3.31135
-3.31075
-3.31105
-3.3115
-3.31105
-3.31135
-3.31226
-3.31211
-3.31196
-3.31226
-3.31151
-3.31151
-3.31271
-3.31302
-3.31362
-3.31407
-3.31256
-3.31287
-3.31438
-3.31513
-3.31543
-3.31468
-3.31604
-3.31709
-3.31649
-3.31543
-3.31498
-3.31649
-3.31679
-3.31634
-3.31649
-3.31664
-3.31649
-3.3177
-3.31846
-3.31831
-3.31907
-3.31921
-3.31936
-3.3183
-3.318
-3.318
-3.31755
-3.31815
-3.31755
-3.31724
-3.31754
-3.31784
-3.318
-3.318
-3.3177
-3.31845
-3.31876
-3.31921
-3.31951
-3.32027
-3.31997
-3.32072
-3.32178
-3.32254
-3.32224
-3.32239
-3.32239
-3.32193
-3.32088
-3.32118
-3.32209
-3.32284
-3.32299
-3.32419
-3.32404
-3.32374
-3.32359
-3.32299
-3.32299
-3.3236
-3.32405
-3.32315
-3.32314
-3.32209
-3.32208
-3.32087
-3.32012
-3.32027
-3.32027
-3.31967
-3.32073
-3.32118
-3.32057
-3.31936
-3.31906
-3.31876
-3.31921
-3.31951
-3.31936
-3.31876
-3.31891
-3.31967
-3.32012
-3.31876
-3.31922
-3.31997
-3.31996
-3.31981
-3.31981
-3.32103
-3.32088
-3.32164
-3.32224
-3.32179
-3.32088
-3.32073
-3.32058
-3.32118
-3.31982
-3.32013
-3.32149
-3.32179
-3.32073
-3.32224
-3.32164
-3.32073
-3.32057
-3.32057
-3.32133
-3.32209
-3.32194
-3.3221
-3.32104
-3.3221
-3.32134
-3.32089
-3.32073
-3.32088
-3.32028
-3.31937
-3.31907
-3.31952
-3.31937
-3.31907
-3.32028
-3.31907
-3.31922
-3.31801
-3.31907
-3.31922
-3.31877
-3.31968
-3.31953
-3.31862
-3.31847
-3.31907
-3.32013
-3.32088
-3.32088
-3.32042
-3.32088
-3.32027
-3.31952
-3.31982
-3.31937
-3.31922
-3.31892
-3.31802
-3.31786
-3.31786
-3.31801
-3.31726
-3.31741
-3.31756
-3.31741
-3.3165
-3.3162
-3.3162
-3.31681
-3.31575
-3.31575
-3.31544
-3.31544
-3.31468
-3.31544
-3.31589
-3.31604
-3.31559
-3.31529
-3.31605
-3.31665
-3.31635
-3.31681
-3.31741
-3.31756
-3.31801
-3.31816
-3.31846
-3.31816
-3.31801
-3.31786
-3.31741
-3.31756
-3.31665
-3.31756
-3.31771
-3.31816
-3.31892
-3.31877
-3.31771
-3.31695
-3.31816
-3.31801
-3.31756
-3.31786
-3.31771
-3.31696
-3.31696
-3.31786
-3.31741
-3.31816
-3.31846
-3.31907
-3.31861
-3.31892
-3.31892
-3.31817
-3.31847
-3.31968
-3.31983
-3.31817
-3.31817
-3.31832
-3.31907
-3.31877
-3.31892
-3.31983
-3.31892
-3.31862
-3.31741
-3.31725
-3.3165
-3.31665
-3.31514
-3.31438
-3.31408
-3.31408
-3.31499
-3.31575
-3.31514
-3.31575
-3.31635
-3.3159
-3.3162
-3.3153
-3.31605
-3.3162
-3.31544
-3.31559
-3.31604
-3.3165
-3.31771
-3.31801
-3.31801
-3.31816
-3.31695
-3.3171
-3.3177
-3.31816
-3.31801
-3.31755
-3.31801
-3.3171
-3.31771
-3.31862
-3.31832
-3.31877
-3.31787
-3.31847
-3.31801
-3.3171
-3.31695
-3.31695
-3.31664
-3.31604
-3.31544
-3.31574
-3.31635
-3.3162
-3.3165
-3.3162
-3.31574
-3.31589
-3.31513
-3.31438
-3.31423
-3.31333
-3.31348
-3.31242
-3.31348
-3.31363
-3.31438
-3.31393
-3.31393
-3.31363
-3.31393
-3.31408
-3.31499
-3.31408
-3.31393
-3.31348
-3.31272
-3.31378
-3.31363
-3.31317
-3.31423
-3.31453
-3.31514
-3.31438
-3.31302
-3.31393
-3.31438
-3.31408
-3.31453
-3.31363
-3.31468
-3.31529
-3.31574
-3.31574
-3.31544
-3.31604
-3.31589
-3.31589
-3.31484
-3.31423
-3.31423
-3.31378
-3.31363
-3.31378
-3.31242
-3.31317
-3.31484
-3.31514
-3.31544
-3.31589
-3.3168
-3.3168
-3.3168
-3.31619
-3.3168
-3.31665
-3.31726
-3.31831
-3.31877
-3.31907
-3.31892
-3.31831
-3.31801
-3.31892
-3.31922
-3.32043
-3.31907
-3.31922
-3.31877
-3.31846
-3.3174
-3.31846
-3.31815
-3.31846
-3.31861
-3.31846
-3.31846
-3.31801
-3.31816
-3.3168
-3.31696
-3.31635
-3.31635
-3.3159
-3.3165
-3.31665
-3.31665
-3.31635
-3.3165
-3.31695
-3.3162
-3.31544
-3.31559
-3.31575
-3.3153
-3.31348
-3.31409
-3.31439
-3.31454
-3.31514
-3.31453
-3.31574
-3.31544
-3.31499
-3.31529
-3.31544
-3.3159
-3.3162
-3.31756
-3.31756
-3.31756
-3.31666
-3.31711
-3.31575
-3.31469
-3.31589
-3.31468
-3.31453
-3.31605
-3.31605
-3.31605
-3.3162
-3.31499
-3.31484
-3.31469
-3.31514
-3.31424
-3.31454
-3.31348
-3.31333
-3.31409
-3.31439
-3.31363
-3.31378
-3.31408
-3.31438
-3.31514
-3.31604
-3.3165
-3.3168
-3.3168
-3.3168
-3.31665
-3.31771
-3.31695
-3.3171
-3.31831
-3.31801
-3.3174
-3.31756
-3.31756
-3.31756
-3.31726
-3.31786
-3.31771
-3.31696
-3.31771
-3.31726
-3.31801
-3.31862
-3.31892
-3.31907
-3.31861
-3.3171
-3.31801
-3.31876
-3.31846
-3.31921
-3.31831
-3.32042
-3.31982
-3.31937
-3.31922
-3.32013
-3.32104
-3.32089
-3.31923
-3.31817
-3.31892
-3.31786
-3.31786
-3.31725
-3.31785
-3.31695
-3.31695
-3.3168
-3.31725
-3.3168
-3.31695
-3.3177
-3.31756
-3.31695
-3.3159
-3.3171
-3.31726
-3.31756
-3.31771
-3.31876
-3.31786
-3.31876
-3.31922
-3.31967
-3.31982
-3.31967
-3.31816
-3.3171
-3.3177
-3.31755
-3.31634
-3.31695
-3.31574
-3.31574
-3.31544
-3.31484
-3.31423
-3.31348
-3.31287
-3.31256
-3.31271
-3.31302
-3.31286
-3.31377
-3.31453
-3.31513
-3.31573
-3.31589
-3.31589
-3.31634
-3.3165
-3.31559
-3.31499
-3.31575
-3.31454
-3.31424
-3.31378
-3.31408
-3.31392
-3.31377
-3.31286
-3.31287
-3.31333
-3.31288
-3.31363
-3.31318
-3.31242
-3.31106
-3.31076
-3.30985
-3.30895
-3.30804
-3.30728
-3.30698
-3.30773
-3.30878
-3.30908
-3.30969
-3.30999
-3.31151
-3.31151
-3.31182
-3.31288
-3.31439
-3.31484
-3.31514
-3.31468
-3.31453
-3.31438
-3.31499
-3.31453
-3.31484
-3.31438
-3.31453
-3.31468
-3.31468
-3.31408
-3.31362
-3.31378
-3.31423
-3.31468
-3.31559
-3.31559
-3.31589
-3.31544
-3.31605
-3.31665
-3.3162
-3.31786
-3.31786
-3.31801
-3.31831
-3.31861
-3.3183
-3.31785
-3.31785
-3.31664
-3.3171
-3.31801
-3.31771
-3.31635
-3.3168
-3.3171
-3.31771
-3.3171
-3.31695
-3.31665
-3.31665
-3.31665
-3.3168
-3.31619
-3.31589
-3.31528
-3.31483
-3.31438
-3.31574
-3.3165
-3.31695
-3.31756
-3.31786
-3.3168
-3.3168
-3.31741
-3.31741
-3.31635
-3.31605
-3.31529
-3.31483
-3.31392
-3.31453
-3.31528
-3.31558
-3.31543
-3.31619
-3.31529
-3.31483
-3.31468
-3.31529
-3.31544
-3.31363
-3.31302
-3.31287
-3.31272
-3.31257
-3.31227
-3.31242
-3.31287
-3.31438
-3.31528
-3.31482
-3.31437
-3.31468
-3.31559
-3.31544
-3.3165
-3.3165
-3.31635
-3.31604
-3.3168
-3.3168
-3.31755
-3.31771
-3.31831
-3.31816
-3.31755
-3.3171
-3.31816
-3.31846
-3.31876
-3.31831
-3.31709
-3.31725
-3.31619
-3.31664
-3.31634
-3.31635
-3.31589
-3.31559
-3.31544
-3.31559
-3.31498
-3.31498
-3.31422
-3.31362
-3.31408
-3.31544
-3.31589
-3.3162
-3.31619
-3.3168
-3.31634
-3.31588
-3.31588
-3.31588
-3.31679
-3.31725
-3.31725
-3.31665
-3.31634
-3.31604
-3.31649
-3.31634
-3.31559
-3.31619
-3.31544
-3.31604
-3.31559
-3.31498
-3.31529
-3.31574
-3.3168
-3.31635
-3.31559
-3.31574
-3.31484
-3.31559
-3.31559
-3.31544
-3.31544
-3.31514
-3.31453
-3.31468
-3.31438
-3.31438
-3.31498
-3.31574
-3.31619
-3.31589
-3.3165
-3.31589
-3.31635
-3.31574
-3.31483
-3.31332
-3.31287
-3.31332
-3.31317
-3.31272
-3.31257
-3.31197
-3.31227
-3.31242
-3.31317
-3.31272
-3.31302
-3.31438
-3.31513
-3.31649
-3.31695
-3.31695
-3.3171
-3.31771
-3.31847
-3.31786
-3.31786
-3.31786
-3.3171
-3.31664
-3.31694
-3.31649
-3.318
-3.31891
-3.31937
-3.31892
-3.31952
-3.32043
-3.31937
-3.31875
-3.31815
-3.3177
-3.31725
-3.31846
-3.31861
-3.31861
-3.31815
-3.31846
-3.31785
-3.31785
-3.3174
-3.31695
-3.3168
-3.31649
-3.3171
-3.31815
-3.3177
-3.31755
-3.31709
-3.31634
-3.31619
-3.31634
-3.31664
-3.31725
-3.31695
-3.3177
-3.31831
-3.31816
-3.31906
-3.31816
-3.31831
-3.318
-3.3177
-3.31664
-3.31679
-3.3168
-3.31695
-3.3159
-3.3159
-3.3159
-3.31589
-3.31544
-3.31498
-3.31483
-3.31272
-3.31317
-3.31302
-3.31332
-3.31257
-3.31242
-3.31227
-3.31212
-3.31121
-3.31211
-3.31242
-3.31363
-3.31408
-3.31514
-3.31529
-3.3168
-3.31665
-3.31725
-3.31771
-3.31801
-3.31786
-3.31816
-3.3171
-3.31756
-3.31846
-3.31907
-3.31892
-3.31952
-3.31922
-3.31876
-3.31891
-3.31831
-3.31846
-3.31891
-3.31816
-3.31861
-3.31891
-3.31937
-3.31816
-3.31801
-3.31771
-3.3171
-3.3171
-3.31695
-3.3174
-3.3174
-3.3174
-3.31831
-3.31922
-3.31876
-3.31937
-3.31952
-3.31937
-3.31861
-3.31921
-3.31967
-3.32178
-3.32208
-3.32194
-3.32164
-3.32209
-3.3224
-3.32224
-3.32285
-3.32405
-3.32299
-3.32345
-3.3239
-3.32315
-3.32254
-3.32315
-3.32239
-3.32103
-3.32072
-3.32163
-3.32057
-3.31967
-3.31952
-3.31982
-3.31982
-3.31922
-3.31937
-3.31831
-3.3168
-3.3168
-3.31786
-3.31801
-3.31907
-3.31952
-3.31907
-3.31801
-3.31847
-3.31907
-3.31876
-3.31922
-3.31952
-3.31922
-3.31891
-3.31755
-3.3168
-3.3165
-3.31695
-3.31726
-3.31725
-3.3174
-3.31725
-3.3165
-3.3162
-3.3162
-3.31635
-3.31665
-3.31559
-3.31514
-3.31528
-3.31513
-3.31529
-3.31514
-3.31544
-3.3168
-3.31605
-3.31619
-3.31695
-3.31634
-3.31589
-3.31619
-3.31514
-3.31483
-3.31438
-3.31423
-3.31468
-3.31514
-3.31468
-3.31529
-3.31468
-3.31408
-3.31333
-3.31302
-3.31287
-3.31136
-3.31151
-3.31151
-3.31075
-3.31015
-3.31
-3.31016
-3.31046
-3.31016
-3.3103
-3.31166
-3.3115
-3.31226
-3.31181
-3.31287
-3.31333
-3.31348
-3.31408
-3.31514
-3.31635
-3.31604
-3.3171
-3.31726
-3.31801
-3.31801
-3.31696
-3.31635
-3.31514
-3.31514
-3.31544
-3.31665
-3.31665
-3.31634
-3.31604
-3.31665
-3.3162
-3.31544
-3.31424
-3.31454
-3.31378
-3.31363
-3.31393
-3.31469
-3.31559
-3.31574
-3.31635
-3.31786
-3.31816
-3.31726
-3.31695
-3.31801
-3.31756
-3.31862
-3.31877
-3.31786
-3.31771
-3.31665
-3.31695
-3.31725
-3.31801
-3.31786
-3.31771
-3.31772
-3.31772
-3.31772
-3.31787
-3.31938
-3.31847
-3.31922
-3.32042
-3.32027
-3.31982
-3.32043
-3.31862
-3.31787
-3.31681
-3.31696
-3.31757
-3.31757
-3.31756
-3.31726
-3.31741
-3.31831
-3.31891
-3.31816
-3.31741
-3.31802
-3.31636
-3.31636
-3.3156
-3.3156
-3.3162
-3.31635
-3.31634
-3.31559
-3.31695
-3.31725
-3.3168
-3.3168
-3.31756
-3.31681
-3.31666
-3.31741
-3.31756
-3.31786
-3.3177
-3.31694
-3.31739
-3.31709
-3.3174
-3.3171
-3.31711
-3.31635
-3.31711
-3.31665
-3.31756
-3.31695
-3.31725
-3.3171
-3.3171
-3.3168
-3.31695
-3.31605
-3.31574
-3.31423
-3.31544
-3.31695
-3.3174
-3.3174
-3.31649
-3.318
-3.31861
-3.31801
-3.31755
-3.31801
-3.31801
-3.3168
-3.3168
-3.3168
-3.31635
-3.31755
-3.31831
-3.31816
-3.31801
-3.31861
-3.31861
-3.31846
-3.31755
-3.31665
-3.31786
-3.3174
-3.31755
-3.3174
-3.31725
-3.31725
-3.3171
-3.3177
-3.31755
-3.31815
-3.31755
-3.31876
-3.31831
-3.31786
-3.31755
-3.3162
-3.31514
-3.31529
-3.31423
-3.31438
-3.31468
-3.31513
-3.31453
-3.31498
-3.31634
-3.31604
-3.31604
-3.31695
-3.31665
-3.31635
-3.31589
-3.31529
-3.31514
-3.31499
-3.31514
-3.31483
-3.31453
-3.31468
-3.31453
-3.31484
-3.31514
-3.3165
-3.3171
-3.31695
-3.3174
-3.3174
-3.31831
-3.31861
-3.31831
-3.31876
-3.31755
-3.31846
-3.31801
-3.3174
-3.3168
-3.31635
-3.31544
-3.3165
-3.31529
-3.31544
-3.31453
-3.31438
-3.31438
-3.31468
-3.31574
-3.31513
-3.31544
-3.31574
-3.31483
-3.31468
-3.3159
-3.3159
-3.31575
-3.31545
-3.31545
-3.3156
-3.31575
-3.31544
-3.31529
-3.31529
-3.31559
-3.31453
-3.31468
-3.31363
-3.31333
-3.31317
-3.31378
-3.31454
-3.31378
-3.31394
-3.31424
-3.31424
-3.31318
-3.31288
-3.31273
-3.31136
-3.31137
-3.31152
-3.31137
-3.31137
-3.31122
-3.31213
-3.31228
-3.31303
-3.31379
-3.31364
-3.31288
-3.31409
-3.31424
-3.31469
-3.31529
-3.31409
-3.31364
-3.31273
-3.31394
-3.31394
-3.31454
-3.31483
-3.31498
-3.31574
-3.3159
-3.31469
-3.31439
-3.3153
-3.31575
-3.31484
-3.3153
-3.31484
-3.31439
-3.31378
-3.31378
-3.31348
-3.31378
-3.31378
-3.31378
-3.31347
-3.31287
-3.31393
-3.31393
-3.31348
-3.31303
-3.31288
-3.31258
-3.31348
-3.31303
-3.31258
-3.31167
-3.31167
-3.31137
-3.31197
-3.31182
-3.31212
-3.31227
-3.31257
-3.31211
-3.31317
-3.31377
-3.31363
-3.31363
-3.31394
-3.31364
-3.31333
-3.31318
-3.31394
-3.3159
-3.31575
-3.3156
-3.31621
-3.31666
-3.31681
-3.31711
-3.31696
-3.31756
-3.31726
-3.31831
-3.31801
-3.31741
-3.31771
-3.31726
-3.31831
-3.31892
-3.31832
-3.31922
-3.31923
-3.31938
-3.31968
-3.31998
-3.31922
-3.32043
-3.32013
-3.32043
-3.32044
-3.31983
-3.31998
-3.31953
-3.31952
-3.31937
-3.31952
-3.31937
-3.31952
-3.31953
-3.31998
-3.32028
-3.32028
-3.32149
-3.32089
-3.3218
-3.32165
-3.32074
-3.32059
-3.32104
-3.32043
-3.31967
-3.32013
-3.31892
-3.31937
-3.31877
-3.31937
-3.31907
-3.31801
-3.31847
-3.31892
-3.31923
-3.31772
-3.31878
-3.31968
-3.32043
-3.31998
-3.31998
-3.32028
-3.31922
-3.31832
-3.31877
-3.32013
-3.31877
-3.31862
-3.31757
-3.31711
-3.31832
-3.31802
-3.31727
-3.31847
-3.31923
-3.31877
-3.31923
-3.31952
-3.31922
-3.32042
-3.32042
-3.32043
-3.32073
-3.31998
-3.31983
-3.32044
-3.32089
-3.32029
-3.32104
-3.32044
-3.32028
-3.31892
-3.31877
-3.31862
-3.31847
-3.31771
-3.31817
-3.31787
-3.31757
-3.31802
-3.31863
-3.31863
-3.31802
-3.31802
-3.31771
-3.31756
-3.31816
-3.31816
-3.31953
-3.31953
-3.31907
-3.31923
-3.31908
-3.31862
-3.31741
-3.31726
-3.31832
-3.31922
-3.31862
-3.31832
-3.31922
-3.31907
-3.31968
-3.31983
-3.32043
-3.31998
-3.31998
-3.31953
-3.31968
-3.31907
-3.31801
-3.31756
-3.31726
-3.31635
-3.3168
-3.31666
-3.31711
-3.31802
-3.31802
-3.31817
-3.31696
-3.31726
-3.3165
-3.31665
-3.3159
-3.3162
-3.3162
-3.31575
-3.31605
-3.31575
-3.31515
-3.31469
-3.31424
-3.31409
-3.31545
-3.3153
-3.31575
-3.31575
-3.31681
-3.31605
-3.31696
-3.31772
-3.31817
-3.31772
-3.31726
-3.31771
-3.31801
-3.31922
-3.32013
-3.31953
-3.31968
-3.31983
-3.32043
-3.32028
-3.31968
-3.31877
-3.31952
-3.32028
-3.31892
-3.31892
-3.31877
-3.31877
-3.32013
-3.32134
-3.32058
-3.31983
-3.31998
-3.31923
-3.31983
-3.31862
-3.31907
-3.31861
-3.31906
-3.31816
-3.31665
-3.31741
-3.31681
-3.31666
-3.3159
-3.31575
-3.3153
-3.31605
-3.3165
-3.31574
-3.31559
-3.31453
-3.31363
-3.31408
-3.31438
-3.31574
-3.31801
-3.31801
-3.31816
-3.31831
-3.31831
-3.31786
-3.31831
-3.31877
-3.31862
-3.31877
-3.31817
-3.31771
-3.31832
-3.31771
-3.31771
-3.31725
-3.3174
-3.3168
-3.31634
-3.31634
-3.31574
-3.31574
-3.31484
-3.31393
-3.31439
-3.31424
-3.31484
-3.31575
-3.31499
-3.31468
-3.31559
-3.31544
-3.31604
-3.3165
-3.3159
-3.3165
-3.31605
-3.31544
-3.31559
-3.31559
-3.31408
-3.31272
-3.31242
-3.31303
-3.31378
-3.31363
-3.31348
-3.31378
-3.31483
-3.31483
-3.31514
-3.3165
-3.31726
-3.31786
-3.31726
-3.31696
-3.31726
-3.31801
-3.31635
-3.31559
-3.3162
-3.31635
-3.3162
-3.31559
-3.31649
-3.31816
-3.31876
-3.31786
-3.31831
-3.31786
-3.31726
-3.31665
-3.3165
-3.31665
-3.31695
-3.31726
-3.3162
-3.3165
-3.31725
-3.3174
-3.31634
-3.31619
-3.31755
-3.3174
-3.3177
-3.3174
-3.31786
-3.31816
-3.3168
-3.31756
-3.31816
-3.31771
-3.31695
-3.318
-3.3177
-3.3186
-3.3183
-3.31936
-3.31936
-3.31831
-3.31846
-3.318
-3.31815
-3.31709
-3.31528
-3.31589
-3.31468
-3.31468
-3.31483
-3.31529
-3.31498
-3.31483
-3.31588
-3.31634
-3.31513
-3.31437
-3.31468
-3.31468
-3.31513
-3.31513
-3.31483
-3.31559
-3.31468
-3.31573
-3.31588
-3.31618
-3.31618
-3.31634
-3.31543
-3.31543
-3.31513
-3.31513
-3.31558
-3.31513
-3.31588
-3.31634
-3.31528
-3.31603
-3.31497
-3.31542
-3.31512
-3.31467
-3.31391
-3.31346
-3.31467
-3.31392
-3.31422
-3.31437
-3.31226
-3.31271
-3.31316
-3.3127
-3.3127
-3.31361
-3.31406
-3.31376
-3.31361
-3.31331
-3.31437
-3.31468
-3.31407
-3.31422
-3.31452
-3.31512
-3.31572
-3.31738
-3.31829
-3.3192
-3.31799
-3.31784
-3.31754
-3.31829
-3.31708
-3.31678
-3.31663
-3.31618
-3.31648
-3.31603
-3.31588
-3.31633
-3.31799
-3.31769
-3.31799
-3.31769
-3.31784
-3.31768
-3.31753
-3.31783
-3.31708
-3.31663
-3.31768
-3.31784
-3.31844
-3.31753
-3.31859
-3.31783
-3.31798
-3.31708
-3.31708
-3.31662
-3.31768
-3.31904
-3.32055
-3.3198
-3.3201
-3.32011
-3.3195
-3.3186
-3.31784
-3.31769
-3.31708
-3.31799
-3.31889
-3.31889
-3.31889
-3.31844
-3.31859
-3.31874
-3.31935
-3.31844
-3.31754
-3.31738
-3.31753
-3.31829
-3.31798
-3.31738
-3.31738
-3.31814
-3.31738
-3.31739
-3.3186
-3.31875
-3.31935
-3.31845
-3.3189
-3.3189
-3.31995
-3.32025
-3.321
-3.31979
-3.32009
-3.32039
-3.31979
-3.32055
-3.32041
-3.32056
-3.31996
-3.31965
-3.31935
-3.31996
-3.32041
-3.32071
-3.32056
-3.32026
-3.31996
-3.3195
-3.3198
-3.32071
-3.32025
-3.31995
-3.32026
-3.31874
-3.31784
-3.31814
-3.31693
-3.31723
-3.31647
-3.31662
-3.31677
-3.31602
-3.31663
-3.31663
-3.31663
-3.31588
-3.31633
-3.31573
-3.31618
-3.31754
-3.31754
-3.31814
-3.31799
-3.31829
-3.31844
-3.31844
-3.31905
-3.31936
-3.31981
-3.31951
-3.3195
-3.3195
-3.3201
-3.32056
-3.32025
-3.3198
-3.3198
-3.32011
-3.31951
-3.31921
-3.318
-3.3177
-3.3177
-3.31754
-3.31784
-3.31739
-3.31799
-3.31738
-3.31633
-3.31587
-3.31663
-3.31739
-3.31693
-3.31678
-3.31693
-3.31709
-3.31724
-3.31769
-3.31739
-3.31754
-3.31815
-3.31754
-3.31845
-3.31875
-3.31845
-3.31874
-3.31799
-3.31844
-3.31844
-3.31874
-3.31814
-3.31875
-3.31875
-3.31845
-3.31814
-3.31784
-3.31724
-3.31784
-3.31799
-3.31708
-3.31648
-3.31558
-3.31618
-3.31633
-3.31694
-3.31663
-3.31633
-3.31557
-3.31618
-3.31648
-3.31815
-3.31754
-3.31739
-3.31708
-3.31829
-3.31783
-3.31768
-3.31677
-3.31617
-3.31512
-3.31542
-3.31572
-3.31497
-3.31497
-3.31436
-3.31452
-3.31437
-3.31467
-3.31452
-3.31452
-3.31527
-3.31587
-3.31602
-3.31572
-3.31587
-3.31527
-3.31572
-3.31648
-3.31633
-3.31708
-3.31708
-3.31678
-3.31708
-3.31723
-3.31678
-3.31708
-3.31678
-3.31783
-3.31798
-3.31844
-3.31995
-3.32055
-3.31995
-3.3198
-3.31995
-3.31904
-3.31859
-3.31875
-3.31905
-3.31981
-3.31996
-3.32056
-3.32026
-3.31995
-3.31934
-3.31995
-3.31934
-3.31965
-3.31935
-3.31859
-3.31844
-3.3195
-3.31935
-3.31859
-3.31768
-3.31768
-3.31693
-3.31663
-3.31708
-3.31723
-3.31784
-3.31769
-3.31799
-3.31739
-3.31739
-3.31709
-3.31693
-3.31603
-3.31557
-3.31542
-3.31526
-3.31466
-3.31466
-3.31512
-3.31678
-3.31784
-3.31814
-3.31951
-3.31936
-3.32072
-3.32011
-3.31936
-3.31996
-3.31875
-3.3192
-3.31995
-3.32025
-3.3198
-3.32101
-3.32161
-3.32177
-3.32162
-3.32041
-3.32011
-3.31965
-3.31874
-3.3192
-3.31905
-3.3186
-3.31875
-3.31814
-3.31768
-3.31738
-3.31844
-3.31919
-3.31844
-3.31829
-3.31783
-3.31768
-3.31648
-3.31829
-3.31905
-3.3192
-3.31799
-3.31783
-3.31798
-3.31783
-3.31632
-3.31602
-3.31587
-3.31466
-3.31511
-3.31511
-3.31556
-3.31602
-3.31632
-3.31662
-3.31723
-3.31723
-3.31843
-3.31829
-3.31799
-3.31753
-3.31557
-3.31527
-3.31466
-3.31542
-3.31421
-3.31405
-3.31405
-3.3142
-3.31481
-3.31541
-3.31586
-3.31556
-3.31556
-3.31496
-3.31466
-3.31436
-3.31512
-3.31421
-3.31481
-3.31451
-3.3139
-3.3139
-3.31541
-3.31556
-3.31571
-3.31556
-3.31465
-3.31435
-3.31526
-3.31526
-3.31496
-3.31466
-3.31587
-3.31602
-3.31648
-3.31647
-3.31617
-3.31692
-3.31738
-3.31707
-3.31692
-3.31602
-3.31647
-3.31707
-3.31752
-3.31813
-3.31768
-3.31738
-3.31708
-3.31708
-3.31738
-3.31678
-3.31663
-3.31617
-3.31541
-3.31481
-3.31466
-3.31345
-3.3136
-3.31375
-3.31421
-3.3136
-3.31285
-3.31284
-3.31375
-3.31375
-3.3142
-3.3133
-3.31285
-3.31285
-3.31224
-3.3127
-3.313
-3.313
-3.31406
-3.313
-3.31285
-3.31255
-3.31285
-3.313
-3.31254
-3.3133
-3.3133
-3.31269
-3.31299
-3.31269
-3.31269
-3.31179
-3.31074
-3.31164
-3.31134
-3.31179
-3.31104
-3.31088
-3.31194
-3.31239
-3.31344
-3.31405
-3.3142
-3.31466
-3.31481
-3.31481
-3.31526
-3.31496
-3.31497
-3.31497
-3.31557
-3.31587
-3.31572
-3.31632
-3.31571
-3.31572
-3.31602
-3.31557
-3.31617
-3.31693
-3.31572
-3.31768
-3.31678
-3.31496
-3.31481
-3.31527
-3.31572
-3.31693
-3.31708
-3.31844
-3.31708
-3.31799
-3.31844
-3.31784
-3.31784
-3.31753
-3.31662
-3.31647
-3.31632
-3.31692
-3.31708
-3.31814
-3.3195
-3.3195
-3.31723
-3.31708
-3.31769
-3.31738
-3.31708
-3.31693
-3.31753
-3.31723
-3.31693
-3.31617
-3.31633
-3.31587
-3.31633
-3.31572
-3.31572
-3.31587
-3.31572
-3.31466
-3.31542
-3.31421
-3.31451
-3.31482
-3.31557
-3.31512
-3.31542
-3.31617
-3.31648
-3.31587
-3.31572
-3.31542
-3.31633
-3.31618
-3.31497
-3.31587
-3.31587
-3.31618
-3.31588
-3.31557
-3.31663
-3.31693
-3.31693
-3.31723
-3.31723
-3.31723
-3.31633
-3.31603
-3.31557
-3.31497
-3.31436
-3.31451
-3.31466
-3.31331
-3.31225
-3.31135
-3.3115
-3.31074
-3.31059
-3.31074
-3.31028
-3.31043
-3.31134
-3.31149
-3.3124
-3.31255
-3.31407
-3.31407
-3.31392
-3.31256
-3.31196
-3.31271
-3.31211
-3.3118
-3.31119
-3.31255
-3.31254
-3.31208
-3.31163
-3.31043
-3.31104
-3.31165
-3.31165
-3.31271
-3.31165
-3.3118
-3.31075
-3.3112
-3.31211
-3.3118
-3.3118
-3.3118
-3.31241
-3.31301
-3.31406
-3.31315
-3.313
-3.31209
-3.31239
-3.31254
-3.31224
-3.31285
-3.31255
-3.3124
-3.31301
-3.31331
-3.31437
-3.31603
-3.31557
-3.31587
-3.31587
-3.31527
-3.31481
-3.31572
-3.31542
-3.31512
-3.31678
-3.31678
-3.31663
-3.31633
-3.31678
-3.31678
-3.31678
-3.31648
-3.31527
-3.31542
-3.31512
-3.31527
-3.31557
-3.31527
-3.31527
-3.31512
-3.31346
-3.31392
-3.31437
-3.31346
-3.31316
-3.31316
-3.31331
-3.31482
-3.31406
-3.31391
-3.31406
-3.31466
-3.31406
-3.31406
-3.31452
-3.31406
-3.31452
-3.31407
-3.31376
-3.31467
-3.31528
-3.31497
-3.31482
-3.31543
-3.31618
-3.31679
-3.31709
-3.31694
-3.31664
-3.31604
-3.31573
-3.31588
-3.31618
-3.31436
-3.31466
-3.31497
-3.31603
-3.31648
-3.31739
-3.31694
-3.31664
-3.31604
-3.31649
-3.31589
-3.31619
-3.31648
-3.31723
-3.31648
-3.31602
-3.31572
-3.31618
-3.31633
-3.31679
-3.31603
-3.31573
-3.31528
-3.31604
-3.31528
-3.31467
-3.31361
-3.31436
-3.31451
-3.31437
-3.31528
-3.31694
-3.31633
-3.31648
-3.31648
-3.31648
-3.31754
-3.3186
-3.3195
-3.3192
-3.31875
-3.31815
-3.3183
-3.31815
-3.31799
-3.31829
-3.3192
-3.3189
-3.31799
-3.31799
-3.31829
-3.31889
-3.31904
-3.31874
-3.31874
-3.3186
-3.31951
-3.31921
-3.31951
-3.31875
-3.31799
-3.31723
-3.31738
-3.31663
-3.31618
-3.31633
-3.31588
-3.31663
-3.31694
-3.31709
-3.31587
-3.31602
-3.31663
-3.31678
-3.31648
-3.31769
-3.31724
-3.31709
-3.31678
-3.31603
-3.31633
-3.31829
-3.31799
-3.31799
-3.31754
-3.31754
-3.31723
-3.31738
-3.31693
-3.31723
-3.31739
-3.31708
-3.31633
-3.31618
-3.31572
-3.31497
-3.31542
-3.31481
-3.31587
-3.31587
-3.31678
-3.31753
-3.31799
-3.31769
-3.31769
-3.31754
-3.31844
-3.31905
-3.31905
-3.3189
-3.31845
-3.3192
-3.3189
-3.31966
-3.3192
-3.3183
-3.3183
-3.3195
-3.32071
-3.32161
-3.32116
-3.3198
-3.31904
-3.31905
-3.31814
-3.31784
-3.31739
-3.31694
-3.31618
-3.31619
-3.31589
-3.31619
-3.31619
-3.31588
-3.31573
-3.31618
-3.31603
-3.31739
-3.31709
-3.31663
-3.31694
-3.31649
-3.31634
-3.31709
-3.31724
-3.31754
-3.31724
-3.3177
-3.31709
-3.31679
-3.31725
-3.31755
-3.31664
-3.31664
-3.31603
-3.31663
-3.31709
-3.31754
-3.31815
-3.31785
-3.31709
-3.31784
-3.31784
-3.31845
-3.3195
-3.31905
-3.31905
-3.3189
-3.31905
-3.32011
-3.3186
-3.31815
-3.31754
-3.31664
-3.31694
-3.3177
-3.31754
-3.31603
-3.31603
-3.31648
-3.31648
-3.31572
-3.31527
-3.31437
-3.31421
-3.31361
-3.31331
-3.31331
-3.31331
-3.31422
-3.31467
-3.31512
-3.31542
-3.31497
-3.31603
-3.31618
-3.31482
-3.31467
-3.31422
-3.31542
-3.31481
-3.31542
-3.31481
-3.31542
-3.31527
-3.31572
-3.31512
-3.31512
-3.31497
-3.31543
-3.31558
-3.31528
-3.31618
-3.31694
-3.31648
-3.31557
-3.31587
-3.31618
-3.31618
-3.31754
-3.31754
-3.31859
-3.31739
-3.31723
-3.31693
-3.31557
-3.31542
-3.31436
-3.313
-3.31331
-3.31286
-3.31241
-3.31195
-3.31256
-3.31256
-3.31316
-3.31286
-3.31406
-3.31452
-3.31421
-3.31421
-3.31451
-3.31436
-3.31497
-3.31452
-3.31437
-3.31467
-3.31421
-3.31542
-3.31542
-3.31588
-3.31618
-3.31634
-3.31573
-3.31618
-3.31679
-3.31633
-3.31693
-3.31769
-3.31678
-3.31693
-3.31724
-3.31739
-3.31709
-3.31784
-3.31678
-3.31708
-3.31723
-3.31693
-3.31693
-3.31647
-3.31648
-3.31588
-3.31693
-3.31694
-3.31618
-3.31633
-3.31694
-3.31724
-3.31693
-3.31602
-3.31678
-3.31632
-3.31708
-3.31769
-3.31874
-3.31844
-3.31799
-3.31845
-3.31694
-3.31663
-3.31739
-3.31754
-3.31874
-3.31874
-3.31889
-3.31814
-3.31753
-3.31678
-3.31708
-3.31844
-3.31723
-3.31769
-3.31905
-3.3195
-3.3192
-3.318
-3.31845
-3.318
-3.31875
-3.31875
-3.31814
-3.31783
-3.31783
-3.31889
-3.31829
-3.31844
-3.3183
-3.31845
-3.3183
-3.318
-3.3183
-3.31785
-3.31845
-3.31905
-3.31814
-3.31768
-3.31723
-3.31678
-3.31648
-3.31724
-3.31755
-3.31755
-3.31649
-3.31573
-3.31664
-3.31724
-3.31739
-3.31723
-3.31784
-3.31784
-3.3189
-3.31859
-3.31738
-3.31723
-3.31693
-3.31663
-3.31618
-3.31633
-3.31648
-3.31617
-3.31693
-3.31769
-3.31663
-3.31663
-3.31587
-3.31678
-3.31753
-3.31829
-3.31814
-3.31859
-3.31768
-3.31708
-3.31648
-3.31663
-3.31663
-3.31663
-3.31693
-3.31588
-3.31603
-3.31572
-3.31572
-3.31602
-3.31572
-3.31647
-3.31663
-3.31708
-3.31799
-3.31769
-3.31784
-3.31799
-3.31799
-3.31844
-3.31708
-3.31769
-3.31784
-3.31844
-3.31859
-3.31844
-3.31875
-3.31844
-3.31874
-3.3192
-3.3189
-3.3195
-3.31965
-3.31995
-3.32055
-3.32086
-3.32192
-3.32117
-3.32041
-3.31981
-3.32026
-3.32041
-3.31995
-3.31995
-3.31995
-3.31935
-3.31919
-3.31919
-3.31874
-3.31753
-3.31708
-3.31738
-3.31663
-3.31632
-3.31723
-3.31633
-3.31799
-3.31814
-3.31694
-3.31709
-3.31648
-3.31724
-3.31724
-3.31694
-3.31693
-3.31723
-3.31693
-3.31618
-3.31693
-3.31814
-3.31829
-3.31678
-3.31693
-3.31738
-3.31738
-3.31723
-3.31754
-3.3186
-3.31845
-3.31845
-3.318
-3.31815
-3.31694
-3.31573
-3.31603
-3.31588
-3.31557
-3.31588
-3.31633
-3.31572
-3.31527
-3.31542
-3.31618
-3.31678
-3.31724
-3.31738
-3.31814
-3.31768
-3.31934
-3.31994
-3.31889
-3.31844
-3.31919
-3.31889
-3.31875
-3.31799
-3.31784
-3.31844
-3.31874
-3.31935
-3.31768
-3.31677
-3.31692
-3.31859
-3.31783
-3.31844
-3.31844
-3.31829
-3.31844
-3.31859
-3.31768
-3.31768
-3.3195
-3.32055
-3.3204
-3.32086
-3.3207
-3.32025
-3.31995
-3.32071
-3.32025
-3.32055
-3.3204
-3.3207
-3.32025
-3.3201
-3.31905
-3.31844
-3.31738
-3.31799
-3.31753
-3.31814
-3.31648
-3.31542
-3.31572
-3.31692
-3.31707
-3.31677
-3.31677
-3.31693
-3.31678
-3.31647
-3.31723
-3.31662
-3.31693
-3.31617
-3.31557
-3.31572
-3.31587
-3.31602
-3.31556
-3.31496
-3.31556
-3.31586
-3.31616
-3.31632
-3.31677
-3.31662
-3.31678
-3.31572
-3.31512
-3.31481
-3.31587
-3.31602
-3.31617
-3.31647
-3.31662
-3.31647
-3.31617
-3.31692
-3.31693
-3.31723
-3.31814
-3.31799
-3.31845
-3.31859
-3.3189
-3.3198
-3.32025
-3.32086
-3.32116
-3.32085
-3.32116
-3.32161
-3.32161
-3.32116
-3.32071
-3.32086
-3.31995
-3.32025
-3.3195
-3.31965
-3.3192
-3.31965
-3.31965
-3.3201
-3.3201
-3.31889
-3.31843
-3.31797
-3.31722
-3.31692
-3.31692
-3.31738
-3.31738
-3.31753
-3.31798
-3.31722
-3.31889
-3.31768
-3.31859
-3.31919
-3.31964
-3.3198
-3.31889
-3.31919
-3.31904
-3.31919
-3.31858
-3.31903
-3.31964
-3.31918
-3.31858
-3.31753
-3.31813
-3.31662
-3.31632
-3.31587
-3.31556
-3.31722
-3.31752
-3.31797
-3.31797
-3.31692
-3.31828
-3.31843
-3.31903
-3.31843
-3.31752
-3.31692
-3.31631
-3.31661
-3.31661
-3.31586
-3.3154
-3.31556
-3.31495
-3.31495
-3.31435
-3.31345
-3.31254
-3.31315
-3.313
-3.31345
-3.31405
-3.31495
-3.31601
-3.31555
-3.31616
-3.31601
-3.31631
-3.31722
-3.31782
-3.31843
-3.31903
-3.31783
-3.31783
-3.31783
-3.31798
-3.31753
-3.31737
-3.31768
-3.31783
-3.31843
-3.31798
-3.31828
-3.31949
-3.32084
-3.32084
-3.32054
-3.31994
-3.32009
-3.32025
-3.31979
-3.31919
-3.31904
-3.31904
-3.31994
-3.31964
-3.31949
-3.31979
-3.32009
-3.32054
-3.32009
-3.3207
-3.32055
-3.31994
-3.31949
-3.31964
-3.31964
-3.31904
-3.31964
-3.31979
-3.31979
-3.31873
-3.31813
-3.31828
-3.31797
-3.31692
-3.31676
-3.31676
-3.31707
-3.31571
-3.31586
-3.31632
-3.31541
-3.31586
-3.31586
-3.31632
-3.31647
-3.31601
-3.31601
-3.31647
-3.31707
-3.31753
-3.31813
-3.31813
-3.31903
-3.31828
-3.31782
-3.31692
-3.31586
-3.3151
-3.3148
-3.31465
-3.31419
-3.31465
-3.31541
-3.31405
-3.31496
-3.31465
-3.31435
-3.31299
-3.31269
-3.31374
-3.31465
-3.3148
-3.31541
-3.31586
-3.31601
-3.31617
-3.31617
-3.31556
-3.31707
-3.31706
-3.31797
-3.31933
-3.31963
-3.31888
-3.31933
-3.31933
-3.31994
-3.31919
-3.31813
-3.31888
-3.31828
-3.31858
-3.31782
-3.31828
-3.31858
-3.31828
-3.31903
-3.31979
-3.31964
-3.31994
-3.31964
-3.31949
-3.31964
-3.31933
-3.32009
-3.32024
-3.31994
-3.31888
-3.31873
-3.31949
-3.32009
-3.31964
-3.31979
-3.31994
-3.31994
-3.31919
-3.31979
-3.31948
-3.31918
-3.31978
-3.32024
-3.32009
-3.32009
-3.31919
-3.31934
-3.31995
-3.31995
-3.32131
-3.32146
-3.3207
-3.3207
-3.3213
-3.31934
-3.31934
-3.31888
-3.31858
-3.31933
-3.31843
-3.31828
-3.31828
-3.31768
-3.31601
-3.31647
-3.31677
-3.31707
-3.31768
-3.31783
-3.31798
-3.31873
-3.31813
-3.31783
-3.31722
-3.31692
-3.31707
-3.31631
-3.31662
-3.31586
-3.31601
-3.31631
-3.31556
-3.31496
-3.31526
-3.31541
-3.31526
-3.31602
-3.31586
-3.31525
-3.31434
-3.3148
-3.31419
-3.3142
-3.31405
-3.31421
-3.31511
-3.31587
-3.31556
-3.31586
-3.31571
-3.31541
-3.31556
-3.31466
-3.31496
-3.31465
-3.3148
-3.3148
-3.31435
-3.31375
-3.3139
-3.31481
-3.31481
-3.31496
-3.31465
-3.3154
-3.31586
-3.31525
-3.3157
-3.31525
-3.31571
-3.31631
-3.31722
-3.31707
-3.31722
-3.31767
-3.31677
-3.31843
-3.31722
-3.31768
-3.31813
-3.31783
-3.31692
-3.31647
-3.31677
-3.31661
-3.31722
-3.31692
-3.31677
-3.31632
-3.31571
-3.31602
-3.31617
-3.31723
-3.31813
-3.31979
-3.31994
-3.31979
-3.31964
-3.31964
-3.31994
-3.31933
-3.31918
-3.31979
-3.31934
-3.31888
-3.31783
-3.31843
-3.31844
-3.31798
-3.31798
-3.31752
-3.31646
-3.31722
-3.31677
-3.31753
-3.31677
-3.31647
-3.31511
-3.31616
-3.31571
-3.31661
-3.31782
-3.31753
-3.31678
-3.31708
-3.31693
-3.31723
-3.31798
-3.31692
-3.31617
-3.31647
-3.31708
-3.31738
-3.31738
-3.31829
-3.31889
-3.3198
-3.32055
-3.32176
-3.3216
-3.32145
-3.32115
-3.321
-3.3207
-3.31949
-3.3201
-3.31919
-3.31904
-3.31783
-3.31783
-3.31738
-3.31662
-3.31632
-3.31587
-3.31571
-3.31587
-3.31632
-3.31677
-3.31677
-3.31708
-3.31693
-3.31814
-3.31813
-3.31889
-3.31994
-3.31904
-3.31919
-3.31798
-3.31783
-3.31798
-3.31738
-3.31662
-3.31602
-3.31662
-3.31526
-3.31647
-3.31662
-3.31707
-3.31661
-3.31631
-3.31602
-3.31617
-3.31602
-3.31542
-3.31678
-3.31693
-3.31647
-3.31602
-3.31602
-3.31541
-3.31541
-3.31556
-3.31556
-3.31511
-3.31526
-3.31526
-3.31557
-3.31663
-3.31738
-3.31753
-3.31753
-3.31798
-3.31798
-3.31829
-3.31889
-3.31844
-3.31784
-3.31829
-3.3189
-3.3189
-3.31981
-3.32011
-3.32011
-3.32026
-3.32041
-3.3204
-3.3198
-3.3198
-3.32026
-3.32056
-3.32041
-3.32056
-3.31995
-3.31995
-3.31981
-3.32071
-3.32238
-3.32238
-3.32222
-3.32162
-3.32131
-3.3204
-3.32056
-3.3198
-3.32071
-3.32117
-3.32056
-3.32102
-3.32056
-3.32117
-3.32056
-3.31905
-3.3189
-3.31905
-3.3189
-3.31875
-3.31936
-3.31905
-3.31951
-3.31905
-3.31815
-3.3183
-3.31769
-3.31785
-3.31724
-3.31785
-3.3183
-3.3189
-3.31769
-3.31906
-3.318
-3.31861
-3.31815
-3.31679
-3.31694
-3.31755
-3.31875
-3.3189
-3.31966
-3.3192
-3.3189
-3.31875
-3.31829
-3.31814
-3.3186
-3.31845
-3.31694
-3.3177
-3.31694
-3.31755
-3.31785
-3.318
-3.31815
-3.3186
-3.3183
-3.31769
-3.31845
-3.31799
-3.31754
-3.31709
-3.31694
-3.31634
-3.31574
-3.31573
-3.31664
-3.31634
-3.31739
-3.31634
-3.31588
-3.31603
-3.31709
-3.31694
-3.31785
-3.3177
-3.3171
-3.31815
-3.31891
-3.31846
-3.31876
-3.31876
-3.31891
-3.31815
-3.31906
-3.31951
-3.3189
-3.31996
-3.31921
-3.31906
-3.31936
-3.32057
-3.32072
-3.32027
-3.32087
-3.32087
-3.32026
-3.32011
-3.31981
-3.31921
-3.31966
-3.31952
-3.32027
-3.32012
-3.31997
-3.32057
-3.32027
-3.32087
-3.32057
-3.32132
-3.32163
-3.32132
-3.32102
-3.32087
-3.32012
-3.31981
-3.32011
-3.31921
-3.31935
-3.32071
-3.32026
-3.31996
-3.31981
-3.31981
-3.31936
-3.32027
-3.32102
-3.32147
-3.32177
-3.32177
-3.32056
-3.32087
-3.32072
-3.32117
-3.32133
-3.32072
-3.31982
-3.32042
-3.32072
-3.32117
-3.32102
-3.32056
-3.32026
-3.32132
-3.32072
-3.32118
-3.31997
-3.31936
-3.31891
-3.31906
-3.3189
-3.31845
-3.31845
-3.31845
-3.31861
-3.31861
-3.31891
-3.31966
-3.31966
-3.3198
-3.31905
-3.31905
-3.31845
-3.31815
-3.31876
-3.3186
-3.318
-3.31754
-3.31754
-3.31815
-3.31663
-3.31663
-3.31648
-3.31633
-3.31558
-3.31528
-3.31422
-3.31437
-3.31528
-3.31543
-3.31604
-3.3171
-3.31694
-3.3183
-3.31815
-3.31815
-3.31845
-3.31906
-3.318
-3.31875
-3.31875
-3.31905
-3.31966
-3.31875
-3.31845
-3.31815
-3.31679
-3.31604
-3.31679
-3.31574
-3.31634
-3.31649
-3.31634
-3.3171
-3.31634
-3.31664
-3.3174
-3.31785
-3.31695
-3.31785
-3.3177
-3.31906
-3.3186
-3.3177
-3.31694
-3.31754
-3.31754
-3.31769
-3.31814
-3.31799
-3.31709
-3.31664
-3.31755
-3.3174
-3.31725
-3.3174
-3.31816
-3.31725
-3.31634
-3.31649
-3.31755
-3.31754
-3.31709
-3.31679
-3.31755
-3.3177
-3.3174
-3.31589
-3.31588
-3.31664
-3.31619
-3.31634
-3.31695
-3.3171
-3.31695
-3.3171
-3.31695
-3.31755
-3.31755
-3.3174
-3.31755
-3.318
-3.31815
-3.3174
-3.31739
-3.3177
-3.31724
-3.31679
-3.31664
-3.31709
-3.31755
-3.31649
-3.31664
-3.31604
-3.31725
-3.3171
-3.31755
-3.31755
-3.31664
-3.31573
-3.31603
-3.31588
-3.31588
-3.31619
-3.31619
-3.31513
-3.31558
-3.31649
-3.31573
-3.31619
-3.31589
-3.31559
-3.31544
-3.31529
-3.31498
-3.31558
-3.31558
-3.31588
-3.31498
-3.31558
-3.31468
-3.31392
-3.31392
-3.31513
-3.31437
-3.31483
-3.31543
-3.31483
-3.31408
-3.31378
-3.31423
-3.31408
-3.31393
-3.31377
-3.31301
-3.31407
-3.31543
-3.31558
-3.31604
-3.31634
-3.31665
-3.31725
-3.31665
-3.31695
-3.31725
-3.31694
-3.31785
-3.31876
-3.3177
-3.31694
-3.31709
-3.31755
-3.3189
-3.31875
-3.3183
-3.3183
-3.31831
-3.31861
-3.31861
-3.31861
-3.318
-3.31755
-3.318
-3.3177
-3.31769
-3.31769
-3.31785
-3.31755
-3.3177
-3.31724
-3.3183
-3.31785
-3.31906
-3.31981
-3.32042
-3.32057
-3.32072
-3.32148
-3.32208
-3.32178
-3.32208
-3.32178
-3.32239
-3.32239
-3.32238
-3.32102
-3.32072
-3.31996
-3.31921
-3.31936
-3.31951
-3.31891
-3.31861
-3.31997
-3.31997
-3.32072
-3.32027
-3.31997
-3.31967
-3.31952
-3.31997
-3.31921
-3.31921
-3.31845
-3.31815
-3.3183
-3.3183
-3.3186
-3.3183
-3.3183
-3.318
-3.31861
-3.31921
-3.32027
-3.32118
-3.32193
-3.32087
-3.32042
-3.31936
-3.31876
-3.31921
-3.31861
-3.31846
-3.3186
-3.31845
-3.31905
-3.31951
-3.32027
-3.31997
-3.31921
-3.31922
-3.31892
-3.31862
-3.31741
-3.31619
-3.31634
-3.31604
-3.31468
-3.31513
-3.31634
-3.31649
-3.31724
-3.31679
-3.31755
-3.31634
-3.31634
-3.31589
-3.31483
-3.31558
-3.31589
-3.31589
-3.31589
-3.31679
-3.31649
-3.31725
-3.3171
-3.31619
-3.31725
-3.31786
-3.31846
-3.31861
-3.31861
-3.31877
-3.31831
-3.31937
-3.31937
-3.31967
-3.32043
-3.32058
-3.32163
-3.32178
-3.32193
-3.32208
-3.32117
-3.32087
-3.32012
-3.31951
-3.31952
-3.31997
-3.32058
-3.32028
-3.31952
-3.31861
-3.31816
-3.31756
-3.31695
-3.3168
-3.31649
-3.31588
-3.31543
-3.31558
-3.31649
-3.31604
-3.31544
-3.31665
-3.31574
-3.3168
-3.31695
-3.31877
-3.31876
-3.31801
-3.31756
-3.3165
-3.31695
-3.31755
-3.31755
-3.3174
-3.31725
-3.31589
-3.31619
-3.31619
-3.31755
-3.31755
-3.3165
-3.31589
-3.31559
-3.31544
-3.31604
-3.31574
-3.31635
-3.31634
-3.3177
-3.31861
-3.31966
-3.32027
-3.32042
-3.32057
-3.32057
-3.31997
-3.31981
-3.31936
-3.31936
-3.31967
-3.31936
-3.31891
-3.31952
-3.31952
-3.31967
-3.31937
-3.32088
-3.32042
-3.32163
-3.32072
-3.32148
-3.32103
-3.32087
-3.31997
-3.31997
-3.31997
-3.31861
-3.31816
-3.31816
-3.31816
-3.31741
-3.3171
-3.31695
-3.31649
-3.31846
-3.31815
-3.3177
-3.3171
-3.3171
-3.3174
-3.318
-3.31816
-3.31846
-3.3174
-3.31756
-3.31756
-3.31876
-3.31861
-3.31876
-3.318
-3.31785
-3.31695
-3.31679
-3.3168
-3.3171
-3.31665
-3.31649
-3.31619
-3.3174
-3.3168
-3.31725
-3.31695
-3.3174
-3.31801
-3.3177
-3.31785
-3.3177
-3.31816
-3.318
-3.3177
-3.31785
-3.3183
-3.31891
-3.3177
-3.3174
-3.31846
-3.31846
-3.31922
-3.31952
-3.31816
-3.31862
-3.31952
-3.31892
-3.31846
-3.31921
-3.31876
-3.3186
-3.31936
-3.31876
-3.31906
-3.32013
-3.31907
-3.31847
-3.31771
-3.3165
-3.3162
-3.31559
-3.31499
-3.31499
-3.31514
-3.31514
-3.31529
-3.31453
-3.31438
-3.31377
-3.31256
-3.31196
-3.31256
-3.31317
-3.31211
-3.31257
-3.31227
-3.31287
-3.31378
-3.31363
-3.31423
-3.31529
-3.31469
-3.31499
-3.31348
-3.31483
-3.31619
-3.31634
-3.31604
-3.31604
-3.31665
-3.3168
-3.31649
-3.31634
-3.31559
-3.31604
-3.31634
-3.31544
-3.31574
-3.3171
-3.31499
-3.31498
-3.31392
-3.31407
-3.31438
-3.31484
-3.31454
-3.31409
-3.31303
-3.31378
-3.31407
-3.31421
-3.31346
-3.31362
-3.31348
-3.31363
-3.31333
-3.31333
-3.31333
-3.31454
-3.31454
-3.31454
-3.31439
-3.31438
-3.31363
-3.31363
-3.31287
-3.31363
-3.31363
-3.31393
-3.31408
-3.31347
-3.31453
-3.31438
-3.31589
-3.31514
-3.31438
-3.31363
-3.31484
-3.31484
-3.31469
-3.31559
-3.31665
-3.3165
-3.3165
-3.3171
-3.3168
-3.31605
-3.31514
-3.31604
-3.31529
-3.31514
-3.31498
-3.31529
-3.31514
-3.31665
-3.31725
-3.31786
-3.31862
-3.31846
-3.31862
-3.31846
-3.31862
-3.31922
-3.32012
-3.31997
-3.32027
-3.32042
-3.32042
-3.32042
-3.32133
-3.32254
-3.32239
-3.32149
-3.32103
-3.32149
-3.32194
-3.32239
-3.32239
-3.32133
-3.32043
-3.31967
-3.32028
-3.31907
-3.31982
-3.31982
-3.31906
-3.31937
-3.31861
-3.31922
-3.31876
-3.31876
-3.31922
-3.31861
-3.31876
-3.31816
-3.318
-3.3171
-3.31695
-3.31665
-3.31665
-3.31545
-3.31499
-3.3162
-3.31665
-3.3168
-3.3168
-3.31695
-3.31756
-3.31892
-3.31861
-3.31816
-3.31846
-3.31755
-3.3174
-3.3174
-3.3174
-3.31771
-3.31756
-3.31862
-3.31862
-3.31832
-3.31787
-3.31847
-3.31907
-3.32013
-3.31982
-3.31846
-3.318
-3.3174
-3.3174
-3.31846
-3.31801
-3.31786
-3.31726
-3.31832
-3.31802
-3.31756
-3.31695
-3.31695
-3.31755
-3.31725
-3.3171
-3.3174
-3.3168
-3.3162
-3.3168
-3.31711
-3.31726
-3.3162
-3.31605
-3.31605
-3.31589
-3.31574
-3.31484
-3.31574
-3.31665
-3.3159
-3.3159
-3.3162
-3.31544
-3.31378
-3.31484
-3.31514
-3.3156
-3.31545
-3.31469
-3.31498
-3.31559
-3.31604
-3.31559
-3.31635
-3.3165
-3.31605
-3.31575
-3.31499
-3.31409
-3.31333
-3.31197
-3.31242
-3.31136
-3.31136
-3.31091
-3.31
-3.31045
-3.3109
-3.31076
-3.31121
-3.31121
-3.31061
-3.31076
-3.31061
-3.31106
-3.31106
-3.31166
-3.31226
-3.31242
-3.31227
-3.31181
-3.31257
-3.31287
-3.31362
-3.31422
-3.31453
-3.31589
-3.31679
-3.3171
-3.3171
-3.31771
-3.31695
-3.31695
-3.3165
-3.31604
-3.31695
-3.31589
-3.31483
-3.31513
-3.31589
-3.31558
-3.31498
-3.31619
-3.31679
-3.31695
-3.31664
-3.31665
-3.31649
-3.3174
-3.31725
-3.31725
-3.3183
-3.3177
-3.31739
-3.31739
-3.31709
-3.31755
-3.3174
-3.31709
-3.3177
-3.31785
-3.3174
-3.31709
-3.318
-3.31815
-3.31755
-3.31649
-3.31634
-3.31528
-3.31513
-3.31483
-3.31422
-3.31528
-3.31498
-3.31483
-3.31528
-3.31468
-3.31558
-3.31604
-3.31558
-3.31513
-3.31558
-3.31634
-3.31619
-3.31588
-3.31528
-3.31573
-3.31574
-3.31559
-3.31634
-3.31619
-3.31604
-3.31604
-3.31528
-3.31558
-3.31543
-3.31498
-3.31392
-3.31271
-3.3121
-3.31331
-3.31331
-3.31301
-3.31271
-3.31256
-3.31331
-3.31346
-3.31392
-3.31362
-3.31437
-3.31437
-3.31437
-3.31392
-3.31467
-3.31558
-3.31604
-3.31528
-3.31513
-3.31513
-3.31543
-3.31468
-3.31392
-3.31467
-3.31452
-3.31573
-3.31468
-3.31437
-3.31392
-3.31347
-3.31408
-3.31438
-3.31453
-3.31453
-3.31452
-3.31286
-3.31316
-3.31286
-3.31271
-3.31211
-3.31211
-3.31271
-3.31271
-3.31135
-3.31135
-3.31089
-3.31059
-3.31074
-3.3115
-3.31195
-3.31074
-3.31089
-3.3106
-3.31211
-3.31362
-3.31362
-3.31362
-3.31392
-3.31392
-3.31422
-3.31407
-3.31483
-3.31528
-3.31513
-3.31543
-3.31528
-3.31664
-3.31664
-3.31664
-3.31754
-3.318
-3.318
-3.31921
-3.31951
-3.318
-3.31845
-3.318
-3.31785
-3.31815
-3.31785
-3.31709
-3.31664
-3.31679
-3.31785
-3.31785
-3.31845
-3.31905
-3.31845
-3.3183
-3.318
-3.31618
-3.31679
-3.31634
-3.31604
-3.31604
-3.31528
-3.31513
-3.31483
-3.31513
-3.31498
-3.31528
-3.31558
-3.31618
-3.31649
-3.31573
-3.31574
-3.31483
-3.31438
-3.31393
-3.31347
-3.31317
-3.31181
-3.31226
-3.31225
-3.31255
-3.31316
-3.31377
-3.31362
-3.31347
-3.31407
-3.31528
-3.31604
-3.31634
-3.31664
-3.31649
-3.31649
-3.31619
-3.31665
-3.31695
-3.31785
-3.3177
-3.31785
-3.31785
-3.31709
-3.31664
-3.31679
-3.31604
-3.31468
-3.31543
-3.31513
-3.31559
-3.31589
-3.31665
-3.31619
-3.31574
-3.31649
-3.31679
-3.31694
-3.31588
-3.31618
-3.31634
-3.31589
-3.31635
-3.3171
-3.31665
-3.31619
-3.3174
-3.31785
-3.31755
-3.31815
-3.318
-3.3189
-3.31905
-3.3189
-3.31906
-3.31875
-3.31815
-3.318
-3.3177
-3.31649
-3.31695
-3.31694
-3.31634
-3.31634
-3.31694
-3.31739
-3.3174
-3.31619
-3.31498
-3.31453
-3.31408
-3.31408
-3.31468
-3.31362
-3.31407
-3.31362
-3.31301
-3.31286
-3.31241
-3.31241
-3.31287
-3.31287
-3.31347
-3.31392
-3.31468
-3.31468
-3.31362
-3.31332
-3.31317
-3.31332
-3.31393
-3.31438
-3.31453
-3.31513
-3.31468
-3.31529
-3.31529
-3.31544
-3.31513
-3.31739
-3.31618
-3.31574
-3.3156
-3.3159
-3.31575
-3.31559
-3.31513
-3.31588
-3.31588
-3.31589
-3.31528
-3.31513
-3.31544
-3.31514
-3.31589
-3.31725
-3.318
-3.31619
-3.31604
-3.31603
-3.31528
-3.31513
-3.31468
-3.31574
-3.31529
-3.31695
-3.31725
-3.31618
-3.31588
-3.31633
-3.31709
-3.31694
-3.31679
-3.31679
-3.31559
-3.31514
-3.31544
-3.31528
-3.31558
-3.31558
-3.31648
-3.31693
-3.31739
-3.31739
-3.31784
-3.31905
-3.31936
-3.32027
-3.32012
-3.31936
-3.31861
-3.31951
-3.31845
-3.31876
-3.3183
-3.31815
-3.3189
-3.3189
-3.3186
-3.31784
-3.31769
-3.3183
-3.3183
-3.31876
-3.31906
-3.31981
-3.31966
-3.31891
-3.31981
-3.31981
-3.31875
-3.31845
-3.3183
-3.31724
-3.31724
-3.31724
-3.31845
-3.31845
-3.3183
-3.31815
-3.318
-3.31755
-3.318
-3.3186
-3.31815
-3.31785
-3.3183
-3.3171
-3.31785
-3.3183
-3.3183
-3.31755
-3.31725
-3.31815
-3.31861
-3.31846
-3.31906
-3.31831
-3.3177
-3.31755
-3.3174
-3.31634
-3.31619
-3.31544
-3.31589
-3.31514
-3.31544
-3.31514
-3.31559
-3.31483
-3.31453
-3.31498
-3.31528
-3.31589
-3.3168
-3.31695
-3.3177
-3.31861
-3.31967
-3.31937
-3.31922
-3.31846
-3.31771
-3.31635
-3.31514
-3.3165
-3.31574
-3.31559
-3.31499
-3.31498
-3.31453
-3.31544
-3.31483
-3.31438
-3.31438
-3.31438
-3.31514
-3.31438
-3.31498
-3.31498
-3.31543
-3.31558
-3.31619
-3.31559
-3.3168
-3.3165
-3.3171
-3.3165
-3.31755
-3.31786
-3.31695
-3.31605
-3.31575
-3.3159
-3.3165
-3.31575
-3.3171
-3.3174
-3.31679
-3.3171
-3.31559
-3.31604
-3.31574
-3.31514
-3.31514
-3.31514
-3.31514
-3.31589
-3.31649
-3.31634
-3.31543
-3.31544
-3.31604
-3.31483
-3.31574
-3.31574
-3.31544
-3.31605
-3.31575
-3.31545
-3.31545
-3.3159
-3.31559
-3.31559
-3.31469
-3.31423
-3.3159
-3.31589
-3.31529
-3.31559
-3.31695
-3.3171
-3.31725
-3.31604
-3.31559
-3.31544
-3.31514
-3.31423
-3.31453
-3.3162
-3.31695
-3.3165
-3.3168
-3.31664
-3.31679
-3.31725
-3.31619
-3.3165
-3.31665
-3.3168
-3.3171
-3.3171
-3.31755
-3.31846
-3.31876
-3.31921
-3.31846
-3.31831
-3.31801
-3.31771
-3.31756
-3.31816
-3.31861
-3.3183
-3.3192
-3.3186
-3.3192
-3.318
-3.31861
-3.31846
-3.31921
-3.32012
-3.32042
-3.31967
-3.31891
-3.318
-3.318
-3.31966
-3.31876
-3.31845
-3.31861
-3.31815
-3.3177
-3.31785
-3.31846
-3.31831
-3.31785
-3.31785
-3.318
-3.31755
-3.3183
-3.31876
-3.31891
-3.31891
-3.31846
-3.31861
-3.31755
-3.31846
-3.3174
-3.31695
-3.31589
-3.31589
-3.3162
-3.31469
-3.31454
-3.31439
-3.31454
-3.31575
-3.31559
-3.31619
-3.3165
-3.3171
-3.31635
-3.31726
-3.3168
-3.31695
-3.31816
-3.3171
-3.31801
-3.31816
-3.31741
-3.31801
-3.31802
-3.31786
-3.31817
-3.31665
-3.31726
-3.3165
-3.31604
-3.31453
-3.31498
-3.31559
-3.31574
-3.31559
-3.31544
-3.31529
-3.31499
-3.31499
-3.31695
-3.31665
-3.31635
-3.31695
-3.31755
-3.31831
-3.31695
-3.31741
-3.31711
-3.31756
-3.31726
-3.31696
-3.31681
-3.3153
-3.3156
-3.3159
-3.31514
-3.31635
-3.3156
-3.31469
-3.31545
-3.31484
-3.31469
-3.31499
-3.31529
-3.31514
-3.31514
-3.31408
-3.31393
-3.31499
-3.31529
-3.31635
-3.3159
-3.31469
-3.31469
-3.31424
-3.31439
-3.31514
-3.31575
-3.3159
-3.31635
-3.31544
-3.31605
-3.31559
-3.31635
-3.31605
-3.3159
-3.31695
-3.31756
-3.31862
-3.31862
-3.31847
-3.31832
-3.31862
-3.31847
-3.31847
-3.31786
-3.31787
-3.31817
-3.31802
-3.31877
-3.31786
-3.31831
-3.31906
-3.31936
-3.31907
-3.31862
-3.31862
-3.31802
-3.31832
-3.31877
-3.31937
-3.31877
-3.31831
-3.31756
-3.31681
