0.345382   -0.437824   0.360322
-0.052188   0.450416   0.275801
0.175991   -0.0659756   0.0724504
-0.371817   -0.171912   -0.0773257
-0.448253   -0.179829   0.141135
-0.390626   -0.155309   -0.441968
-0.130125   -0.172079   -0.206734
-0.0539749   -0.371116   -0.307702
0.479946   0.154351   0.32589
-0.213924   0.179829   0.134449
0.373863   -0.124118   -0.42462
0.48906   0.381799   -0.161653
0.00177379   -0.0365687   0.413356
0.213853   0.261049   0.35159
-0.110618   0.453589   -0.405432
0.348122   0.161501   -0.477722
0.10002   0.205397   -0.0361588
-0.0111308   0.157001   0.31677
-0.418968   -0.407361   -0.484188
0.0985908   0.478477   -0.325587
0.220428   -0.232953   0.446252
0.433667   -0.263321   0.410024
0.193976   -0.00240546   0.495166
-0.345748   -0.0707774   -0.257527
-0.248581   -0.433453   0.161132
0.249685   0.420365   0.22431
-0.206675   0.101086   -0.219808
-0.208216   -0.157858   0.477887
0.373592   -0.20501   0.233502
-0.0299848   0.455692   0.0423879
-0.221379   0.355886   -0.228324
0.0858606   -0.198427   -0.161649
0.193774   0.016467   -0.107121
0.316756   0.20761   0.16336
0.427086   -0.0706043   -0.0766864
0.173284   0.310079   -0.214485
0.402231   -0.317093   0.0182446
-0.312579   0.417878   -0.427535
-0.405183   0.103099   0.136303
-0.0157411   0.0996955   0.0947214
0.0488621   0.431847   0.441644
0.0212312   0.0034912   -0.310156
-0.00265945   -0.107828   0.0102273
0.331867   0.376377   -0.0240774
-0.413925   -0.428425   0.0260187
-0.392858   0.234732   -0.209201
-0.165938   0.233633   -0.0666649
0.297944   -0.441779   0.0928603
0.298857   -0.00104938   0.30278
-0.0176757   0.0519077   -0.120526
0.348145   0.20862   -0.143562
-0.0392011   -0.0745091   0.211523
0.184749   -0.305692   -0.302799
-0.0558637   -0.321067   0.158001
-0.224905   -0.229283   0.22996
-0.39639   0.300049   0.177544
-0.349251   0.0766053   0.47305
-0.0321169   0.266226   -0.223963
0.132529   0.0731219   0.215293
-0.268804   0.199128   -0.38805
0.457066   0.341154   0.388314
-0.279352   -0.0596838   0.158118
0.443766   -0.414142   -0.151981
-0.215747   0.469108   -0.0440589
-0.196343   -0.0115243   -0.0497451
0.353056   -0.403294   -0.439082
-0.0418804   0.467585   -0.165935
0.223548   0.121879   -0.304513
0.30357   -0.257107   -0.164505
0.0201338   -0.277459   0.346938
0.448794   -0.00107613   0.448207
0.2777   0.4308   0.488751
-0.240562   -0.442272   0.394737
-0.399867   0.0836596   -0.0559163
-0.35964   0.322025   -0.0211118
0.0740393   0.305096   0.166576
-0.1411   0.315857   0.429311
0.139634   -0.252589   0.0167877
-0.381429   -0.291589   0.342779
0.167113   -0.413144   0.482503
-0.213179   0.371967   0.124879
0.475085   -0.233132   -0.280789
0.140727   -0.346643   0.207058
0.46106   0.485488   -0.333262
-0.384243   -0.0892604   0.333145
0.393638   0.0225926   0.0989774
0.149971   0.256784   -0.44177
-0.0700209   -0.401329   0.479226
-0.0292772   -0.346956   -0.0875307
-0.460116   0.255149   -0.445017
0.064198   -0.199124   -0.402198
-0.285826   -0.305825   -0.333606
0.144375   -0.457568   -0.0813952
0.471908   0.221814   0.044937
0.166056   -0.137866   0.283247
0.290509   0.496915   -0.236763
0.360283   0.28244   -0.314991
-0.224722   -0.00482751   -0.408329
-0.452239   -0.476201   0.301382
-0.305832   0.237815   0.382084
-0.208625   -0.233633   0.0182877
-0.334729   -0.498858   -0.236214
0.463292   0.443904   0.147483
0.243575   -0.0955534   -0.275955
0.42348   0.0715551   -0.289453
-0.265935   -0.331673   -0.137372
-0.202318   0.0264799   0.344421
-0.0307982   0.175784   -0.442463
