           0   0.0230664           0           0
           1   0.0461329           0           0
           2   0.0691993           0           0
           3   0.0922657           0           0
           4    0.115332           0           0
           5    0.138399           0           0
           6    0.161465           0           0
           7    0.184531           0           0
           8    0.207598           0           0
           9    0.230664           0           0
          10    0.253731           0           0
          11    0.276797           0           0
          12    0.299864           0           0
          13     0.32293           0           0
          14    0.345996           0           0
          15    0.369063           0           0
          16    0.392129           0           0
          17    0.415196           0           0
          18    0.438262           0           0
          19    0.461329           0           0
          20    0.484395           0           0
          21    0.507461           0           0
          22    0.530528           0           0
          23    0.553594           0           0
          24    0.576661           0           0
          25    0.599727           0           0
          26    0.622794           0           0
          27     0.64586           0           0
          28    0.668926           0           0
          29    0.691993           0           0
          30    0.715059           0           0
          31    0.738126           0           0
          32    0.761192           0           0
          33    0.784259           0           0
          34    0.807325           0           0
          35    0.830391           0           0
          36    0.853458           0           0
          37    0.876524           0           0
          38    0.899591 0.000724994 7.22007e-05
          39    0.922657   0.0322618 0.000593583
          40    0.945724    0.447986  0.00243551
          41     0.96879     2.77129  0.00691855
          42    0.991856     9.47176   0.0144193
          43     1.01492     21.1367   0.0161627
          44     1.03799     34.2124   0.0150599
          45     1.06106     43.6396   0.0157648
          46     1.08412     46.3219    0.023814
          47     1.10719     42.5208   0.0245044
          48     1.13026     34.6645   0.0221088
          49     1.15332     25.5387    0.013289
          50     1.17639     17.2494  0.00929057
          51     1.19945     10.7349  0.00886422
          52     1.22252     6.20802  0.00844661
          53     1.24559     3.36752  0.00763748
          54     1.26865     1.71274  0.00625982
          55     1.29172    0.848958  0.00450415
          56     1.31479    0.468034  0.00329779
          57     1.33785    0.401142  0.00294961
          58     1.36092    0.575815  0.00330869
          59     1.38399     1.01017  0.00423642
          60     1.40705     1.76104  0.00485366
          61     1.43012     2.87427  0.00500816
          62     1.45319     4.33747  0.00462994
          63     1.47625     6.00905  0.00421306
          64     1.49932     7.62026   0.0060985
          65     1.52238     8.82261  0.00849974
          66     1.54545     9.30235   0.0101967
          67     1.56852     8.89977   0.0093989
          68     1.59158     7.76031  0.00672534
          69     1.61465     6.14587  0.00455398
          70     1.63772     4.46699  0.00375744
          71     1.66078     3.03865  0.00495904
          72     1.68385     2.11041  0.00584842
          73     1.70692     1.84619  0.00701535
          74     1.72998     2.45006  0.00807382
          75     1.75305     4.16658  0.00933045
          76     1.77612     7.20526  0.00941864
          77     1.79918     11.5254  0.00852812
          78     1.82225     16.6253  0.00585442
          79     1.84531     21.5103  0.00927735
          80     1.86838     25.0034   0.0150711
          81     1.89145     26.1355   0.0196043
          82     1.91451     24.6495   0.0183607
          83     1.93758     21.0178   0.0119641
          84     1.96065     16.2951  0.00588609
          85     1.98371     11.5862  0.00585493
          86     2.00678     7.73965  0.00951558
          87     2.02985     5.23297  0.00997984
          88     2.05291     4.18438   0.0100385
          89     2.07598     4.44657  0.00825625
          90     2.09905     5.65808  0.00590292
          91     2.12211     7.32301   0.0036137
          92     2.14518      8.8613  0.00492733
          93     2.16824     9.80207  0.00633551
          94     2.19131     9.87458  0.00720815
          95     2.21438     8.89325  0.00596571
          96     2.23744     7.54824  0.00406842
          97     2.26051     6.32145  0.00511213
          98     2.28358     5.53067  0.00822984
          99     2.30664     5.54225   0.0100198
