           1     7.52008     7.52008           0
           2     7.59803     7.55906   0.0389767
           3     7.60321     7.57378   0.0268892
           4     7.50393     7.55631   0.0258156
           5     7.56379     7.55781   0.0200524
           6     7.62956     7.56977    0.020275
           7      7.6204       7.577   0.0185998
           8     7.65219      7.5864   0.0186491
           9     7.58035     7.58573   0.0164607
          10     7.61156     7.58831   0.0149478
          11     7.52319     7.58239   0.0147602
          12      7.5116     7.57649   0.0147089
          13     7.61591     7.57952   0.0138659
          14     7.61299     7.58191    0.013058
          15     7.49823     7.57634   0.0133754
          16     7.43631     7.56758   0.0152686
          17     7.59219     7.56903   0.0144152
          18     7.59305     7.57037   0.0136561
          19      7.6718      7.5757   0.0139772
          20     7.63356      7.5786   0.0135718
          21     7.60457     7.57983   0.0129685
          22     7.57762     7.57973   0.0123654
          23     7.53325     7.57771   0.0119872
          24     7.64859     7.58067   0.0118508
          25     7.51949     7.57822   0.0116272
          26     7.67402      7.5819   0.0117631
          27      7.6167     7.58319   0.0113922
          28     7.57469     7.58289    0.010982
          29     7.53776     7.58133   0.0107102
          30     7.53535      7.5798     0.01046
          31     7.60722     7.58068   0.0101555
          32     7.60077     7.58131  0.00985304
          33     7.60225     7.58195  0.00957085
          34     7.63513     7.58351  0.00941592
          35     7.60618     7.58416  0.00916585
          36     7.61582     7.58504  0.00895092
          37     7.64932     7.58678   0.0088773
          38     7.57651      7.5865  0.00864476
          39      7.6016     7.58689  0.00842907
          40      7.5635     7.58631  0.00823643
          41     7.53486     7.58505  0.00813044
          42     7.63732      7.5863  0.00803151
          43     7.61313     7.58692   0.0078673
          44     7.59603     7.58713   0.0076892
          45     7.62807     7.58804  0.00757125
          46     7.60479      7.5884  0.00741378
          47     7.60532     7.58876  0.00726324
          48     7.60728     7.58915  0.00712077
          49      7.5175     7.58769  0.00712558
          50     7.61528     7.58824   0.0070034
          51     7.63061     7.58907  0.00691481
          52     7.55032     7.58832  0.00682134
          53     7.68238      7.5901  0.00692274
          54     7.58352     7.58998  0.00679442
          55     7.57867     7.58977  0.00667291
          56     7.55868     7.58921  0.00657615
          57     7.66553     7.59055  0.00659703
          58     7.67345     7.59198  0.00663797
          59     7.57411     7.59168  0.00653151
          60      7.6086     7.59196  0.00642792
          61     7.50266      7.5905  0.00648895
          62     7.56905     7.59015   0.0063928
          63     7.69376      7.5918  0.00650194
          64      7.6407     7.59256  0.00644501
          65     7.60922     7.59282  0.00635025
          66     7.65616     7.59378   0.0063265
          67     7.57198     7.59345  0.00623985
          68     7.60631     7.59364  0.00615031
          69     7.57323     7.59334  0.00606774
          70     7.57164     7.59303  0.00598846
          71     7.56174     7.59259  0.00591995
          72     7.75363     7.59483  0.00625097
          73     7.56641     7.59444  0.00617703
          74     7.54085     7.59372  0.00613587
          75     7.64956     7.59446  0.00609913
          76     7.49995     7.59322  0.00614549
          77     7.57537     7.59299  0.00606958
          78     7.64572     7.59366  0.00602928
          79     7.65362     7.59442  0.00600066
          80     7.54055     7.59375  0.00596332
          81     7.64853     7.59442  0.00592794
          82     7.63366      7.5949  0.00587473
          83      7.6519     7.59559  0.00584401
          84      7.6422     7.59614  0.00580062
          85     7.57736     7.59592  0.00573623
          86      7.6458      7.5965  0.00569873
          87     7.63972       7.597   0.0056547
          88     7.61592     7.59722  0.00559421
          89     7.56822     7.59689  0.00554058
          90     7.53191     7.59617  0.00552604
          91     7.63728     7.59662  0.00548361
          92     7.57282     7.59636  0.00542985
          93     7.63441     7.59677  0.00538671
          94     7.62932     7.59712  0.00534033
          95     7.62966     7.59746  0.00529491
          96     7.57317     7.59721  0.00524557
          97     7.55845     7.59681  0.00520656
          98     7.56969     7.59653  0.00516059
          99     7.54423       7.596  0.00513544
         100     7.53539     7.59539  0.00511983
