           1    -7.56009    -7.56009           0
           2    -7.54582    -7.55296  0.00713202
           3    -7.54408       -7.55  0.00507077
           4     -7.5632     -7.5533  0.00487291
           5    -7.55195    -7.55303  0.00378412
           6     -7.5405    -7.55094  0.00372929
           7    -7.54173    -7.54962  0.00341557
           8    -7.53597    -7.54792   0.0034148
           9    -7.54925    -7.54806  0.00301522
          10    -7.54319    -7.54758  0.00274067
          11    -7.55958    -7.54867  0.00270854
          12    -7.56063    -7.54966   0.0026659
          13    -7.54262    -7.54912  0.00251142
          14    -7.54341    -7.54871  0.00236064
          15    -7.56365    -7.54971  0.00241275
          16     -7.5746    -7.55127  0.00274107
          17    -7.54677      -7.551   0.0025883
          18    -7.54672    -7.55076  0.00245187
          19    -7.53249     -7.5498  0.00251069
          20    -7.53937    -7.54928  0.00243825
          21     -7.5457    -7.54911  0.00232549
          22     -7.5498    -7.54914   0.0022175
          23     -7.5575    -7.54951  0.00214986
          24    -7.53675    -7.54897  0.00212581
          25    -7.55995    -7.54941  0.00208577
          26    -7.53217    -7.54875  0.00211085
          27    -7.54232    -7.54851  0.00204507
          28     -7.5501    -7.54857  0.00197149
          29    -7.55632    -7.54884  0.00192097
          30    -7.55694    -7.54911  0.00187538
          31    -7.54481    -7.54897  0.00181915
          32    -7.54455    -7.54883  0.00176678
          33    -7.54518    -7.54872  0.00171598
          34     -7.5383    -7.54841  0.00169273
          35     -7.5447    -7.54831  0.00164708
          36    -7.54273    -7.54815  0.00160816
          37    -7.53645    -7.54783  0.00159573
          38    -7.54976    -7.54788  0.00155399
          39    -7.54489    -7.54781  0.00151557
          40    -7.55173    -7.54791  0.00148044
          41    -7.55707    -7.54813  0.00146108
          42    -7.53819    -7.54789  0.00144536
          43    -7.54231    -7.54776   0.0014173
          44    -7.54632    -7.54773   0.0013851
          45    -7.54074    -7.54758  0.00136285
          46    -7.54418     -7.5475  0.00133494
          47    -7.54429    -7.54743  0.00130801
          48    -7.54391    -7.54736  0.00128257
          49    -7.56029    -7.54762  0.00128354
          50    -7.54303    -7.54753  0.00126096
          51    -7.53905    -7.54737  0.00124711
          52    -7.55403    -7.54749   0.0012296
          53    -7.53069    -7.54718  0.00124714
          54    -7.54837     -7.5472  0.00122402
          55    -7.54884    -7.54723  0.00120194
          56     -7.5526    -7.54732  0.00118416
          57     -7.5331    -7.54708  0.00118967
          58     -7.5315    -7.54681  0.00119942
          59     -7.5502    -7.54686  0.00118032
          60    -7.54388    -7.54681  0.00116155
          61     -7.5626    -7.54707  0.00117128
          62    -7.55018    -7.54712  0.00115332
          63    -7.52792    -7.54682  0.00117509
          64    -7.53813    -7.54668  0.00116453
          65    -7.54286    -7.54662  0.00114798
          66    -7.53558    -7.54646  0.00114278
          67    -7.55102    -7.54652  0.00112765
          68    -7.54425    -7.54649  0.00111145
          69    -7.54978    -7.54654  0.00109626
          70    -7.55051     -7.5466  0.00108197
          71    -7.55312    -7.54669  0.00107057
          72     -7.5169    -7.54627  0.00113379
          73    -7.55164    -7.54635  0.00112057
          74    -7.55538    -7.54647  0.00111204
          75    -7.53607    -7.54633  0.00110584
          76    -7.56308    -7.54655  0.00111324
          77    -7.54888    -7.54658   0.0010991
          78    -7.53654    -7.54645  0.00109253
          79    -7.53572    -7.54632  0.00108714
          80    -7.55663    -7.54645  0.00108117
          81    -7.53743    -7.54633  0.00107353
          82    -7.53918    -7.54625  0.00106394
          83    -7.53511    -7.54611  0.00105958
          84    -7.53856    -7.54602  0.00105074
          85     -7.5501    -7.54607  0.00103941
          86    -7.53674    -7.54596  0.00103298
          87    -7.53791    -7.54587  0.00102522
          88    -7.54224    -7.54583  0.00101434
          89    -7.55167    -7.54589  0.00100503
          90    -7.55848    -7.54603  0.00100359
          91    -7.53961    -7.54596 0.000995006
          92    -7.55074    -7.54602   0.0009855
          93     -7.5395    -7.54595 0.000977363
          94    -7.54056    -7.54589 0.000968609
          95    -7.53973    -7.54582 0.000960548
          96    -7.55017    -7.54587  0.00095157
          97    -7.55301    -7.54594  0.00094458
          98    -7.55016    -7.54598 0.000935881
          99    -7.55519    -7.54608 0.000931037
         100    -7.55733    -7.54619 0.000928522
