           1   -0.415429   -0.415429           0
           2   -0.416983   -0.416206 0.000777164
           3   -0.409033   -0.413815  0.00243299
           4   -0.420855   -0.415575  0.00246108
           5   -0.413771   -0.415214  0.00194019
           6   -0.415503   -0.415262  0.00158489
           7   -0.415791   -0.415338  0.00134161
           8    -0.41489   -0.415282  0.00116322
           9   -0.411084   -0.414815   0.0011269
          10   -0.411746   -0.414508  0.00105363
          11   -0.420449   -0.415049  0.00109544
          12   -0.413466   -0.414917  0.00100865
          13   -0.415648   -0.414973 0.000929526
          14   -0.412673   -0.414809 0.000876113
          15   -0.412406   -0.414648 0.000831195
          16    -0.41477   -0.414656 0.000777549
          17   -0.414569   -0.414651 0.000730398
          18   -0.415404   -0.414693 0.000689897
          19   -0.411593    -0.41453 0.000672656
          20   -0.415193   -0.414563 0.000638999
          21   -0.411094   -0.414398 0.000629856
          22   -0.412003   -0.414289 0.000610331
          23   -0.415931    -0.41436 0.000587544
          24    -0.41459    -0.41437 0.000562612
          25    -0.41378   -0.414346 0.000540155
          26    -0.41552   -0.414391 0.000520923
          27   -0.413736   -0.414367 0.000501846
          28    -0.41754    -0.41448 0.000496693
          29    -0.41826   -0.414611 0.000496668
          30     -0.4138   -0.414584 0.000480588
          31   -0.416547   -0.414647  0.00046912
          32   -0.415378    -0.41467 0.000454798
          33   -0.415345    -0.41469 0.000441276
          34    -0.41241   -0.414623 0.000433321
          35   -0.416793   -0.414685 0.000425299
          36   -0.415451   -0.414707 0.000413863
          37   -0.415401   -0.414725 0.000402959
          38   -0.416395   -0.414769 0.000394665
          39   -0.413954   -0.414748  0.00038498
          40   -0.415867   -0.414776 0.000376274
          41   -0.410267   -0.414666 0.000383105
          42   -0.412237   -0.414609 0.000378321
          43   -0.412598   -0.414562 0.000372364
          44    -0.41172   -0.414497  0.00036949
          45   -0.409442   -0.414385 0.000378251
          46   -0.412547   -0.414345 0.000372087
          47   -0.415154   -0.414362 0.000364491
          48   -0.413018   -0.414334 0.000357914
          49   -0.416013   -0.414368 0.000352204
          50   -0.415573   -0.414392 0.000345927
          51   -0.417372   -0.414451 0.000344071
          52   -0.416732   -0.414495 0.000340231
          53   -0.411747   -0.414443 0.000337753
          54    -0.41241   -0.414405  0.00033357
          55   -0.417791   -0.414467 0.000333187
          56   -0.415914   -0.414493 0.000328203
          57   -0.413245   -0.414471 0.000323135
          58   -0.415367   -0.414486  0.00031789
          59   -0.417779   -0.414542   0.0003174
          60   -0.414747   -0.414545 0.000312084
          61   -0.413124   -0.414522 0.000307808
          62   -0.416538   -0.414555 0.000304543
          63   -0.412284   -0.414519  0.00030183
          64   -0.415364   -0.414532  0.00029737
          65   -0.414093   -0.414525 0.000292838
          66   -0.410979   -0.414471 0.000293329
          67   -0.415406   -0.414485 0.000289254
          68   -0.412779    -0.41446 0.000286071
          69   -0.415812    -0.41448 0.000282574
          70   -0.414751   -0.414484 0.000278535
          71     -0.4109   -0.414433 0.000279185
          72   -0.412165   -0.414402 0.000277077
          73   -0.413924   -0.414395 0.000273333
          74   -0.413298    -0.41438 0.000270022
          75   -0.420336    -0.41446  0.00027798
          76   -0.415348   -0.414471 0.000274547
          77   -0.414805   -0.414476 0.000270993
          78   -0.412498    -0.41445 0.000268694
          79   -0.415389   -0.414462 0.000265537
          80   -0.417355   -0.414498 0.000264679
          81   -0.413999   -0.414492 0.000261463
          82   -0.413449    -0.41448 0.000258568
          83   -0.418224   -0.414525 0.000259388
          84   -0.414222   -0.414521 0.000256307
          85   -0.412195   -0.414494 0.000254747
          86   -0.415216   -0.414502 0.000251908
          87   -0.407146   -0.414418 0.000262962
          88   -0.415259   -0.414427 0.000260132
          89   -0.418886   -0.414477 0.000262028
          90   -0.407214   -0.414397 0.000271376
          91   -0.411694   -0.414367 0.000270015
          92   -0.413881   -0.414362 0.000267117
          93   -0.413618   -0.414354  0.00026435
          94   -0.411315   -0.414321 0.000263513
          95   -0.414622   -0.414324 0.000260743
          96   -0.415855    -0.41434 0.000258505
          97   -0.411571   -0.414312 0.000257414
          98   -0.418826   -0.414358 0.000258905
          99   -0.416488   -0.414379 0.000257178
         100   -0.417273   -0.414408 0.000256233
