           1   0.0491079   0.0491079           0
           2   0.0490231   0.0490655 4.24358e-05
           3   0.0491239    0.049085 3.12913e-05
           4   0.0489054   0.0490401 5.00554e-05
           5   0.0487099    0.048974 7.65684e-05
           6   0.0490923   0.0489937   6.555e-05
           7   0.0488009   0.0489662 6.18699e-05
           8   0.0488239   0.0489484 5.64575e-05
           9     0.04895   0.0489486 4.97912e-05
          10   0.0489967   0.0489534 4.47939e-05
          11   0.0493115   0.0489859 5.19737e-05
          12   0.0491081   0.0489961 4.85248e-05
          13   0.0486156   0.0489668 5.33789e-05
          14   0.0491393   0.0489792  5.0932e-05
          15   0.0490994   0.0489872  4.8088e-05
          16   0.0483913   0.0489499 5.83975e-05
          17   0.0488604   0.0489447 5.51073e-05
          18   0.0489939   0.0489474 5.20276e-05
          19   0.0493294   0.0489675 5.31608e-05
          20   0.0493231   0.0489853 5.34753e-05
          21   0.0493342   0.0490019 5.35096e-05
          22   0.0491126   0.0490069 5.12668e-05
          23   0.0485885   0.0489887 5.22564e-05
          24   0.0490464   0.0489912 5.00893e-05
          25   0.0490346   0.0489929 4.80755e-05
          26   0.0488268   0.0489865 4.66293e-05
          27   0.0491435   0.0489923 4.52443e-05
          28   0.0490484   0.0489943 4.36445e-05
          29   0.0487055   0.0489844 4.32743e-05
          30   0.0490369   0.0489861 4.18436e-05
          31   0.0489812    0.048986 4.04716e-05
          32   0.0491053   0.0489897 3.93634e-05
          33   0.0492054   0.0489962 3.87077e-05
          34   0.0489555    0.048995 3.75711e-05
          35   0.0491072   0.0489982 3.66223e-05
          36   0.0488054   0.0489929 3.59914e-05
          37   0.0490608   0.0489947 3.50532e-05
          38   0.0490862   0.0489971 3.42032e-05
          39   0.0485566   0.0489858 3.51777e-05
          40   0.0485971   0.0489761 3.56376e-05
          41   0.0491502   0.0489803  3.5016e-05
          42   0.0490814   0.0489827 3.42568e-05
          43   0.0489638   0.0489823 3.34535e-05
          44   0.0495742   0.0489958 3.53443e-05
          45   0.0491423    0.048999 3.47032e-05
          46   0.0489255   0.0489974  3.3978e-05
          47   0.0489654   0.0489967 3.32542e-05
          48   0.0492039   0.0490011 3.28389e-05
          49   0.0485411   0.0489917 3.35038e-05
          50   0.0495364   0.0490026 3.45877e-05
          51   0.0490313   0.0490031 3.39074e-05
          52    0.049134   0.0490056 3.33441e-05
          53   0.0496952   0.0490187 3.52015e-05
          54   0.0494353   0.0490264 3.53945e-05
          55   0.0487718   0.0490217  3.5052e-05
          56   0.0488185   0.0490181 3.46112e-05
          57   0.0491678   0.0490207 3.40998e-05
          58   0.0491036   0.0490222 3.35372e-05
          59   0.0489963   0.0490217 3.29668e-05
          60   0.0487735   0.0490176 3.26757e-05
          61   0.0492956   0.0490221 3.24572e-05
          62   0.0496024   0.0490315 3.32726e-05
          63   0.0491904    0.049034 3.28373e-05
          64    0.049199   0.0490366 3.24228e-05
          65   0.0488341   0.0490335 3.20717e-05
          66   0.0492691   0.0490371 3.17831e-05
          67   0.0492922   0.0490409 3.15359e-05
          68   0.0490358   0.0490408 3.10688e-05
          69   0.0489582   0.0490396 3.06386e-05
          70   0.0492816   0.0490431 3.03951e-05
          71   0.0494231   0.0490484 3.04382e-05
          72   0.0495451   0.0490553  3.0795e-05
          73    0.049215   0.0490575 3.04489e-05
          74   0.0489327   0.0490558 3.00819e-05
          75   0.0488759   0.0490534 2.97749e-05
          76   0.0488199   0.0490503 2.95406e-05
          77   0.0488223   0.0490474 2.93045e-05
          78   0.0490889   0.0490479 2.89312e-05
          79   0.0488536   0.0490454 2.86684e-05
          80   0.0486114     0.04904 2.88229e-05
          81    0.049132   0.0490412 2.84875e-05
          82   0.0490337   0.0490411 2.81381e-05
          83   0.0489613   0.0490401 2.78137e-05
          84   0.0489722   0.0490393 2.74924e-05
          85   0.0493095   0.0490425 2.73524e-05
          86   0.0494232   0.0490469 2.73927e-05
          87   0.0492206   0.0490489 2.71495e-05
          88   0.0492859   0.0490516 2.69741e-05
          89   0.0489459   0.0490504 2.66957e-05
          90   0.0494309   0.0490546 2.67339e-05
          91   0.0492518   0.0490568 2.65271e-05
          92   0.0490222   0.0490564 2.62399e-05
          93    0.048889   0.0490546 2.60185e-05
          94   0.0490194   0.0490542  2.5743e-05
          95   0.0486775   0.0490503 2.57774e-05
          96   0.0491525   0.0490513 2.55297e-05
          97   0.0485869   0.0490466 2.57148e-05
          98   0.0487232   0.0490433  2.5664e-05
          99   0.0488394   0.0490412 2.54868e-05
         100   0.0489721   0.0490405 2.52401e-05
