           0    0.064633           0           0
           1    0.129266           0           0
           2    0.193899           0           0
           3    0.258532           0           0
           4    0.323165           0           0
           5    0.387798           0           0
           6    0.452431           0           0
           7    0.517064           0           0
           8    0.581697           0           0
           9     0.64633           0           0
          10    0.710963           0           0
          11    0.775596           0           0
          12     0.84023           0           0
          13    0.904863  0.00793937 0.000606392
          14    0.969496     1.27959  0.00650289
          15     1.03413     9.28186   0.0200376
          16     1.09876     17.9558   0.0336494
          17     1.16339     20.0809   0.0351063
          18     1.22803     18.5183   0.0331854
          19     1.29266     16.3562   0.0256352
          20     1.35729     14.5261   0.0221846
          21     1.42193     13.0546   0.0195083
          22     1.48656      12.074    0.016307
          23     1.55119     11.3147   0.0140634
          24     1.61583     10.8059   0.0137266
          25     1.68046     10.4672   0.0131038
          26     1.74509      10.189     0.01203
          27     1.80973     10.0164    0.013512
          28     1.87436     9.90996   0.0102968
          29     1.93899     9.84555   0.0112615
          30     2.00362     9.81552  0.00984668
          31     2.06826     9.80381     0.01183
          32     2.13289     9.80676   0.0112032
          33     2.19752     9.79365  0.00933194
          34     2.26216     9.75847  0.00997377
          35     2.32679     9.75675  0.00841702
          36     2.39142     9.69546  0.00861681
          37     2.45606     9.66568  0.00891252
          38     2.52069     9.63503  0.00844153
          39     2.58532     9.59057  0.00785592
          40     2.64995     9.55896  0.00797518
          41     2.71459     9.53903  0.00795672
          42     2.77922     9.50989  0.00788869
          43     2.84385     9.50411  0.00757207
          44     2.90849     9.49382   0.0069463
          45     2.97312     9.47499   0.0072151
          46     3.03775      9.4703  0.00687367
          47     3.10239     9.46737  0.00631129
          48     3.16702     9.46748  0.00581399
          49     3.23165     9.45576  0.00696326
          50     3.29629      9.4665  0.00596437
          51     3.36092     9.45699  0.00600391
          52     3.42555     9.44767  0.00552202
          53     3.49018     9.45335  0.00626673
          54     3.55482     9.45489  0.00559039
          55     3.61945     9.45645  0.00476654
          56     3.68408     9.44524  0.00542562
          57     3.74872       9.459  0.00501729
          58     3.81335     9.44994  0.00547944
          59     3.87798     9.45699  0.00542093
          60     3.94262     9.45711  0.00603727
          61     4.00725     9.45864  0.00463942
          62     4.07188     9.46718   0.0047642
          63     4.13651     9.46817  0.00456637
          64     4.20115     9.45915  0.00460491
          65     4.26578     9.46224  0.00448689
          66     4.33041     9.46555  0.00481443
          67     4.39505     9.46359  0.00480675
          68     4.45968     9.46895  0.00434316
          69     4.52431     9.47873  0.00421559
          70     4.58895     9.47116  0.00529911
          71     4.65358     9.48487  0.00440673
          72     4.71821     9.48005  0.00466782
          73     4.78285      9.4752  0.00442849
          74     4.84748     9.48596  0.00444657
          75     4.91211     9.49368  0.00361119
          76     4.97674     9.49466  0.00409779
          77     5.04138     9.48455  0.00376658
          78     5.10601      9.4916  0.00398041
          79     5.17064     9.48431  0.00404148
          80     5.23528     9.49618  0.00353659
          81     5.29991     9.50349  0.00345347
          82     5.36454     9.49942  0.00351829
          83     5.42918     9.50426  0.00353613
          84     5.49381     9.49803  0.00346429
          85     5.55844     9.50553  0.00362306
          86     5.62307     9.51371  0.00358028
          87     5.68771     9.51062  0.00361908
          88     5.75234     9.51935    0.003606
          89     5.81697     9.50781  0.00342697
          90     5.88161     9.51811  0.00374586
          91     5.94624     9.52557   0.0032794
          92     6.01087     9.52291  0.00320915
          93     6.07551     9.52141  0.00319183
          94     6.14014     9.52588  0.00347383
          95     6.20477     9.53463  0.00332579
          96      6.2694     9.53179  0.00327691
          97     6.33404     9.52944  0.00343107
          98     6.39867     9.53662  0.00344622
          99      6.4633     9.53356  0.00334681
