           1   -0.295465   -0.295465           0
           2   -0.448165   -0.371815     0.07635
           3   -0.430758   -0.391462   0.0482611
           4   -0.437566   -0.402988   0.0360196
           5   -0.424578   -0.407306   0.0282328
           6   -0.335179   -0.395285   0.0259981
           7   -0.406737   -0.396921   0.0220332
           8    -0.42945   -0.400987   0.0195098
           9   -0.339211   -0.394123   0.0185246
          10   -0.328548   -0.387566   0.0178194
          11   -0.384777   -0.387312   0.0161202
          12   -0.270042   -0.377539    0.017665
          13   -0.422104   -0.380968   0.0166071
          14   -0.316107   -0.376335    0.016058
          15   -0.379458   -0.376543   0.0149507
          16   -0.363392   -0.375721   0.0140092
          17   -0.353624   -0.374421   0.0132234
          18   -0.292627   -0.369877   0.0132695
          19   -0.381412   -0.370484   0.0125663
          20   -0.439814   -0.373951   0.0124152
          21   -0.426786   -0.376467   0.0120743
          22   -0.390809   -0.377118   0.0115308
          23   -0.406697   -0.378405   0.0110929
          24   -0.397305   -0.379192   0.0106498
          25   -0.357281   -0.378316   0.0102524
          26   -0.406007   -0.379381  0.00990764
          27    -0.32508    -0.37737  0.00974345
          28   -0.398191   -0.378113  0.00941842
          29   -0.366041   -0.377697  0.00909738
          30   -0.419487    -0.37909  0.00889861
          31   -0.365879   -0.378664  0.00861732
          32   -0.343138   -0.377554  0.00841721
          33   -0.442547   -0.379523  0.00839253
          34   -0.461571   -0.381936  0.00849204
          35   -0.402589   -0.382526  0.00826693
          36   -0.430752   -0.383866  0.00814493
          37   -0.384337   -0.383879  0.00792175
          38   -0.415042   -0.384699  0.00775395
          39    -0.38233   -0.384638  0.00755276
          40   -0.393447   -0.384858  0.00736481
          41   -0.335393   -0.383652  0.00728356
          42    -0.40205    -0.38409  0.00712151
          43   -0.324758    -0.38271  0.00708949
          44   -0.332381   -0.381566  0.00702031
          45   -0.402349   -0.382028  0.00687805
          46   -0.461699    -0.38376  0.00694625
          47   -0.355098    -0.38315  0.00682416
          48   -0.419751   -0.383913  0.00672385
          49   -0.418542   -0.384619  0.00662302
          50   -0.380065   -0.384528  0.00648984
          51   -0.428423   -0.385389  0.00641928
          52   -0.370687   -0.385106  0.00630097
          53   -0.343442    -0.38432  0.00623073
          54   -0.346263   -0.383615  0.00615474
          55   -0.394167   -0.383807  0.00604484
          56   -0.433502   -0.384695  0.00600189
          57   -0.419244   -0.385301  0.00592673
          58    -0.33363    -0.38441  0.00589139
          59   -0.435525   -0.385276  0.00585513
          60   -0.382315   -0.385227  0.00575692
          61   -0.437136   -0.386078  0.00572536
          62   -0.293204    -0.38458  0.00582805
          63   -0.360633     -0.3842  0.00574738
          64   -0.326472   -0.383298  0.00572833
          65   -0.411126   -0.383726  0.00565574
          66   -0.430851    -0.38444  0.00561497
          67   -0.368349     -0.3842  0.00553574
          68   -0.440687    -0.38503  0.00551663
          69   -0.357906   -0.384637  0.00545028
          70   -0.409126   -0.384987  0.00538324
          71   -0.411947   -0.385367  0.00532044
          72   -0.403966   -0.385625  0.00525238
          73   -0.388862    -0.38567  0.00518012
          74   -0.385377   -0.385666  0.00510964
          75   -0.414006   -0.386043   0.0050552
          76    -0.35059   -0.385577     0.00501
          77   -0.414159   -0.385948  0.00495842
          78    -0.41467   -0.386316  0.00490827
          79   -0.421894   -0.386767  0.00486663
          80    -0.42115   -0.387197  0.00482459
          81   -0.391222   -0.387246  0.00476491
          82   -0.395698   -0.387349  0.00470758
          83   -0.324925   -0.386597  0.00471094
          84   -0.410183   -0.386878  0.00466298
          85   -0.404377   -0.387084  0.00461239
          86   -0.376769   -0.386964  0.00456002
          87   -0.420708   -0.387352  0.00452396
          88   -0.348334   -0.386908  0.00449418
          89   -0.438852   -0.387492  0.00448156
          90    -0.33861   -0.386949  0.00446465
          91   -0.316057    -0.38617  0.00448351
          92   -0.442559   -0.386783  0.00447667
          93   -0.264357   -0.385466  0.00461979
          94   -0.461658   -0.386277   0.0046417
          95   -0.384469   -0.386258  0.00459262
          96   -0.418192   -0.386591  0.00455669
          97   -0.462922   -0.387378  0.00457761
          98   -0.332849   -0.386821   0.0045647
          99   -0.318521   -0.386131  0.00457072
         100   -0.420185   -0.386472  0.00453758
         101   -0.346232   -0.386073  0.00451006
         102   -0.237049   -0.384612  0.00469856
         103   -0.390414   -0.384669  0.00465306
         104    -0.39007   -0.384721  0.00460839
         105   -0.413933   -0.384999  0.00457276
         106    -0.44849   -0.385598  0.00456885
         107      -0.386   -0.385602  0.00452595
         108    -0.41814   -0.385903  0.00449396
         109   -0.404677   -0.386075  0.00445587
         110   -0.376727    -0.38599  0.00441599
         111   -0.348067   -0.385648  0.00438935
         112    -0.39782   -0.385757  0.00435134
         113   -0.427556   -0.386127  0.00432849
         114   -0.372957   -0.386011  0.00429191
         115   -0.377654   -0.385939  0.00425504
         116   -0.415591   -0.386194  0.00422594
         117   -0.261806   -0.385131  0.00432245
         118   -0.338384   -0.384735  0.00430394
         119   -0.358411   -0.384514  0.00427334
         120   -0.260666   -0.383482  0.00436145
         121   -0.368775    -0.38336  0.00432697
         122   -0.221823   -0.382036  0.00449098
         123   -0.436775   -0.382481  0.00447649
         124    -0.35792   -0.382283  0.00444466
         125   -0.395528   -0.382389  0.00441023
         126   -0.440068   -0.382847  0.00439897
         127   -0.428911    -0.38321  0.00437925
         128   -0.360754   -0.383034  0.00434844
         129   -0.433839   -0.383428  0.00433254
         130    -0.32556   -0.382983  0.00432206
         131    -0.40186   -0.383127  0.00429136
         132   -0.417787    -0.38339  0.00426682
         133   -0.418358   -0.383652  0.00424277
         134   -0.326849   -0.383229  0.00423227
         135    -0.42768   -0.383558  0.00421369
         136   -0.389399   -0.383601  0.00418281
         137   -0.411382   -0.383804  0.00415712
         138   -0.361747   -0.383644  0.00412998
         139    -0.41624   -0.383878  0.00410686
         140   -0.443353   -0.384303  0.00409949
         141   -0.373299   -0.384225  0.00407106
         142   -0.426645   -0.384524  0.00405331
         143    -0.44518   -0.384948  0.00404715
         144   -0.367989    -0.38483  0.00402068
         145   -0.383519   -0.384821  0.00399286
         146   -0.397081   -0.384905  0.00396631
         147   -0.412302   -0.385091  0.00394364
         148   -0.429614   -0.385392  0.00392844
         149   -0.383205   -0.385378  0.00390201
         150   -0.352492   -0.385158  0.00388211
         151   -0.425253   -0.385424  0.00386544
         152   -0.450633   -0.385853  0.00386382
         153   -0.451666   -0.386283  0.00386251
         154   -0.427796   -0.386553   0.0038468
         155   -0.376876    -0.38649  0.00382241
         156   -0.278973   -0.385801  0.00385986
         157   -0.407705    -0.38594  0.00383774
         158    -0.41753    -0.38614  0.00381861
         159   -0.407328   -0.386274  0.00379685
         160   -0.379167   -0.386229  0.00377331
         161   -0.435915   -0.386538  0.00376248
         162   -0.358835   -0.386367  0.00374309
         163   -0.411327    -0.38652   0.0037232
         164   -0.386092   -0.386517  0.00370043
         165   -0.399349   -0.386595  0.00367876
         166   -0.382458    -0.38657  0.00365662
         167   -0.328193   -0.386221  0.00365143
         168   -0.488696   -0.386831  0.00368052
         169   -0.454248    -0.38723  0.00368036
         170   -0.427094   -0.387464  0.00366616
         171   -0.385193   -0.387451  0.00364468
         172    -0.43182   -0.387709   0.0036326
         173    -0.33366   -0.387396  0.00362503
         174   -0.405568   -0.387501  0.00360565
         175   -0.246617   -0.386696  0.00367426
         176   -0.432488   -0.386956  0.00366258
         177   -0.371366   -0.386868  0.00364289
         178   -0.418087   -0.387043  0.00362661
         179   -0.389418   -0.387056  0.00360632
         180   -0.382358    -0.38703  0.00358633
         181   -0.379074   -0.386986  0.00356673
         182   -0.376095   -0.386927  0.00354758
         183   -0.292221   -0.386409   0.0035659
         184   -0.416279   -0.386571  0.00355018
         185   -0.318803   -0.386205  0.00354988
         186   -0.426801   -0.386423  0.00353749
         187   -0.422991   -0.386619  0.00352395
         188   -0.394096   -0.386659  0.00350538
         189   -0.452735   -0.387008  0.00350427
         190     -0.4133   -0.387147  0.00348852
         191   -0.371485   -0.387065  0.00347118
         192    -0.41993   -0.387236  0.00345729
         193   -0.422368   -0.387418  0.00344414
         194   -0.390639   -0.387434  0.00342638
         195    -0.34809   -0.387233  0.00341473
         196   -0.348195   -0.387033   0.0034031
         197   -0.328294   -0.386735  0.00339889
         198   -0.393544    -0.38677  0.00338185
         199   -0.375426   -0.386713   0.0033653
         200   -0.359504   -0.386577  0.00335119
