           1    0.337854    0.337854           0
           2    0.285874    0.311864     0.02599
           3    0.332816    0.318848    0.016551
           4    0.351571    0.327029   0.0142791
           5    0.312427    0.324108   0.0114396
           6    0.280522    0.316844   0.0118327
           7     0.34365    0.320673   0.0107086
           8    0.318325     0.32038  0.00927855
           9    0.314544    0.319731  0.00820856
          10    0.311303    0.318889  0.00739019
          11    0.280263    0.315377  0.00755083
          12    0.325518    0.316222  0.00694454
          13    0.310813    0.315806  0.00640159
          14    0.331477    0.316925  0.00603149
          15    0.308153    0.316341  0.00564538
          16     0.32497     0.31688  0.00530825
          17    0.356503    0.319211  0.00550408
          18    0.325314     0.31955  0.00520036
          19    0.321605    0.319658  0.00492024
          20    0.321912    0.319771  0.00466911
          21    0.401239     0.32365    0.005897
          22    0.264695     0.32097  0.00622853
          23    0.289655    0.319609  0.00610531
          24    0.307128    0.319089  0.00586848
          25    0.322058    0.319207   0.0056301
          26    0.324058    0.319394  0.00541244
          27    0.298701    0.318628  0.00526422
          28    0.302226    0.318042  0.00510643
          29    0.297468    0.317332  0.00497802
          30    0.374842    0.319249  0.00517721
          31    0.339285    0.319896  0.00504896
          32    0.328537    0.320166  0.00489609
          33    0.357458    0.321296   0.0048781
          34    0.322102     0.32132  0.00473252
          35    0.344646    0.321986  0.00464339
          36    0.294716    0.321229   0.0045757
          37    0.377398    0.322747  0.00470212
          38     0.31583    0.322565  0.00458032
          39     0.31654     0.32241  0.00446401
          40    0.309439    0.322086  0.00436304
          41    0.358289    0.322969  0.00434594
          42    0.309958    0.322659  0.00425251
          43    0.281252    0.321696  0.00426263
          44    0.291477    0.321009  0.00422087
          45    0.307363    0.320706  0.00413714
          46    0.318521    0.320659  0.00404648
          47    0.306527    0.320358  0.00397085
          48    0.352543    0.321028  0.00394465
          49    0.347191    0.321562  0.00390003
          50    0.343888    0.322009  0.00384723
          51    0.287216    0.321327  0.00383225
          52    0.325824    0.321413  0.00375883
          53    0.381448    0.322546   0.0038573
          54    0.311618    0.322344   0.0037906
          55    0.347816    0.322807  0.00374975
          56    0.334948    0.323023  0.00368856
          57    0.312064    0.322831  0.00362837
          58    0.325132    0.322871  0.00356548
          59    0.327425    0.322948  0.00350538
          60    0.299943    0.322565  0.00346772
          61    0.327659    0.322648  0.00341142
          62    0.268155    0.321769  0.00346913
          63    0.345104     0.32214  0.00343366
          64    0.347022    0.322528  0.00340187
          65    0.315848    0.322426   0.0033507
          66    0.345795     0.32278  0.00331849
          67    0.302492    0.322477  0.00328258
          68    0.279423    0.321844  0.00329534
          69    0.288801    0.321365  0.00328235
          70    0.326214    0.321434  0.00323587
          71    0.332711    0.321593  0.00319392
          72    0.370423    0.322271  0.00322144
          73    0.318424    0.322218  0.00317744
          74    0.352209    0.322624  0.00316031
          75    0.303935    0.322375  0.00312782
          76    0.312746    0.322248  0.00308899
          77    0.295375    0.321899  0.00306852
          78     0.34858    0.322241  0.00304818
          79    0.316776    0.322172  0.00301015
          80    0.350369    0.322524  0.00299311
          81    0.274468    0.321931  0.00301488
          82    0.276413    0.321376  0.00302918
          83    0.320027     0.32136   0.0029925
          84     0.29499    0.321046  0.00297328
          85    0.332819    0.321184  0.00294136
          86    0.313574    0.321096   0.0029083
          87    0.229704    0.320045   0.0030606
          88    0.319196    0.320036  0.00302564
          89    0.322898    0.320068  0.00299162
          90    0.306864    0.319921  0.00296183
          91     0.31932    0.319914  0.00292911
          92    0.295939    0.319654  0.00290879
          93    0.335955    0.319829  0.00288268
          94    0.375431    0.320421  0.00291254
          95    0.279917    0.319994  0.00291309
          96    0.322406    0.320019   0.0028827
          97    0.311343     0.31993  0.00285422
          98    0.353681    0.320274  0.00284587
          99    0.334756    0.320421  0.00282077
         100    0.323189    0.320448  0.00279256
         101    0.352367    0.320764  0.00278277
         102    0.269605    0.320263  0.00280063
         103    0.372018    0.320765  0.00281846
         104    0.332563    0.320879  0.00279353
         105    0.343405    0.321093  0.00277511
         106     0.34773    0.321345  0.00276026
         107    0.311635    0.321254  0.00273585
         108    0.339243     0.32142  0.00271551
         109    0.325646    0.321459  0.00269076
         110      0.3212    0.321457  0.00266619
         111    0.366992    0.321867  0.00267372
         112     0.28949    0.321578  0.00266546
         113    0.327663    0.321632  0.00264232
         114    0.335374    0.321752  0.00262181
         115    0.331434    0.321836  0.00260028
         116    0.316754    0.321793  0.00257813
         117    0.340171     0.32195  0.00256083
         118    0.329695    0.322015  0.00253988
         119    0.302448    0.321851  0.00252381
         120    0.323261    0.321863  0.00250272
         121    0.300379    0.321685  0.00248829
         122    0.298822    0.321498  0.00247491
         123    0.348831     0.32172  0.00246475
         124    0.319399    0.321701  0.00244486
         125    0.315992    0.321656  0.00242565
         126    0.306884    0.321538  0.00240918
         127    0.317482    0.321506  0.00239035
         128    0.324922    0.321533  0.00237175
         129    0.318379    0.321509  0.00235342
         130    0.264805    0.321072  0.00237563
         131    0.346519    0.321267  0.00236542
         132    0.340008    0.321409  0.00235172
         133    0.314592    0.321357  0.00233453
         134      0.3446    0.321531  0.00232353
         135    0.320181    0.321521  0.00230627
         136     0.32129    0.321519  0.00228925
         137    0.336292    0.321627  0.00227504
         138    0.277462    0.321307  0.00228106
         139    0.354365    0.321545  0.00227704
         140    0.357139    0.321799  0.00227497
         141    0.315061    0.321751  0.00225928
         142    0.351831    0.321963  0.00225329
         143    0.341062    0.322097  0.00224146
         144    0.356615    0.322336  0.00223871
         145    0.321079    0.322328  0.00222324
         146    0.367398    0.322636  0.00222943
         147    0.414641    0.323262  0.00230097
         148    0.366205    0.323552  0.00230372
         149    0.324852    0.323561  0.00228822
         150    0.303549    0.323428  0.00227683
         151      0.3725    0.323753  0.00228493
         152    0.371536    0.324067  0.00229151
         153    0.364073    0.324329  0.00229145
         154    0.319884      0.3243  0.00227671
         155    0.291627    0.324089  0.00227177
         156    0.262473    0.323694  0.00229146
         157    0.324455    0.323699  0.00227682
         158    0.310217    0.323613  0.00226398
         159    0.349331    0.323775   0.0022555
         160    0.314402    0.323717  0.00224212
         161    0.353549    0.323902  0.00223584
         162    0.253312    0.323466  0.00226432
         163    0.307574    0.323369   0.0022525
         164    0.321497    0.323357  0.00223875
         165    0.336711    0.323438  0.00222661
         166    0.290434    0.323239  0.00222207
         167    0.334805    0.323309  0.00220981
         168    0.376767    0.323627  0.00221955
         169    0.340891    0.323729  0.00220874
         170    0.384702    0.324088  0.00222481
         171     0.30449    0.323973  0.00221472
         172    0.314305    0.323917  0.00220253
         173    0.350958    0.324073  0.00219533
         174    0.324972    0.324078  0.00218268
         175    0.290992    0.323889   0.0021784
         176    0.340388    0.323983  0.00216801
         177    0.382806    0.324315  0.00218119
         178    0.290125    0.324123  0.00217739
         179    0.299877    0.323988  0.00216943
         180    0.311065    0.323916  0.00215854
         181    0.320992      0.3239  0.00214664
         182    0.335454    0.323963  0.00213575
         183    0.325162     0.32397  0.00212406
         184    0.326188    0.323982  0.00211252
         185    0.318416    0.323952  0.00210129
         186    0.335836    0.324016  0.00209094
         187    0.327569    0.324035  0.00207981
         188    0.332984    0.324082  0.00206927
         189    0.333486    0.324132  0.00205889
         190    0.305286    0.324033  0.00205042
         191    0.317848    0.324001  0.00203992
         192    0.375301    0.324268  0.00204678
         193    0.305314     0.32417  0.00203851
         194     0.33004      0.3242  0.00202821
         195    0.301031    0.324081  0.00202127
         196    0.376209    0.324347  0.00202844
         197    0.320726    0.324329  0.00201821
         198    0.320467    0.324309  0.00200808
         199    0.313874    0.324257  0.00199865
         200    0.296888     0.32412  0.00199334
