           1   -0.633319   -0.633319           0
           2   -0.734039   -0.683679     0.05036
           3   -0.763573    -0.71031   0.0394287
           4   -0.789137   -0.730017   0.0341418
           5   -0.737005   -0.731414    0.026483
           6   -0.615702   -0.712129    0.028974
           7   -0.750386   -0.717594     0.02509
           8   -0.747775   -0.721367   0.0220537
           9   -0.653755   -0.713854   0.0208499
          10   -0.639851   -0.706454   0.0200634
          11    -0.66504   -0.702689   0.0185345
          12    -0.59556   -0.693762   0.0191304
          13   -0.732917   -0.696774   0.0178533
          14   -0.647584    -0.69326   0.0168982
          15   -0.687611   -0.692883   0.0157359
          16   -0.688362   -0.692601   0.0147223
          17   -0.710126   -0.693632   0.0138676
          18   -0.617941   -0.689427   0.0137341
          19   -0.703017   -0.690142   0.0130108
          20   -0.761727   -0.693721   0.0128516
          21   -0.828025   -0.700117   0.0137962
          22   -0.655503   -0.698089   0.0133096
          23   -0.696353   -0.698013    0.012718
          24   -0.704433   -0.698281   0.0121795
          25   -0.679338   -0.697523   0.0117067
          26   -0.730065   -0.698775   0.0113168
          27   -0.623781   -0.695997   0.0112383
          28   -0.700417   -0.696155   0.0108306
          29   -0.663509   -0.695029   0.0105109
          30   -0.794329   -0.698339   0.0106804
          31   -0.705164   -0.698559   0.0103324
          32   -0.671675   -0.697719   0.0100396
          33   -0.800006   -0.700819   0.0102123
          34   -0.783673   -0.703256   0.0102027
          35   -0.747235   -0.704512  0.00998628
          36   -0.725468   -0.705094  0.00972236
          37   -0.761734   -0.706625  0.00957905
          38   -0.730873   -0.707263  0.00934537
          39    -0.69887   -0.707048  0.00910514
          40   -0.702887   -0.706944   0.0088752
          41   -0.693682   -0.706621  0.00866207
          42   -0.712008   -0.706749  0.00845429
          43    -0.60601   -0.704406  0.00858132
          44   -0.623858   -0.702575  0.00858156
          45   -0.709712   -0.702734  0.00839019
          46    -0.78022   -0.704418  0.00837688
          47   -0.661625   -0.703508  0.00824712
          48   -0.772294   -0.704941  0.00819967
          49   -0.765733   -0.706182  0.00812586
          50   -0.723954   -0.706537  0.00796962
          51   -0.715639   -0.706716  0.00781382
          52   -0.696511   -0.706519   0.0076646
          53   -0.724891   -0.706866  0.00752658
          54   -0.657881   -0.705959  0.00744138
          55   -0.741983   -0.706614  0.00733413
          56    -0.76845   -0.707718  0.00728614
          57   -0.731308   -0.708132  0.00716912
          58   -0.658762   -0.707281  0.00709567
          59   -0.762949   -0.708224  0.00703791
          60   -0.682258   -0.707791  0.00693313
          61   -0.764795   -0.708726  0.00688227
          62    -0.56136   -0.706349  0.00717546
          63   -0.705737   -0.706339  0.00706065
          64   -0.673494   -0.705826  0.00696838
          65   -0.726974   -0.706152  0.00686804
          66   -0.776646    -0.70722    0.006847
          67   -0.670841   -0.706677  0.00676586
          68    -0.72011   -0.706874  0.00666854
          69   -0.646707   -0.706002  0.00662879
          70    -0.73534   -0.706421  0.00654684
          71   -0.744658    -0.70696   0.0064764
          72    -0.77439   -0.707896  0.00645412
          73   -0.707286   -0.707888   0.0063651
          74   -0.737586   -0.708289  0.00629131
          75   -0.717942   -0.708418   0.0062082
          76   -0.663336   -0.707825  0.00615462
          77   -0.709533   -0.707847   0.0060742
          78    -0.76325   -0.708557  0.00603775
          79    -0.73867   -0.708939    0.005973
          80    -0.77152   -0.709721  0.00594952
          81   -0.665691   -0.709177   0.0059007
          82   -0.672111   -0.708725   0.0058458
          83   -0.644952   -0.707957  0.00582583
          84   -0.705173   -0.707924  0.00575615
          85   -0.737196   -0.708268  0.00569845
          86   -0.690344    -0.70806  0.00563565
          87   -0.650412   -0.707397  0.00560977
          88   -0.667531   -0.706944  0.00556413
          89    -0.76175    -0.70756  0.00553561
          90   -0.645474    -0.70687  0.00551706
          91   -0.635377   -0.706084  0.00551237
          92   -0.738499   -0.706437  0.00546349
          93   -0.600313   -0.705296  0.00552358
          94   -0.837089   -0.706698  0.00564151
          95   -0.664386   -0.706252  0.00559955
          96   -0.740598    -0.70661  0.00555245
          97   -0.774265   -0.707307    0.005539
          98    -0.68653   -0.707095  0.00548628
          99   -0.653277   -0.706552  0.00545773
         100   -0.743374    -0.70692  0.00541541
         101   -0.698599   -0.706838  0.00536215
         102   -0.506653   -0.704875  0.00566045
         103   -0.762432   -0.705434  0.00563301
         104   -0.722633   -0.705599  0.00558103
         105   -0.757338   -0.706092  0.00554954
         106    -0.79622   -0.706942  0.00556231
         107   -0.697635   -0.706855  0.00551077
         108   -0.757383   -0.707323  0.00547951
         109   -0.730323   -0.707534  0.00543311
         110   -0.697927   -0.707447   0.0053842
         111   -0.715059   -0.707515  0.00533591
         112   -0.687309   -0.707335  0.00529113
         113    -0.75522   -0.707759  0.00526119
         114   -0.708331   -0.707764  0.00521484
         115   -0.709088   -0.707775  0.00516931
         116   -0.732345   -0.707987  0.00512893
         117   -0.601977   -0.707081  0.00516499
         118   -0.668079    -0.70675  0.00513169
         119   -0.660859   -0.706365  0.00510298
         120   -0.583927   -0.705345  0.00516211
         121   -0.669154   -0.705045    0.005128
         122   -0.520645   -0.703534  0.00530565
         123   -0.785607   -0.704201  0.00530447
         124   -0.677319   -0.703984  0.00526598
         125    -0.71152   -0.704045  0.00522403
         126   -0.746952   -0.704385  0.00519358
         127   -0.746393   -0.704716  0.00516313
         128   -0.685676   -0.704567   0.0051248
         129   -0.752219   -0.704937  0.00509831
         130   -0.590364   -0.704055  0.00513514
         131   -0.748379   -0.704394  0.00510701
         132   -0.757795   -0.704798  0.00508429
         133    -0.73295    -0.70501  0.00505036
         134   -0.671448   -0.704759  0.00501878
         135   -0.747861   -0.705079  0.00499169
         136   -0.710689    -0.70512  0.00495502
         137   -0.747674   -0.705431  0.00492852
         138   -0.639209   -0.704951  0.00491615
         139   -0.770605   -0.705423  0.00490345
         140   -0.800492   -0.706102  0.00491543
         141   -0.688361   -0.705976  0.00488207
         142   -0.778476   -0.706487  0.00487438
         143   -0.786242   -0.707045   0.0048722
         144   -0.724604   -0.707167  0.00483978
         145   -0.704598   -0.707149  0.00480632
         146   -0.764479   -0.707541  0.00478941
         147   -0.826943   -0.708354  0.00482557
         148   -0.795819   -0.708945  0.00482915
         149   -0.708057   -0.708939  0.00479664
         150   -0.656041   -0.708586  0.00477759
         151   -0.797754   -0.709177  0.00478244
         152   -0.822169    -0.70992  0.00480868
         153    -0.81574   -0.710612  0.00482695
         154    -0.74768   -0.710852  0.00480154
         155   -0.668503   -0.710579  0.00477828
         156   -0.541445   -0.709495  0.00486978
         157    -0.73216   -0.709639  0.00484081
         158   -0.727747   -0.709754  0.00481144
         159   -0.756659   -0.710049  0.00479018
         160    -0.69357   -0.709946  0.00476126
         161   -0.789465    -0.71044   0.0047573
         162   -0.612147   -0.709833  0.00476662
         163   -0.718901   -0.709889  0.00473761
         164   -0.707588   -0.709875  0.00470866
         165    -0.73606   -0.710033  0.00468272
         166   -0.672892    -0.70981   0.0046598
         167   -0.662998   -0.709529  0.00464029
         168   -0.865463   -0.710457  0.00470505
         169   -0.795139   -0.710959  0.00470389
         170   -0.811796   -0.711552  0.00471361
         171   -0.689683   -0.711424  0.00468771
         172   -0.746125   -0.711626  0.00466474
         173   -0.684618   -0.711469  0.00464032
         174   -0.730539   -0.711579  0.00461488
         175   -0.537609   -0.710585  0.00469489
         176   -0.772876   -0.710939  0.00468153
         177   -0.754172   -0.711183  0.00466141
         178   -0.708212   -0.711166  0.00463518
         179   -0.689294   -0.711044  0.00461083
         180   -0.693423   -0.710946  0.00458619
         181   -0.700066   -0.710886  0.00456118
         182   -0.711549    -0.71089  0.00453605
         183   -0.617383   -0.710379  0.00454004
         184   -0.742467   -0.710553  0.00451866
         185   -0.637219   -0.710157  0.00451162
         186   -0.762637   -0.710439  0.00449616
         187    -0.75056   -0.710654   0.0044772
         188    -0.72708   -0.710741  0.00445417
         189   -0.786221    -0.71114  0.00444851
         190   -0.718586    -0.71118  0.00442521
         191   -0.689333   -0.711065  0.00440346
         192   -0.795231   -0.711504  0.00440235
         193   -0.727682   -0.711587  0.00438028
         194   -0.720679   -0.711634  0.00435789
         195   -0.649121   -0.711314  0.00434732
         196   -0.724404    -0.71138   0.0043256
         197    -0.64902   -0.711064  0.00431522
         198   -0.714011   -0.711079  0.00429339
         199   -0.689299   -0.710969  0.00427316
         200   -0.656391   -0.710696  0.00426049
