0.345789   -0.071998   0.0774508
0.102757   0.0423881   -0.234062
-0.279284   -0.466037   0.143286
0.348174   -0.154973   -0.106376
0.14142   0.25596   0.0860038
-0.126685   -0.344289   0.00401575
0.0955298   0.433208   -0.0252687
-0.131346   -0.316656   -0.344829
-0.427145   -0.259353   -0.153964
0.302276   -0.280886   0.141238
-0.424253   0.195452   -0.409711
-0.199104   0.327143   -0.271711
-0.334829   0.377389   0.444877
0.353225   0.15277   -0.261701
-0.00389993   -0.467719   0.133665
0.426552   -0.382664   0.42145
-0.193029   0.01927   -0.0491853
-0.460758   0.167704   -0.237387
-0.0110522   -0.10925   0.340997
0.168276   -0.305102   0.325886
-0.303414   0.339748   0.0883084
-0.448151   -0.280107   -0.465492
0.284097   0.471892   -0.378156
-0.442992   0.0814507   0.0523142
0.436192   0.436503   0.270931
-0.0778614   0.351032   -0.127964
0.204154   -0.430566   0.0296886
0.281772   0.205921   0.39968
0.364494   -0.183713   0.495771
-0.398944   0.357352   -0.283877
-0.0887518   0.484916   -0.342956
-0.308632   -0.0995147   -0.0114151
0.160578   0.275225   -0.196893
0.0804419   0.463773   0.329981
-0.155273   0.119267   0.114571
0.384982   0.111141   0.139781
0.083558   0.346392   -0.345879
-0.160917   0.46092   0.329054
0.475793   0.27549   -0.0353911
-0.181511   -0.111436   -0.326755
-0.199179   -0.0682824   0.239403
-0.472349   0.243417   0.381343
-0.425006   0.49872   -0.152168
0.217764   0.434778   0.172635
-0.245911   -0.0621468   0.497304
0.221968   -0.2931   -0.153407
0.0892579   -0.399722   -0.30123
0.209634   -0.220415   -0.340766
0.0072257   0.157196   -0.0675959
-0.185912   0.262601   0.480788
0.320605   0.378715   0.00640597
0.303469   -0.0413308   -0.309091
-0.0841689   0.311144   0.0841478
0.302503   0.00551348   0.370825
-0.389625   -0.0546605   0.146502
-0.0444627   0.0283963   0.488177
0.372102   -0.41294   -0.0702882
0.173053   -0.131532   0.436686
0.198055   -0.38477   -0.4871
-0.47737   0.490107   0.085486
-0.480812   0.263677   0.177673
-0.307023   -0.372589   -0.0203595
0.331558   0.28743   0.218746
0.292678   -0.430221   0.288211
-0.327656   -0.400589   -0.281202
0.48341   -0.261903   0.0393712
-0.0543556   0.180448   -0.336056
-0.345948   -0.402227   0.32888
0.118882   0.093372   0.310273
0.0351153   0.0150362   0.15046
-0.0173278   0.366374   0.466838
0.368855   0.0914074   -0.463267
0.00512029   -0.191483   -0.457195
0.0954953   0.283461   0.297991
-0.136769   -0.307093   0.188845
-0.23287   0.490063   -0.151556
-0.497122   -0.00499456   0.300527
-0.311723   0.0980547   0.375068
0.397755   -0.259976   -0.26391
0.220443   -0.481698   -0.18428
0.0896265   0.194623   0.492888
0.440106   0.408458   0.491889
0.152911   -0.016388   -0.418829
0.365612   0.376781   -0.227824
0.130463   0.0122045   -0.0517643
-0.109651   -0.142316   0.0206554
0.424591   0.0351236   -0.0926491
-0.409483   -0.176961   0.359791
0.24977   0.409487   0.392107
-0.231146   0.243535   0.260963
-0.386149   0.0602641   -0.110735
-0.200142   -0.303352   0.435538
-0.2494   0.199137   -0.108507
0.0041768   -0.381252   0.473068
-0.455258   -0.00517673   0.491877
-0.4834   -0.464852   -0.36171
-0.225902   0.0462975   -0.232551
-0.232032   0.0995373   -0.410482
0.482664   -0.348438   0.244232
-0.476981   -0.0715807   -0.235044
-0.0168494   -0.127082   -0.18381
0.274819   0.280787   -0.405575
-0.222639   -0.227411   -0.130063
-0.00118863   -0.353125   -0.137878
0.0594212   -0.270979   0.0833071
-0.291946   -0.458541   -0.461922
-0.0829989   0.140089   0.317193
0.287827   0.184847   -0.0281364
