-3.51475
-3.51475
-3.51475
-3.51354
-3.51007
-3.50493
-3.50146
-3.49829
-3.49603
-3.49588
-3.49527
-3.49436
-3.49496
-3.49601
-3.49676
-3.49751
-3.49857
-3.49948
-3.50039
-3.50085
-3.50221
-3.50222
-3.50177
-3.50237
-3.50252
-3.50237
-3.50252
-3.50161
-3.50207
-3.50192
-3.50086
-3.50041
-3.50041
-3.50026
-3.50041
-3.50086
-3.50071
-3.50086
-3.50131
-3.50101
-3.50161
-3.50131
-3.50146
-3.50237
-3.50328
-3.50267
-3.50237
-3.50222
-3.50162
-3.50101
-3.50086
-3.50011
-3.50011
-3.49981
-3.50056
-3.49981
-3.49965
-3.4992
-3.4995
-3.49935
-3.49965
-3.50041
-3.4998
-3.4995
-3.4989
-3.49844
-3.49754
-3.49694
-3.49754
-3.49799
-3.49708
-3.49633
-3.49557
-3.49482
-3.49512
-3.49558
-3.49573
-3.49497
-3.49573
-3.49663
-3.49648
-3.49452
-3.49558
-3.49497
-3.49467
-3.49557
-3.49527
-3.49512
-3.49663
-3.49633
-3.49663
-3.49587
-3.49572
-3.49557
-3.49572
-3.49497
-3.49512
-3.49467
-3.49527
-3.49467
-3.49512
-3.49467
-3.49406
-3.49467
-3.49467
-3.49482
-3.49482
-3.49451
-3.49466
-3.49557
-3.49557
-3.49573
-3.49648
-3.49679
-3.49573
-3.49588
-3.49634
-3.49724
-3.49679
-3.49648
-3.49724
-3.49633
-3.49723
-3.49739
-3.49799
-3.49874
-3.49905
-3.49904
-3.49783
-3.49708
-3.49753
-3.49799
-3.49708
-3.49708
-3.49769
-3.49859
-3.49769
-3.49784
-3.49799
-3.49905
-3.4992
-3.4995
-3.50025
-3.49965
-3.49905
-3.49844
-3.49814
-3.49799
-3.49844
-3.49798
-3.49798
-3.49693
-3.49738
-3.49844
-3.4989
-3.50056
-3.50041
-3.50041
-3.49935
-3.4995
-3.50025
-3.49994
-3.49995
-3.50071
-3.50041
-3.50041
-3.4998
-3.4995
-3.4995
-3.49889
-3.49905
-3.49814
-3.49754
-3.49799
-3.49814
-3.4989
-3.4989
-3.49965
-3.49905
-3.49936
-3.49754
-3.49799
-3.49859
-3.49859
-3.49768
-3.49798
-3.49799
-3.49874
-3.4989
-3.50056
-3.50041
-3.50041
-3.50101
-3.50041
-3.49965
-3.49996
-3.50071
-3.50056
-3.50025
-3.50041
-3.4998
-3.4998
-3.5001
-3.50161
-3.50146
-3.50206
-3.50206
-3.50161
-3.50116
-3.50086
-3.50191
-3.50131
-3.50086
-3.50041
-3.4992
-3.4995
-3.49965
-3.49905
-3.49965
-3.4995
-3.4998
-3.49935
-3.49889
-3.4998
-3.49904
-3.49904
-3.49844
-3.49814
-3.49798
-3.49738
-3.49768
-3.49692
-3.49677
-3.49693
-3.49617
-3.49633
-3.49648
-3.49587
-3.49618
-3.49618
-3.49618
-3.49678
-3.49617
-3.49587
-3.49526
-3.49692
-3.49768
-3.49753
-3.49889
-3.49874
-3.50025
-3.49965
-3.49814
-3.49874
-3.49874
-3.49859
-3.49708
-3.49708
-3.49813
-3.49814
-3.49889
-3.49889
-3.49935
-3.49934
-3.49889
-3.49889
-3.49874
-3.49889
-3.49889
-3.49874
-3.49829
-3.49799
-3.49678
-3.49618
-3.49573
-3.49558
-3.49603
-3.49587
-3.49617
-3.49556
-3.49496
-3.49466
-3.49436
-3.49406
-3.49436
-3.49437
-3.49527
-3.49497
-3.49286
-3.49316
-3.49421
-3.49617
-3.49662
-3.49798
-3.49723
-3.49799
-3.4992
-3.49874
-3.49875
-3.49905
-3.4989
-3.4986
-3.49875
-3.4986
-3.49905
-3.4992
-3.4995
-3.50026
-3.50011
-3.50101
-3.50116
-3.50146
-3.50161
-3.50222
-3.50161
-3.50147
-3.50132
-3.50102
-3.50117
-3.50087
-3.50147
-3.50131
-3.50206
-3.50176
-3.50131
-3.50055
-3.49965
-3.4995
-3.4995
-3.50041
-3.50116
-3.50086
-3.50071
-3.50086
-3.4998
-3.49889
-3.49874
-3.49889
-3.49919
-3.50009
-3.49949
-3.49919
-3.49889
-3.4992
-3.49844
-3.49905
-3.49799
-3.49829
-3.49784
-3.49753
-3.49647
-3.49572
-3.49542
-3.49557
-3.49648
-3.49557
-3.49572
-3.49648
-3.49617
-3.49602
-3.49647
-3.49662
-3.49738
-3.49708
-3.49738
-3.49829
-3.49784
-3.49859
-3.49829
-3.49799
-3.49814
-3.49723
-3.49738
-3.49753
-3.49723
-3.49723
-3.49693
-3.49633
-3.49648
-3.49648
-3.49587
-3.49617
-3.49633
-3.49784
-3.49859
-3.49874
-3.49799
-3.49632
-3.49708
-3.49572
-3.49511
-3.49662
-3.49723
-3.49677
-3.49723
-3.49829
-3.49829
-3.49844
-3.49874
-3.49768
-3.49798
-3.49843
-3.49768
-3.49844
-3.49874
-3.49904
-3.49904
-3.50025
-3.50146
-3.501
-3.5007
-3.50055
-3.50055
-3.49964
-3.49874
-3.49813
-3.49904
-3.49844
-3.49904
-3.49859
-3.49799
-3.49814
-3.49798
-3.49813
-3.49768
-3.49798
-3.49858
-3.49873
-3.49858
-3.49783
-3.49783
-3.49844
-3.49874
-3.49859
-3.49768
-3.49738
-3.49738
-3.49707
-3.49798
-3.49889
-3.49829
-3.49784
-3.49739
-3.49723
-3.49678
-3.49648
-3.49602
-3.49632
-3.49662
-3.49662
-3.49723
-3.49753
-3.49753
-3.49723
-3.49677
-3.49632
-3.49663
-3.49723
-3.49814
-3.49844
-3.49753
-3.49663
-3.49633
-3.49572
-3.49588
-3.49588
-3.49572
-3.49542
-3.49617
-3.49587
-3.49557
-3.49542
-3.49602
-3.49602
-3.49663
-3.49738
-3.49738
-3.49738
-3.49905
-3.49784
-3.4983
-3.4986
-3.49815
-3.49966
-3.49995
-3.4998
-3.49995
-3.5001
-3.49995
-3.4998
-3.50041
-3.50102
-3.50102
-3.50071
-3.50116
-3.50222
-3.50327
-3.50342
-3.50266
-3.50282
-3.50252
-3.50267
-3.50222
-3.50328
-3.50313
-3.50283
-3.50298
-3.50253
-3.50207
-3.50117
-3.50147
-3.50026
-3.5001
-3.49949
-3.49904
-3.49995
-3.50025
-3.49874
-3.49905
-3.49799
-3.49814
-3.49799
-3.49814
-3.49799
-3.49814
-3.49784
-3.49844
-3.4989
-3.49784
-3.49693
-3.49572
-3.49633
-3.49723
-3.49844
-3.49829
-3.49814
-3.49874
-3.49904
-3.49904
-3.49859
-3.49889
-3.4998
-3.49965
-3.49965
-3.49844
-3.49768
-3.49783
-3.49753
-3.49844
-3.49678
-3.49618
-3.49603
-3.49557
-3.49603
-3.49633
-3.49617
-3.49511
-3.49572
-3.49542
-3.49497
-3.49497
-3.49421
-3.49361
-3.49375
-3.49405
-3.49511
-3.49526
-3.49421
-3.49451
-3.49542
-3.49618
-3.49603
-3.49663
-3.49724
-3.49738
-3.49753
-3.49693
-3.49647
-3.49632
-3.49708
-3.49693
-3.49663
-3.49738
-3.49769
-3.49784
-3.49799
-3.49829
-3.49889
-3.49829
-3.49874
-3.49828
-3.49768
-3.49813
-3.49859
-3.49844
-3.49768
-3.49663
-3.49693
-3.49602
-3.49481
-3.49405
-3.49405
-3.49451
-3.49451
-3.49527
-3.49481
-3.49375
-3.49436
-3.49466
-3.49405
-3.49375
-3.4936
-3.49496
-3.49451
-3.49496
-3.49526
-3.49481
-3.49465
-3.4942
-3.4942
-3.49435
-3.49557
-3.49466
-3.49436
-3.49482
-3.49512
-3.49406
-3.49421
-3.4936
-3.49345
-3.4936
-3.4939
-3.49375
-3.4936
-3.49451
-3.49496
-3.49542
-3.49587
-3.49542
-3.49511
-3.49512
-3.49587
-3.49602
-3.49708
-3.49769
-3.49784
-3.49724
-3.49724
-3.49754
-3.49769
-3.49753
-3.49753
-3.49753
-3.49813
-3.49874
-3.49843
-3.49813
-3.49738
-3.49754
-3.49678
-3.49633
-3.49603
-3.49633
-3.49708
-3.49663
-3.49572
-3.49617
-3.49722
-3.49737
-3.49798
-3.49798
-3.49753
-3.4995
-3.4995
-3.49979
-3.5001
-3.50055
-3.5001
-3.4992
-3.49935
-3.4998
-3.4995
-3.49934
-3.49844
-3.49889
-3.49843
-3.49888
-3.49919
-3.49919
-3.49964
-3.5007
-3.5001
-3.50101
-3.50086
-3.50071
-3.50116
-3.50161
-3.501
-3.50085
-3.501
-3.50085
-3.49949
-3.49949
-3.5001
-3.49919
-3.49859
-3.49738
-3.49829
-3.49769
-3.49829
-3.49799
-3.49784
-3.49814
-3.49768
-3.49783
-3.49783
-3.49843
-3.49768
-3.49813
-3.49783
-3.49828
-3.49768
-3.49784
-3.49859
-3.49965
-3.49995
-3.49995
-3.49934
-3.5001
-3.49889
-3.4995
-3.49934
-3.49828
-3.49903
-3.49903
-3.49843
-3.49934
-3.4995
-3.50041
-3.4998
-3.5001
-3.49995
-3.49965
-3.49934
-3.49858
-3.49873
-3.49933
-3.50024
-3.5004
-3.49964
-3.49934
-3.4998
-3.49889
-3.49889
-3.49919
-3.49843
-3.49798
-3.49707
-3.49844
-3.49814
-3.49859
-3.49753
-3.49693
-3.49753
-3.49829
-3.49859
-3.49798
-3.49782
-3.49843
-3.49707
-3.49737
-3.49768
-3.49692
-3.49647
-3.49647
-3.49647
-3.49602
-3.49586
-3.4948
-3.49465
-3.4942
-3.49375
-3.49421
-3.49496
-3.49572
-3.49693
-3.49754
-3.49693
-3.49754
-3.49784
-3.49693
-3.49693
-3.49678
-3.49768
-3.49738
-3.49798
-3.49859
-3.49798
-3.49829
-3.49828
-3.49964
-3.50025
-3.49889
-3.49843
-3.49889
-3.49859
-3.49783
-3.49662
-3.49738
-3.49783
-3.49768
-3.49813
-3.49994
-3.49979
-3.50025
-3.5001
-3.50086
-3.50146
-3.50131
-3.50025
-3.49964
-3.49889
-3.49813
-3.49798
-3.49859
-3.49934
-3.5001
-3.49979
-3.49994
-3.50085
-3.50055
-3.5004
-3.50025
-3.50025
-3.50086
-3.4998
-3.50055
-3.50131
-3.5007
-3.50071
-3.5001
-3.50071
-3.5001
-3.50025
-3.49965
-3.49935
-3.49829
-3.49829
-3.49844
-3.49844
-3.49814
-3.49844
-3.49995
-3.49904
-3.49859
-3.49919
-3.49904
-3.49979
-3.49995
-3.49965
-3.49935
-3.4998
-3.4998
-3.50071
-3.5004
-3.49965
-3.4998
-3.50056
-3.50101
-3.50086
-3.50146
-3.50176
-3.50191
-3.50176
-3.50221
-3.50236
-3.50342
-3.50327
-3.50252
-3.50071
-3.50086
-3.50041
-3.50056
-3.50056
-3.50026
-3.49995
-3.5001
-3.5001
-3.50115
-3.50085
-3.49949
-3.50025
-3.5007
-3.5001
-3.49995
-3.50056
-3.50192
-3.50207
-3.50238
-3.50177
-3.50147
-3.50132
-3.50117
-3.50026
-3.49965
-3.4995
-3.49934
-3.4998
-3.49995
-3.50025
-3.49995
-3.49965
-3.4995
-3.49904
-3.5001
-3.49919
-3.49935
-3.4992
-3.4992
-3.5001
-3.5001
-3.49965
-3.49904
-3.49919
-3.4998
-3.4998
-3.49905
-3.49875
-3.49829
-3.49753
-3.49828
-3.49843
-3.49874
-3.49813
-3.49798
-3.49965
-3.49859
-3.49844
-3.4995
-3.5001
-3.49979
-3.50055
-3.50206
-3.50176
-3.5013
-3.50055
-3.50025
-3.4998
-3.50085
-3.5007
-3.5001
-3.4998
-3.49995
-3.50055
-3.49994
-3.49873
-3.49813
-3.49843
-3.49904
-3.49904
-3.49889
-3.49949
-3.49995
-3.49904
-3.49964
-3.5001
-3.5013
-3.501
-3.50146
-3.50191
-3.50236
-3.50266
-3.50327
-3.50342
-3.50221
-3.50281
-3.50312
-3.50312
-3.50221
-3.50251
-3.50221
-3.50146
-3.50085
-3.50191
-3.50206
-3.50206
-3.50206
-3.50191
-3.50191
-3.50267
-3.50312
-3.50266
-3.50297
-3.50312
-3.50357
-3.50297
-3.50327
-3.50282
-3.50206
-3.50282
-2.13366
-2.13336
-2.13276
-2.1317
-2.13093
-2.13107
-2.13121
-2.13136
-2.13182
-2.13138
-2.13154
-2.13155
-2.13155
-2.13095
-2.13095
-2.13094
-2.13032
-2.1294
-2.12955
-2.13031
-2.13138
-2.13078
-2.13048
-2.13124
-2.13094
-2.13079
-2.1317
-2.132
-2.13139
-2.13033
-2.13078
-2.13048
-2.12942
-2.13017
-2.13032
-2.13047
-2.13017
-2.13048
-2.13033
-2.12942
-2.12867
-2.12958
-2.12898
-2.12928
-2.12943
-2.12928
-2.12867
-2.12942
-2.13032
-2.13017
-2.13077
-2.13138
-2.13063
-2.13049
-2.13004
-2.12989
-2.12913
-2.13018
-2.13063
-2.12957
-2.12821
-2.12761
-2.12776
-2.12837
-2.12837
-2.12852
-2.12867
-2.12927
-2.12866
-2.12881
-2.12745
-2.1273
-2.12866
-2.12882
-2.12897
-2.12958
-2.13018
-2.13109
-2.13049
-2.1323
-2.13275
-2.13245
-2.1329
-2.13245
-2.13245
-2.13184
-2.13183
-2.13123
-2.13077
-2.13093
-2.13169
-2.13124
-2.13124
-2.13109
-2.12883
-2.12883
-2.12882
-2.12882
-2.12837
-2.12821
-2.12791
-2.12776
-2.12731
-2.1267
-2.12625
-2.1258
-2.1264
-2.12714
-2.12744
-2.12805
-2.12776
-2.12762
-2.12808
-2.12778
-2.12732
-2.12791
-2.12686
-2.12746
-2.1261
-2.1264
-2.12701
-2.1267
-2.1273
-2.12911
-2.1294
-2.13046
-2.12941
-2.13122
-2.13183
-2.13168
-2.13138
-2.13138
-2.13048
-2.13033
-2.12973
-2.13063
-2.12942
-2.12896
-2.12881
-2.12866
-2.12836
-2.12806
-2.12761
-2.12897
-2.12836
-2.12866
-2.12881
-2.12865
-2.12881
-2.13002
-2.13093
-2.13078
-2.12973
-2.12927
-2.13033
-2.12957
-2.12987
-2.13032
-2.12987
-2.13016
-2.12986
-2.12972
-2.12927
-2.12821
-2.12942
-2.12837
-2.12897
-2.12912
-2.12866
-2.12851
-2.12776
-2.12836
-2.12881
-2.12895
-2.1285
-2.12941
-2.12956
-2.13077
-2.13017
-2.12941
-2.12895
-2.1291
-2.12911
-2.12881
-2.12881
-2.12927
-2.12882
-2.12942
-2.12882
-2.12837
-2.12792
-2.12913
-2.12928
-2.12867
-2.12972
-2.12896
-2.12896
-2.12956
-2.1294
-2.1285
-2.1282
-2.12881
-2.12821
-2.12822
-2.12868
-2.12883
-2.13048
-2.12973
-2.12972
-2.12973
-2.12942
-2.12973
-2.13078
-2.13063
-2.13138
-2.13108
-2.13153
-2.12987
-2.12972
-2.12987
-2.13018
-2.13049
-2.13004
-2.13004
-2.1314
-2.13215
-2.13305
-2.13244
-2.13244
-2.13213
-2.13198
-2.13108
-2.13214
-2.13093
-2.13138
-2.13108
-2.13078
-2.13062
-2.12957
-2.12957
-2.12791
-2.12897
-2.12972
-2.12896
-2.12775
-2.1273
-2.12821
-2.12836
-2.12866
-2.12881
-2.12866
-2.1273
-2.12715
-2.12639
-2.12699
-2.12729
-2.12759
-2.12698
-2.12759
-2.12715
-2.12655
-2.12715
-2.12715
-2.12685
-2.12745
-2.12836
-2.12851
-2.12881
-2.1294
-2.12879
-2.12955
-2.12955
-2.12956
-2.12911
-2.12942
-2.12867
-2.12806
-2.13032
-2.13047
-2.13077
-2.13091
-2.1303
-2.13106
-2.13122
-2.13077
-2.13002
-2.13063
-2.12927
-2.12836
-2.12866
-2.12714
-2.12563
-2.12593
-2.12532
-2.12562
-2.12548
-2.12443
-2.12458
-2.12398
-2.12322
-2.12322
-2.12337
-2.12276
-2.12246
-2.12292
-2.12337
-2.12398
-2.12428
-2.12367
-2.12412
-2.12367
-2.12382
-2.12442
-2.12457
-2.12488
-2.12458
-2.12503
-2.12458
-2.12427
-2.12367
-2.12336
-2.12306
-2.12291
-2.12292
-2.12292
-2.12368
-2.12308
-2.12354
-2.12505
-2.12489
-2.12457
-2.12516
-2.12578
-2.12625
-2.12549
-2.12503
-2.12518
-2.12442
-2.12458
-2.12534
-2.12625
-2.12595
-2.12624
-2.12594
-2.12548
-2.12623
-2.12729
-2.12654
-2.12745
-2.12806
-2.12821
-2.1282
-2.12835
-2.12834
-2.12788
-2.1291
-2.13001
-2.13002
-2.13017
-2.12987
-2.13032
-2.13047
-2.12896
-2.12942
-2.12851
-2.1276
-2.12774
-2.12774
-2.12804
-2.12789
-2.12699
-2.12654
-2.12639
-2.12579
-2.12488
-2.12518
-2.12548
-2.12488
-2.12398
-2.12443
-2.12397
-2.12548
-2.12729
-2.12759
-2.12744
-2.12729
-2.12744
-2.12714
-2.12774
-2.12623
-2.12729
-2.12592
-2.12577
-2.12638
-2.12744
-2.12729
-2.12835
-2.12941
-2.12986
-2.13031
-2.13152
-2.13212
-2.13183
-2.13183
-2.13123
-2.13108
-2.13062
-2.12971
-2.12925
-2.12865
-2.12895
-2.12804
-2.12669
-2.12578
-2.12654
-2.12684
-2.12684
-2.12759
-2.12774
-2.12881
-2.12775
-2.12729
-2.1282
-2.12775
-2.12776
-2.1267
-2.12594
-2.12548
-2.12396
-2.12427
-2.12457
-2.12502
-2.12593
-2.12668
-2.12593
-2.12548
-2.12533
-2.12502
-2.12502
-2.12501
-2.12547
-2.12563
-2.12518
-2.12337
-2.12397
-2.12457
-2.12412
-2.12366
-2.12487
-2.12533
-2.12533
-2.12457
-2.12472
-2.12488
-2.12504
-2.12639
-2.12608
-2.12713
-2.12727
-2.12698
-2.12729
-2.12805
-2.1285
-2.12865
-2.1291
-2.12971
-2.13001
-2.13046
-2.13001
-2.12986
-2.12955
-2.12879
-2.12924
-2.12788
-2.12818
-2.12834
-2.1291
-2.12925
-2.13001
-2.13001
-2.13076
-2.13001
-2.1297
-2.1303
-2.13
-2.1306
-2.13076
-2.13015
-2.12985
-2.12985
-2.13061
-2.13076
-2.1306
-2.13105
-2.13226
-2.13106
-2.13106
-2.1294
-2.13016
-2.13001
-2.13031
-2.12955
-2.1297
-2.1297
-2.12925
-2.13015
-2.13061
-2.13061
-2.13015
-2.13106
-2.1309
-2.1309
-2.12954
-2.12955
-2.1288
-2.1291
-2.12834
-2.12864
-2.12803
-2.12818
-2.12954
-2.13045
-2.1309
-2.13121
-2.13136
-2.13106
-2.13106
-2.13106
-2.13
-2.13061
-2.12955
-2.1294
-2.1291
-2.12865
-2.12789
-2.12804
-2.12788
-2.12727
-2.12667
-2.12606
-2.12637
-2.12668
-2.12683
-2.12744
-2.12759
-2.12728
-2.12728
-2.12683
-2.12849
-2.12849
-2.1291
-2.12895
-2.1294
-2.13091
-2.13075
-2.13075
-2.12954
-2.12909
-2.12864
-2.13
-2.1297
-2.12955
-2.13076
-2.13122
-2.13031
-2.13182
-2.13076
-2.1309
-2.13135
-2.13089
-2.13045
-2.13016
-2.13091
-2.12985
-2.13136
-2.12954
-2.12939
-2.13045
-2.13015
-2.13091
-2.13121
-2.13136
-2.13166
-2.13181
-2.13211
-2.1318
-2.13074
-2.13059
-2.13044
-2.13119
-2.1318
-2.13075
-2.13
-2.13152
-2.1294
-2.12835
-2.12713
-2.12682
-2.12742
-2.12772
-2.12682
-2.12606
-2.12561
-2.12606
-2.12591
-2.12622
-2.12622
-2.12667
-2.12637
-2.12546
-2.12501
-2.12606
-2.12682
-2.12697
-2.12743
-2.12818
-2.12893
-2.12757
-2.12712
-2.12636
-2.12711
-2.12771
-2.12786
-2.12893
-2.12818
-2.12819
-2.12803
-2.12697
-2.12758
-2.12697
-2.12743
-2.12712
-2.12818
-2.12893
-2.12802
-2.12892
-2.13044
-2.1309
-2.1309
-2.13136
-2.13015
-2.12999
-2.13075
-2.13211
-2.13075
-2.1309
-2.13059
-2.13029
-2.13074
-2.12967
-2.12877
-2.12907
-2.12877
-2.12953
-2.12787
-2.12787
-2.12772
-2.12848
-2.12864
-2.12819
-2.12743
-2.12652
-2.12637
-2.12591
-2.12636
-2.1259
-2.1256
-2.12591
-2.12561
-2.12471
-2.12244
-2.12228
-2.12152
-2.12227
-2.12242
-2.12183
-2.12138
-2.12094
-2.12245
-2.12336
-2.12275
-2.12213
-2.12227
-2.12394
-2.12379
-2.125
-2.1241
-2.12425
-2.1244
-2.1253
-2.12485
-2.12576
-2.1244
-2.1241
-2.12365
-2.1247
-2.125
-2.12455
-2.12455
-2.12289
-2.12198
-2.12244
-2.12153
-2.12213
-2.12213
-2.12243
-2.12213
-2.12288
-2.12167
-2.12197
-2.12409
-2.12425
-2.1244
-2.1244
-2.12455
-2.12395
-2.1244
-2.1247
-2.12364
-2.12393
-2.12483
-2.12528
-2.12649
-2.12589
-2.12695
-2.12711
-2.12711
-2.12651
-2.12697
-2.12545
-2.1256
-2.125
-2.12515
-2.125
-2.12454
-2.12499
-2.12499
-2.12303
-2.12333
-2.12454
-2.12574
-2.12665
-2.1259
-2.12515
-2.12606
-2.12605
-2.1265
-2.12605
-2.1256
-2.1259
-2.1262
-2.1262
-2.12605
-2.12726
-2.12847
-2.12907
-2.12892
-2.12922
-2.12967
-2.12891
-2.12815
-2.1277
-2.1277
-2.12665
-2.1268
-2.1256
-2.12666
-2.12666
-2.1265
-2.12846
-2.12861
-2.12755
-2.12831
-2.12771
-2.12665
-2.12635
-2.12575
-2.1259
-2.12469
-2.12408
-2.12544
-2.12574
-2.1271
-2.12664
-2.1271
-2.12741
-2.12786
-2.12785
-2.12769
-2.12724
-2.12695
-2.12695
-2.12666
-2.12622
-2.12546
-2.1247
-2.12409
-2.12423
-2.12407
-2.12422
-2.12377
-2.12468
-2.12454
-2.12484
-2.12514
-2.12454
-2.12454
-2.1256
-2.12575
-2.12574
-2.12589
-2.12604
-2.12634
-2.1265
-2.12726
-2.12816
-2.12801
-2.12876
-2.13028
-2.12997
-2.12801
-2.12922
-2.12921
-2.12922
-2.12967
-2.13043
-2.13027
-2.13194
-2.13194
-2.13134
-2.13058
-2.13028
-2.12862
-2.12877
-2.12771
-2.12786
-2.1268
-2.12756
-2.12831
-2.12815
-2.12739
-2.12845
-2.12907
-2.12892
-2.12802
-2.12802
-2.12816
-2.1274
-2.12679
-2.12618
-2.12619
-2.12619
-2.12543
-2.12694
-2.12694
-2.12679
-2.12785
-2.12982
-2.12998
-2.12847
-2.12892
-2.12891
-2.12906
-2.12785
-2.12724
-2.12815
-2.12906
-2.12861
-2.12755
-2.12785
-2.12846
-2.12876
-2.1292
-2.1292
-2.13025
-2.13025
-2.13041
-2.13101
-2.13178
-2.13133
-2.13148
-2.13299
-2.13163
-2.13163
-2.13102
-2.13087
-2.13086
-2.12996
-2.13041
-2.12966
-2.12966
-2.12936
-2.1289
-2.128
-2.128
-2.12664
-2.12664
-2.12694
-2.12619
-2.12604
-2.12529
-2.12529
-2.12423
-2.12452
-2.12452
-2.12437
-2.12513
-2.12589
-2.12499
-2.12363
-2.12363
-2.12363
-2.12393
-2.12528
-2.12513
-2.12558
-2.12588
-2.12573
-2.12634
-2.12649
-2.1274
-2.1271
-2.1277
-2.128
-2.12664
-2.12755
-2.12755
-2.1271
-2.1274
-2.1283
-2.1295
-2.12935
-2.12995
-2.13086
-2.13041
-2.13117
-2.12951
-2.13012
-2.12906
-2.12875
-2.1289
-2.1289
-2.1292
-2.12905
-2.12904
-2.1301
-2.13086
-2.13072
-2.13072
-2.12966
-2.13011
-2.13026
-2.13072
-2.13102
-2.13042
-2.13057
-2.13072
-2.13012
-2.12996
-2.12889
-2.12844
-2.12784
-2.12755
-2.12665
-2.12756
-2.12695
-2.12861
-2.12832
-2.12757
-2.12606
-2.12711
-2.12756
-2.1277
-2.12709
-2.12709
-2.12723
-2.12633
-2.12543
-2.12574
-2.12514
-2.1265
-2.12711
-2.1271
-2.12846
-2.12815
-2.1283
-2.128
-2.12739
-2.12785
-2.1274
-2.1283
-2.12891
-2.12921
-2.12845
-2.12936
-2.1289
-2.12935
-2.12844
-2.12814
-2.12799
-1.70734
-1.7078
-1.70674
-1.70674
-1.70598
-1.70431
-1.70415
-1.7043
-1.70415
-1.70491
-1.70462
-1.70613
-1.70658
-1.70688
-1.70672
-1.70612
-1.70642
-1.70566
-1.70476
-1.70476
-1.70536
-1.70552
-1.70627
-1.70597
-1.70612
-1.70688
-1.70719
-1.70749
-1.70704
-1.70673
-1.70598
-1.70628
-1.70612
-1.70672
-1.70642
-1.70703
-1.70809
-1.70779
-1.70718
-1.70809
-1.70809
-1.70764
-1.70749
-1.70779
-1.70719
-1.70794
-1.70582
-1.70552
-1.70567
-1.70583
-1.70628
-1.70583
-1.70644
-1.70735
-1.70629
-1.70719
-1.70839
-1.70853
-1.70884
-1.7087
-1.70916
-1.70916
-1.70856
-1.70887
-1.70886
-1.70931
-1.70901
-1.70901
-1.70915
-1.70809
-1.70794
-1.70795
-1.7075
-1.7072
-1.70674
-1.70629
-1.70493
-1.70553
-1.70477
-1.70447
-1.70447
-1.70432
-1.70538
-1.70523
-1.70433
-1.70448
-1.70554
-1.7069
-1.70614
-1.70567
-1.70612
-1.70658
-1.70779
-1.7084
-1.7078
-1.70931
-1.70976
-1.71097
-1.71082
-1.71112
-1.71127
-1.71112
-1.71096
-1.7102
-1.71066
-1.71096
-1.70976
-1.7084
-1.70931
-1.70961
-1.71022
-1.71036
-1.71036
-1.70945
-1.7093
-1.709
-1.709
-1.70916
-1.70795
-1.70856
-1.70901
-1.70977
-1.70976
-1.70975
-1.71005
-1.71096
-1.71111
-1.71081
-1.71143
-1.71098
-1.70978
-1.70992
-1.70961
-1.70915
-1.7099
-1.7093
-1.71006
-1.71052
-1.71097
-1.70946
-1.7096
-1.70915
-1.7084
-1.70735
-1.7072
-1.70645
-1.70645
-1.70721
-1.70705
-1.70613
-1.70582
-1.70612
-1.70552
-1.70613
-1.70599
-1.7063
-1.70616
-1.70631
-1.7054
-1.70403
-1.70417
-1.70372
-1.70463
-1.70342
-1.70176
-1.70237
-1.70373
-1.70387
-1.70296
-1.70356
-1.70341
-1.70448
-1.70479
-1.70555
-1.70585
-1.70555
-1.70645
-1.70569
-1.70523
-1.70357
-1.70432
-1.70403
-1.70464
-1.70509
-1.70525
-1.70555
-1.7054
-1.70586
-1.70586
-1.70479
-1.70569
-1.70614
-1.70644
-1.70569
-1.70493
-1.70599
-1.70781
-1.70736
-1.70766
-1.70826
-1.70781
-1.70887
-1.70962
-1.70886
-1.70916
-1.70931
-1.70841
-1.70932
-1.71008
-1.71008
-1.70993
-1.70948
-1.70872
-1.7069
-1.70644
-1.70492
-1.70537
-1.70613
-1.70569
-1.70539
-1.7054
-1.70525
-1.70464
-1.70464
-1.70434
-1.70358
-1.70403
-1.70387
-1.70417
-1.70402
-1.70417
-1.70387
-1.70448
-1.70418
-1.70509
-1.70282
-1.70327
-1.70328
-1.70464
-1.70449
-1.70539
-1.70464
-1.70524
-1.70538
-1.70613
-1.70658
-1.70795
-1.70887
-1.70737
-1.70647
-1.70556
-1.7054
-1.70493
-1.70492
-1.70492
-1.70371
-1.70418
-1.70343
-1.7042
-1.7048
-1.70388
-1.70357
-1.70461
-1.70582
-1.70704
-1.70675
-1.70675
-1.70614
-1.7066
-1.70599
-1.70676
-1.70661
-1.70661
-1.706
-1.70645
-1.70765
-1.70689
-1.7078
-1.70765
-1.7084
-1.70809
-1.70779
-1.70794
-1.70643
-1.70629
-1.7072
-1.70735
-1.70675
-1.7069
-1.70766
-1.70827
-1.70841
-1.70705
-1.7075
-1.7081
-1.70795
-1.7087
-1.70916
-1.70917
-1.70902
-1.71007
-1.70901
-1.70931
-1.7093
-1.7099
-1.7093
-1.709
-1.70931
-1.70962
-1.70871
-1.70826
-1.70735
-1.7075
-1.70719
-1.70733
-1.70688
-1.70734
-1.7087
-1.70856
-1.71007
-1.70947
-1.70826
-1.70751
-1.70674
-1.70704
-1.7075
-1.70796
-1.70826
-1.70794
-1.70823
-1.70854
-1.70855
-1.709
-1.70931
-1.70961
-1.70856
-1.70811
-1.70947
-1.71038
-1.70977
-1.71067
-1.71082
-1.71051
-1.71051
-1.71036
-1.70991
-1.71096
-1.71095
-1.71095
-1.7093
-1.70931
-1.70902
-1.70857
-1.70811
-1.70886
-1.7084
-1.70719
-1.70825
-1.70871
-1.70916
-1.70916
-1.709
-1.7084
-1.70885
-1.70885
-1.70945
-1.70961
-1.70991
-1.71052
-1.70931
-1.70916
-1.70916
-1.70855
-1.70871
-1.70765
-1.70568
-1.7078
-1.7078
-1.70749
-1.7075
-1.7072
-1.7063
-1.70524
-1.7072
-1.70598
-1.70537
-1.70492
-1.70462
-1.70492
-1.70583
-1.70478
-1.70569
-1.70569
-1.70524
-1.70554
-1.70584
-1.70674
-1.7075
-1.70765
-1.70856
-1.70826
-1.70826
-1.70856
-1.70825
-1.70718
-1.70824
-1.70809
-1.70915
-1.7087
-1.70931
-1.70931
-1.70977
-1.71083
-1.70977
-1.70962
-1.70901
-1.70931
-1.71127
-1.71127
-1.71173
-1.71127
-1.71233
-1.71022
-1.70931
-1.71051
-1.70946
-1.71022
-1.70976
-1.70961
-1.70916
-1.70946
-1.70855
-1.7084
-1.70826
-1.7069
-1.70675
-1.7069
-1.70614
-1.70553
-1.70509
-1.70448
-1.70372
-1.70386
-1.70401
-1.70431
-1.70416
-1.70477
-1.70568
-1.70629
-1.70569
-1.70568
-1.70538
-1.70538
-1.70703
-1.70794
-1.70794
-1.70825
-1.70931
-1.70962
-1.70887
-1.70811
-1.7081
-1.70613
-1.70598
-1.70704
-1.70629
-1.7075
-1.7075
-1.70629
-1.70675
-1.70629
-1.70584
-1.70524
-1.70478
-1.70402
-1.70447
-1.70477
-1.70644
-1.70674
-1.70705
-1.70599
-1.70599
-1.70554
-1.70554
-1.70704
-1.70674
-1.70719
-1.70703
-1.70688
-1.70688
-1.70613
-1.70553
-1.70492
-1.70387
-1.70402
-1.70281
-1.70236
-1.70265
-1.7025
-1.70205
-1.70236
-1.70221
-1.70372
-1.70357
-1.70266
-1.70281
-1.7019
-1.7022
-1.70175
-1.70236
-1.70221
-1.70387
-1.70447
-1.70462
-1.70523
-1.70523
-1.70583
-1.70568
-1.70598
-1.70477
-1.70492
-1.70582
-1.70506
-1.70627
-1.70627
-1.70613
-1.70643
-1.70553
-1.70538
-1.70568
-1.70538
-1.70553
-1.70507
-1.70522
-1.70536
-1.70461
-1.70476
-1.70582
-1.70538
-1.70357
-1.70357
-1.70296
-1.70311
-1.70235
-1.70205
-1.70341
-1.70326
-1.70296
-1.7022
-1.70311
-1.70251
-1.70084
-1.7016
-1.70129
-1.70038
-1.70113
-1.70189
-1.70175
-1.70206
-1.70266
-1.70281
-1.70296
-1.70357
-1.70296
-1.70493
-1.70523
-1.70432
-1.70537
-1.70582
-1.70658
-1.70507
-1.70552
-1.70432
-1.70341
-1.70417
-1.70508
-1.70599
-1.70764
-1.70915
-1.70915
-1.7093
-1.70885
-1.7087
-1.7087
-1.71021
-1.71112
-1.71021
-1.71021
-1.71066
-1.7096
-1.71005
-1.7102
-1.70885
-1.70826
-1.70826
-1.70856
-1.7078
-1.70704
-1.70613
-1.70612
-1.70521
-1.70672
-1.70717
-1.70718
-1.70643
-1.70704
-1.7081
-1.70735
-1.7078
-1.70704
-1.70749
-1.70749
-1.70749
-1.70839
-1.70824
-1.70839
-1.70809
-1.70809
-1.70749
-1.70674
-1.70719
-1.70689
-1.70839
-1.70945
-1.70914
-1.70959
-1.7102
-1.70991
-1.70962
-1.70856
-1.70871
-1.7084
-1.70945
-1.71006
-1.70915
-1.7084
-1.709
-1.7087
-1.7096
-1.71051
-1.71036
-1.70992
-1.70916
-1.71022
-1.70915
-1.7105
-1.71019
-1.70944
-1.70869
-1.70946
-1.70901
-1.70856
-1.70826
-1.70886
-1.70931
-1.7087
-1.70658
-1.70748
-1.70764
-1.70779
-1.709
-1.70915
-1.70991
-1.71006
-1.71006
-1.70946
-1.7084
-1.7084
-1.7087
-1.70825
-1.70825
-1.70794
-1.70794
-1.70779
-1.70748
-1.70763
-1.70657
-1.70733
-1.70748
-1.70688
-1.70719
-1.70779
-1.70703
-1.70764
-1.70643
-1.70643
-1.70734
-1.70794
-1.70734
-1.70598
-1.70613
-1.70583
-1.70734
-1.70719
-1.70628
-1.70733
-1.70718
-1.70703
-1.70734
-1.70765
-1.70825
-1.7081
-1.70824
-1.70793
-1.70732
-1.70641
-1.70717
-1.70779
-1.7084
-1.70931
-1.70871
-1.7081
-1.70704
-1.70674
-1.70809
-1.70793
-1.70763
-1.70823
-1.70869
-1.70855
-1.70916
-1.71036
-1.71021
-1.71021
-1.70915
-1.70885
-1.71051
-1.71066
-1.71126
-1.71186
-1.71261
-1.71352
-1.71292
-1.71368
-1.71323
-1.71294
-1.71263
-1.71187
-1.71187
-1.71111
-1.7108
-1.7108
-1.71096
-1.71051
-1.71112
-1.71052
-1.70991
-1.7087
-1.70901
-1.70871
-1.7078
-1.70734
-1.70794
-1.70733
-1.70793
-1.70809
-1.70779
-1.70855
-1.70975
-1.70929
-1.70914
-1.70809
-1.70703
-1.70643
-1.70718
-1.70703
-1.70733
-1.70733
-1.70703
-1.70658
-1.70598
-1.70492
-1.70507
-1.70492
-1.70477
-1.70416
-1.70627
-1.70536
-1.70626
-1.70415
-1.7034
-1.70281
-1.7016
-1.70266
-1.70281
-1.70341
-1.70356
-1.70371
-1.70417
-1.70357
-1.70448
-1.70493
-1.70448
-1.70448
-1.70447
-1.70476
-1.704
-1.70386
-1.70432
-1.70327
-1.70252
-1.70222
-1.70373
-1.70448
-1.70433
-1.70538
-1.70598
-1.70628
-1.70674
-1.70478
-1.70463
-1.70464
-1.70554
-1.70433
-1.70326
-1.70326
-1.70326
-1.70356
-1.70341
-1.7025
-1.70296
-1.70326
-1.70311
-1.70236
-1.70296
-1.70311
-1.70356
-1.70416
-1.70416
-1.70521
-1.70536
-1.70431
-1.70477
-1.70538
-1.70507
-1.70522
-1.70536
-1.70566
-1.70627
-1.70537
-1.70567
-1.70583
-1.70523
-1.70493
-1.70494
-1.70342
-1.70387
-1.70356
-1.70386
-1.70431
-1.70446
-1.70477
-1.70492
-1.70477
-1.70447
-1.70523
-1.70538
-1.70477
-1.70476
-1.7034
-1.7034
-1.7031
-1.70387
-1.70372
-1.70342
-1.70372
-1.70417
-1.70416
-1.70416
-1.70431
-1.70462
-1.70614
-1.7069
-1.70796
-1.7069
-1.70765
-1.70644
-1.70553
-1.70582
-1.70522
-1.70431
-1.70492
-1.70356
-1.70402
-1.70432
-1.70402
-1.70417
-1.70448
-1.70387
-1.70341
-1.70341
-1.70295
-1.70341
-1.7031
-1.70356
-1.70296
-1.7022
-1.70311
-1.70326
-1.70432
-1.70448
-1.70598
-1.70628
-1.70461
-1.70536
-1.70672
-1.70673
-1.70598
-1.70583
-1.70614
-1.70765
-1.70749
-1.70764
-1.70688
-1.70657
-1.70627
-1.70627
-1.70643
-1.70508
-1.70478
-1.70448
-1.70433
-1.70478
-1.70447
-1.70462
-1.70598
-1.70447
-1.70477
-1.70402
-1.70342
-1.70418
-1.70538
-1.70568
-1.70523
-1.70524
-1.70553
-1.70416
-1.70507
-1.70477
-1.70538
-1.70508
-1.70432
-1.70462
-1.70568
-1.70418
-1.70357
-1.70372
-1.70372
-1.70326
-1.70446
-1.70506
-1.70506
-1.70628
-1.70689
-1.70674
-1.70749
-1.70794
-1.70824
-1.70734
-1.70689
-1.70659
-1.70553
-1.70478
-1.70492
-1.70416
-1.70416
-1.7031
-1.70204
-1.70204
-1.70189
-1.70265
-1.70205
-1.7016
-1.69978
-1.69918
-1.69933
-1.70023
-1.70023
-1.70053
-1.70098
-1.70128
-1.70431
-1.7028
-1.70281
-1.70386
-1.70492
-1.70507
-1.70582
-1.70688
-1.70703
-1.70717
-1.70596
-1.70521
-1.70566
-1.70507
-1.70507
-1.70568
-1.70537
-1.70476
-1.70522
-1.64177
-1.64268
-1.64268
-1.64147
-1.64176
-1.64372
-1.64297
-1.64343
-1.64283
-1.64359
-1.64283
-1.64374
-1.64313
-1.64267
-1.64252
-1.64176
-1.64161
-1.64191
-1.64161
-1.64222
-1.64086
-1.64055
-1.63949
-1.64085
-1.6413
-1.64252
-1.64222
-1.64373
-1.64222
-1.64297
-1.64312
-1.64358
-1.64297
-1.64327
-1.64373
-1.64252
-1.64222
-1.64146
-1.64086
-1.64146
-1.64055
-1.64191
-1.64266
-1.64387
-1.64266
-1.6419
-1.6416
-1.64176
-1.64206
-1.64267
-1.64147
-1.64162
-1.64147
-1.64086
-1.64085
-1.64145
-1.64191
-1.64147
-1.64072
-1.64148
-1.64193
-1.64147
-1.64116
-1.64206
-1.64161
-1.64071
-1.64056
-1.64026
-1.6401
-1.63935
-1.63995
-1.6392
-1.63996
-1.63966
-1.63784
-1.63724
-1.63768
-1.63783
-1.63784
-1.6389
-1.63966
-1.63951
-1.63966
-1.63981
-1.6395
-1.64025
-1.64161
-1.64162
-1.64117
-1.64042
-1.64132
-1.64162
-1.64207
-1.64102
-1.64117
-1.64147
-1.64087
-1.64147
-1.64086
-1.64116
-1.64025
-1.63995
-1.64056
-1.64193
-1.64238
-1.64147
-1.64056
-1.64056
-1.6398
-1.63965
-1.64025
-1.63965
-1.63995
-1.64101
-1.64041
-1.64087
-1.64087
-1.64193
-1.64057
-1.6404
-1.6404
-1.64085
-1.641
-1.64085
-1.6401
-1.6398
-1.6398
-1.6392
-1.6392
-1.6395
-1.63965
-1.64146
-1.64146
-1.64026
-1.64162
-1.64177
-1.64176
-1.64235
-1.64356
-1.64341
-1.64447
-1.64373
-1.64554
-1.64585
-1.64555
-1.6454
-1.64585
-1.64614
-1.64659
-1.64689
-1.64675
-1.6469
-1.6463
-1.64629
-1.64568
-1.64689
-1.6478
-1.64766
-1.64856
-1.64947
-1.65022
-1.65068
-1.65038
-1.65099
-1.65069
-1.65023
-1.64932
-1.64947
-1.64886
-1.64765
-1.64583
-1.64644
-1.64675
-1.64645
-1.64706
-1.64752
-1.64782
-1.64872
-1.64841
-1.6484
-1.64749
-1.64764
-1.64675
-1.64676
-1.64706
-1.64841
-1.6481
-1.64826
-1.64872
-1.64812
-1.64812
-1.64812
-1.64872
-1.64765
-1.64644
-1.64659
-1.64523
-1.64554
-1.64569
-1.6466
-1.64736
-1.64766
-1.64826
-1.64795
-1.6478
-1.6475
-1.64644
-1.64615
-1.64585
-1.64705
-1.64736
-1.6466
-1.64614
-1.64584
-1.64493
-1.64523
-1.64417
-1.64463
-1.64463
-1.64494
-1.64494
-1.646
-1.646
-1.6463
-1.64675
-1.64721
-1.64584
-1.64584
-1.64629
-1.64644
-1.64629
-1.6463
-1.64585
-1.64494
-1.64419
-1.64389
-1.64313
-1.64328
-1.64358
-1.64388
-1.64419
-1.64389
-1.6445
-1.64465
-1.64434
-1.64374
-1.64388
-1.64358
-1.64388
-1.64448
-1.64357
-1.64478
-1.64644
-1.64645
-1.6463
-1.6463
-1.64766
-1.64736
-1.64766
-1.64751
-1.64676
-1.6457
-1.64509
-1.64554
-1.64569
-1.6463
-1.64555
-1.64464
-1.64479
-1.64419
-1.64403
-1.64479
-1.64524
-1.64585
-1.6448
-1.6454
-1.646
-1.64448
-1.64403
-1.64403
-1.64358
-1.64464
-1.64404
-1.64525
-1.64479
-1.64449
-1.64344
-1.64253
-1.64283
-1.64267
-1.64191
-1.64357
-1.64372
-1.64327
-1.64297
-1.64343
-1.64297
-1.64268
-1.64208
-1.64179
-1.64178
-1.64193
-1.64312
-1.64342
-1.64433
-1.64418
-1.64465
-1.64541
-1.64496
-1.64496
-1.64495
-1.64419
-1.64539
-1.64554
-1.64584
-1.64524
-1.64494
-1.64464
-1.64495
-1.6445
-1.64495
-1.6451
-1.64464
-1.64465
-1.64616
-1.64571
-1.64555
-1.64631
-1.64691
-1.64705
-1.64795
-1.64674
-1.64734
-1.64659
-1.64629
-1.64585
-1.64615
-1.64495
-1.6448
-1.64465
-1.64541
-1.64586
-1.64464
-1.64389
-1.64494
-1.64464
-1.64585
-1.64555
-1.64511
-1.6445
-1.6442
-1.64526
-1.6451
-1.646
-1.64615
-1.6451
-1.64435
-1.64374
-1.64329
-1.64374
-1.64298
-1.64298
-1.64298
-1.64223
-1.64254
-1.64209
-1.64177
-1.64297
-1.64236
-1.64222
-1.64102
-1.63997
-1.64057
-1.63997
-1.64072
-1.64177
-1.64253
-1.64222
-1.64192
-1.64343
-1.64388
-1.64358
-1.64404
-1.64388
-1.64343
-1.64312
-1.64297
-1.64251
-1.64282
-1.64298
-1.64253
-1.64192
-1.64192
-1.64146
-1.64146
-1.64161
-1.64177
-1.64222
-1.64237
-1.64253
-1.64253
-1.64192
-1.64147
-1.64238
-1.64147
-1.64132
-1.64087
-1.64072
-1.63905
-1.6401
-1.63935
-1.6392
-1.63935
-1.6398
-1.6392
-1.6392
-1.63935
-1.63982
-1.63937
-1.63997
-1.63967
-1.64012
-1.64027
-1.64012
-1.63891
-1.63981
-1.63996
-1.64027
-1.64103
-1.64088
-1.64073
-1.64057
-1.64162
-1.64056
-1.64041
-1.64026
-1.63997
-1.64073
-1.64043
-1.63982
-1.64058
-1.64103
-1.64134
-1.64284
-1.64314
-1.64343
-1.64328
-1.64419
-1.64449
-1.6445
-1.64526
-1.64557
-1.64633
-1.64602
-1.64434
-1.64554
-1.64434
-1.6439
-1.64435
-1.6439
-1.64329
-1.64299
-1.64375
-1.64359
-1.64359
-1.64313
-1.64117
-1.64102
-1.64042
-1.64058
-1.64133
-1.64118
-1.64178
-1.64208
-1.64223
-1.64254
-1.6427
-1.6427
-1.64254
-1.64162
-1.64086
-1.64207
-1.64298
-1.64208
-1.64133
-1.64118
-1.64148
-1.64224
-1.64269
-1.64223
-1.64283
-1.64192
-1.64222
-1.64268
-1.64434
-1.6454
-1.646
-1.64555
-1.6466
-1.64569
-1.6463
-1.6457
-1.64646
-1.64737
-1.64768
-1.64677
-1.64631
-1.64646
-1.64601
-1.64676
-1.64646
-1.6457
-1.6463
-1.6469
-1.64705
-1.64811
-1.64797
-1.64813
-1.64768
-1.64723
-1.64768
-1.64783
-1.64722
-1.64555
-1.6451
-1.64525
-1.64526
-1.64571
-1.64525
-1.64434
-1.64389
-1.64299
-1.64329
-1.64314
-1.64269
-1.64269
-1.64269
-1.6436
-1.64451
-1.64541
-1.64572
-1.64526
-1.64465
-1.64282
-1.64357
-1.64418
-1.64434
-1.64374
-1.64133
-1.64133
-1.64179
-1.64119
-1.64058
-1.64043
-1.63982
-1.63876
-1.63935
-1.63889
-1.6392
-1.64011
-1.64057
-1.64027
-1.63997
-1.64042
-1.64133
-1.64103
-1.64117
-1.64178
-1.64313
-1.64419
-1.64525
-1.64646
-1.64721
-1.64722
-1.64828
-1.64753
-1.64738
-1.64723
-1.64752
-1.64721
-1.64646
-1.646
-1.64616
-1.64586
-1.64586
-1.64662
-1.64677
-1.64631
-1.64555
-1.64586
-1.64541
-1.64617
-1.64617
-1.64571
-1.64511
-1.64465
-1.64646
-1.64767
-1.64766
-1.64736
-1.64675
-1.6463
-1.64646
-1.64601
-1.64555
-1.646
-1.6457
-1.646
-1.64585
-1.64646
-1.64812
-1.64752
-1.64632
-1.64692
-1.64767
-1.64585
-1.6466
-1.64645
-1.64645
-1.64599
-1.64721
-1.64766
-1.64796
-1.64887
-1.64918
-1.64737
-1.64677
-1.64495
-1.6454
-1.64449
-1.64464
-1.64494
-1.64435
-1.6448
-1.64496
-1.64541
-1.64465
-1.64525
-1.64389
-1.64388
-1.64479
-1.64418
-1.64539
-1.64509
-1.64464
-1.64434
-1.64495
-1.64586
-1.64647
-1.64662
-1.64677
-1.64737
-1.64647
-1.64632
-1.64571
-1.6454
-1.64554
-1.64539
-1.64585
-1.64661
-1.64707
-1.64617
-1.64678
-1.64662
-1.64617
-1.64587
-1.64466
-1.64436
-1.6436
-1.64375
-1.64465
-1.6454
-1.64525
-1.64525
-1.64572
-1.64618
-1.64574
-1.64679
-1.64707
-1.64646
-1.64616
-1.64632
-1.64556
-1.64587
-1.64526
-1.64526
-1.6439
-1.6442
-1.64526
-1.64466
-1.64572
-1.64602
-1.64586
-1.64555
-1.6451
-1.64631
-1.64601
-1.64586
-1.64647
-1.64662
-1.64647
-1.64541
-1.64768
-1.64692
-1.64706
-1.64766
-1.64645
-1.64721
-1.64767
-1.64723
-1.64799
-1.64633
-1.64693
-1.64693
-1.64662
-1.64661
-1.64691
-1.64661
-1.64646
-1.64662
-1.64678
-1.64677
-1.64768
-1.64707
-1.64783
-1.64677
-1.64632
-1.64692
-1.64631
-1.64661
-1.64631
-1.64752
-1.64782
-1.64615
-1.64585
-1.6466
-1.64706
-1.64601
-1.64511
-1.64572
-1.64542
-1.64586
-1.64616
-1.64661
-1.64646
-1.64616
-1.64555
-1.64706
-1.64691
-1.64676
-1.6457
-1.64661
-1.64675
-1.64569
-1.6475
-1.64811
-1.646
-1.646
-1.64646
-1.64753
-1.64783
-1.64783
-1.64631
-1.64494
-1.64584
-1.64614
-1.64735
-1.64751
-1.64676
-1.64662
-1.64829
-1.64904
-1.64842
-1.64841
-1.6472
-1.6469
-1.64735
-1.6463
-1.64449
-1.64465
-1.6448
-1.64419
-1.64434
-1.64434
-1.64389
-1.64465
-1.64496
-1.64481
-1.64465
-1.64435
-1.64494
-1.64555
-1.64449
-1.64616
-1.64586
-1.64721
-1.64705
-1.6475
-1.64796
-1.64903
-1.64994
-1.64933
-1.64857
-1.64827
-1.64721
-1.64752
-1.64813
-1.64753
-1.64692
-1.64767
-1.64842
-1.64932
-1.64796
-1.64797
-1.64737
-1.64631
-1.64586
-1.6454
-1.64601
-1.64616
-1.6454
-1.64495
-1.64419
-1.64525
-1.64676
-1.64736
-1.6469
-1.6475
-1.64796
-1.64812
-1.64797
-1.64858
-1.64843
-1.64797
-1.64797
-1.64887
-1.65008
-1.65053
-1.64917
-1.64827
-1.64873
-1.64858
-1.64752
-1.6469
-1.6472
-1.64614
-1.646
-1.64722
-1.64647
-1.64602
-1.64542
-1.64512
-1.64375
-1.64435
-1.64298
-1.64389
-1.64359
-1.64465
-1.64525
-1.6457
-1.64555
-1.64555
-1.64526
-1.64526
-1.64449
-1.64433
-1.64463
-1.64464
-1.64495
-1.6442
-1.6442
-1.64314
-1.64314
-1.64314
-1.64359
-1.64374
-1.64329
-1.64343
-1.64373
-1.64433
-1.64509
-1.64615
-1.64615
-1.6466
-1.64645
-1.64615
-1.64615
-1.64646
-1.64691
-1.64661
-1.64646
-1.64571
-1.64511
-1.64465
-1.64435
-1.64253
-1.64252
-1.64282
-1.64206
-1.64207
-1.64222
-1.64313
-1.64313
-1.64328
-1.64373
-1.64418
-1.64283
-1.64389
-1.6442
-1.6442
-1.6442
-1.64586
-1.64479
-1.64419
-1.64419
-1.64238
-1.6433
-1.64315
-1.64284
-1.64208
-1.64177
-1.64313
-1.64449
-1.64449
-1.64525
-1.64646
-1.64616
-1.64601
-1.64631
-1.64571
-1.6454
-1.64646
-1.64571
-1.64465
-1.6448
-1.64571
-1.6451
-1.64479
-1.64449
-1.64449
-1.64464
-1.64525
-1.64525
-1.6463
-1.646
-1.6466
-1.64645
-1.64691
-1.64601
-1.64586
-1.64555
-1.64495
-1.6454
-1.64571
-1.64495
-1.64313
-1.64403
-1.64343
-1.64389
-1.64359
-1.64299
-1.64269
-1.64284
-1.64238
-1.64313
-1.64342
-1.64388
-1.6448
-1.64556
-1.64525
-1.6454
-1.64509
-1.64449
-1.64344
-1.64224
-1.64164
-1.64178
-1.64148
-1.64162
-1.64056
-1.64101
-1.63905
-1.64087
-1.64058
-1.63967
-1.64118
-1.64102
-1.64116
-1.6407
-1.64055
-1.64102
-1.64193
-1.64193
-1.64223
-1.64238
-1.64314
-1.64253
-1.64268
-1.64404
-1.64329
-1.57856
-1.57932
-1.58037
-1.58007
-1.58007
-1.58006
-1.58036
-1.58021
-1.57945
-1.57931
-1.58007
-1.58083
-1.58189
-1.58128
-1.58068
-1.58007
-1.58007
-1.58022
-1.57992
-1.57992
-1.57901
-1.57795
-1.57825
-1.57689
-1.57614
-1.57659
-1.57644
-1.57735
-1.57856
-1.57901
-1.58021
-1.58142
-1.58202
-1.57991
-1.57946
-1.57916
-1.5775
-1.5772
-1.57614
-1.57598
-1.57553
-1.57659
-1.57614
-1.57645
-1.57646
-1.57615
-1.5772
-1.5778
-1.579
-1.57884
-1.57915
-1.579
-1.57885
-1.57885
-1.5787
-1.5778
-1.57704
-1.57583
-1.57523
-1.57614
-1.57568
-1.57538
-1.57568
-1.57477
-1.57492
-1.57613
-1.57795
-1.57795
-1.57825
-1.57915
-1.57975
-1.5799
-1.58036
-1.58111
-1.58142
-1.58142
-1.58233
-1.57991
-1.58127
-1.5808
-1.57989
-1.57974
-1.57944
-1.5802
-1.58096
-1.58006
-1.58022
-1.58097
-1.58021
-1.58036
-1.5802
-1.5802
-1.58051
-1.58112
-1.58081
-1.58066
-1.5811
-1.58186
-1.58186
-1.58081
-1.58066
-1.58082
-1.58187
-1.58171
-1.58125
-1.58125
-1.58186
-1.58035
-1.57914
-1.57748
-1.57627
-1.57643
-1.57658
-1.57718
-1.57673
-1.57566
-1.57491
-1.57657
-1.57778
-1.57793
-1.5793
-1.57916
-1.5781
-1.57763
-1.57792
-1.57778
-1.57704
-1.57795
-1.57704
-1.57885
-1.57794
-1.57869
-1.57823
-1.57838
-1.57822
-1.57822
-1.57837
-1.57852
-1.57731
-1.57671
-1.57656
-1.57733
-1.57703
-1.5784
-1.57825
-1.57734
-1.57673
-1.57642
-1.57718
-1.57823
-1.57793
-1.57898
-1.57897
-1.57852
-1.57928
-1.57884
-1.57839
-1.5793
-1.57779
-1.57869
-1.57883
-1.58049
-1.58034
-1.58049
-1.57913
-1.57822
-1.57853
-1.57883
-1.57732
-1.57672
-1.57626
-1.57672
-1.57672
-1.57611
-1.57581
-1.5749
-1.57385
-1.5743
-1.57551
-1.57581
-1.57521
-1.57506
-1.57628
-1.57612
-1.57642
-1.57626
-1.57626
-1.5764
-1.57716
-1.57655
-1.57656
-1.57671
-1.57596
-1.57551
-1.57491
-1.57446
-1.574
-1.5743
-1.5752
-1.57671
-1.57732
-1.57793
-1.57944
-1.57822
-1.57715
-1.57715
-1.57656
-1.57612
-1.57537
-1.57477
-1.57552
-1.57552
-1.57537
-1.57491
-1.57445
-1.57475
-1.57444
-1.57398
-1.57565
-1.5761
-1.57535
-1.5749
-1.5743
-1.5737
-1.57355
-1.57385
-1.57445
-1.57505
-1.5755
-1.5752
-1.57445
-1.5749
-1.57535
-1.57489
-1.57609
-1.57715
-1.57685
-1.57761
-1.57791
-1.57822
-1.57897
-1.57957
-1.57956
-1.5779
-1.57761
-1.5764
-1.57686
-1.57777
-1.57883
-1.57853
-1.57884
-1.57898
-1.57822
-1.57776
-1.5776
-1.57745
-1.57715
-1.57669
-1.57624
-1.57564
-1.57624
-1.57655
-1.57656
-1.57701
-1.5761
-1.57701
-1.57731
-1.57745
-1.57957
-1.57851
-1.57851
-1.57927
-1.58047
-1.58108
-1.58032
-1.58077
-1.58063
-1.58093
-1.57973
-1.57958
-1.57912
-1.57881
-1.5782
-1.57759
-1.57759
-1.57804
-1.57835
-1.57896
-1.57851
-1.57941
-1.58032
-1.57957
-1.57912
-1.57776
-1.57851
-1.57897
-1.57836
-1.5779
-1.57714
-1.57729
-1.57639
-1.57625
-1.57656
-1.57747
-1.57731
-1.57746
-1.57835
-1.57819
-1.5791
-1.57956
-1.57957
-1.57912
-1.57806
-1.57731
-1.57761
-1.57762
-1.57732
-1.57747
-1.57761
-1.57881
-1.57987
-1.57927
-1.58032
-1.58016
-1.58047
-1.58062
-1.57941
-1.57972
-1.57927
-1.58017
-1.58032
-1.58063
-1.58078
-1.57957
-1.57881
-1.57927
-1.57897
-1.57987
-1.58003
-1.58003
-1.58032
-1.58062
-1.58213
-1.58153
-1.58228
-1.58274
-1.5829
-1.58321
-1.5823
-1.5826
-1.58305
-1.58138
-1.58228
-1.58137
-1.58183
-1.58108
-1.58033
-1.58018
-1.58033
-1.58078
-1.58167
-1.58137
-1.58214
-1.58229
-1.58215
-1.58276
-1.58245
-1.5817
-1.58018
-1.57867
-1.57957
-1.57957
-1.58048
-1.58184
-1.58123
-1.58017
-1.57987
-1.57972
-1.57973
-1.57883
-1.57974
-1.57974
-1.57944
-1.57958
-1.57912
-1.5782
-1.5773
-1.5764
-1.57581
-1.57596
-1.57732
-1.57717
-1.57702
-1.57732
-1.57822
-1.58004
-1.58004
-1.58109
-1.58003
-1.58003
-1.58032
-1.57957
-1.57912
-1.57776
-1.57656
-1.57656
-1.57702
-1.57808
-1.57929
-1.57974
-1.58004
-1.57929
-1.5802
-1.58065
-1.58049
-1.58002
-1.58032
-1.58001
-1.57926
-1.57987
-1.58063
-1.58018
-1.58034
-1.57974
-1.57929
-1.57945
-1.57854
-1.57808
-1.57777
-1.57701
-1.57686
-1.57791
-1.57701
-1.5761
-1.57656
-1.57656
-1.57656
-1.57702
-1.57566
-1.57731
-1.57852
-1.57822
-1.57883
-1.57928
-1.57898
-1.57898
-1.57867
-1.57868
-1.57777
-1.57793
-1.57853
-1.57808
-1.57717
-1.57656
-1.5761
-1.57807
-1.57807
-1.57837
-1.57777
-1.57702
-1.57687
-1.57566
-1.57581
-1.57489
-1.57338
-1.57308
-1.57354
-1.57309
-1.57309
-1.57263
-1.57277
-1.57338
-1.57459
-1.57566
-1.57566
-1.57596
-1.57475
-1.5746
-1.57581
-1.57536
-1.57566
-1.57552
-1.57431
-1.57371
-1.57264
-1.57399
-1.5755
-1.57519
-1.5746
-1.57551
-1.57643
-1.57703
-1.57763
-1.57762
-1.57732
-1.57733
-1.57808
-1.57839
-1.57854
-1.57929
-1.57777
-1.57732
-1.57822
-1.57867
-1.57943
-1.57868
-1.57898
-1.57913
-1.57928
-1.57792
-1.57853
-1.57928
-1.5805
-1.58095
-1.5814
-1.58079
-1.58003
-1.57851
-1.57852
-1.57868
-1.57853
-1.57914
-1.57883
-1.57733
-1.57733
-1.57688
-1.57672
-1.57687
-1.57717
-1.5758
-1.57565
-1.57701
-1.57626
-1.57581
-1.57597
-1.57642
-1.57747
-1.57777
-1.57792
-1.57897
-1.57867
-1.57852
-1.57792
-1.57822
-1.57853
-1.57959
-1.5808
-1.58035
-1.57808
-1.57868
-1.57867
-1.57942
-1.57851
-1.57836
-1.57685
-1.57745
-1.57821
-1.57927
-1.57898
-1.57943
-1.57928
-1.57943
-1.57898
-1.57792
-1.57792
-1.57867
-1.57912
-1.57926
-1.57866
-1.57791
-1.57806
-1.57762
-1.57823
-1.57807
-1.57852
-1.57867
-1.57927
-1.57943
-1.57883
-1.57822
-1.57958
-1.57957
-1.58033
-1.57988
-1.57973
-1.57989
-1.57944
-1.58019
-1.58002
-1.57971
-1.58076
-1.58168
-1.58184
-1.5817
-1.58215
-1.58351
-1.58291
-1.58215
-1.5817
-1.58275
-1.58275
-1.58245
-1.58274
-1.58168
-1.58199
-1.5826
-1.58154
-1.58169
-1.58032
-1.58032
-1.58032
-1.58124
-1.58034
-1.58049
-1.57988
-1.57866
-1.57942
-1.58003
-1.57822
-1.57777
-1.57791
-1.57882
-1.57927
-1.57852
-1.57761
-1.57701
-1.57761
-1.57746
-1.577
-1.5782
-1.5782
-1.57941
-1.57927
-1.57927
-1.57791
-1.57746
-1.57715
-1.57564
-1.57458
-1.57579
-1.57579
-1.57609
-1.57518
-1.57639
-1.57534
-1.57459
-1.5758
-1.57519
-1.57579
-1.57593
-1.57623
-1.57577
-1.57517
-1.57609
-1.57564
-1.5758
-1.57595
-1.57595
-1.57791
-1.57685
-1.57715
-1.57791
-1.57731
-1.57716
-1.57731
-1.57805
-1.5788
-1.5797
-1.58061
-1.58061
-1.58107
-1.58062
-1.58274
-1.58154
-1.58094
-1.58094
-1.58214
-1.58304
-1.58213
-1.58122
-1.58062
-1.57911
-1.57851
-1.57866
-1.57851
-1.57821
-1.57927
-1.57958
-1.57958
-1.57897
-1.57927
-1.57957
-1.58002
-1.58062
-1.58047
-1.58152
-1.58107
-1.58063
-1.58063
-1.57972
-1.58047
-1.58047
-1.58001
-1.58017
-1.57987
-1.57942
-1.57987
-1.58001
-1.58001
-1.57895
-1.58061
-1.58001
-1.58015
-1.5797
-1.58016
-1.57956
-1.57911
-1.57851
-1.57761
-1.57761
-1.5776
-1.5782
-1.57745
-1.57881
-1.57911
-1.57806
-1.57791
-1.57821
-1.57836
-1.5785
-1.57804
-1.57925
-1.58016
-1.58016
-1.5785
-1.57941
-1.57866
-1.57912
-1.57912
-1.57881
-1.57866
-1.57789
-1.5788
-1.57835
-1.57926
-1.57805
-1.57834
-1.57758
-1.57713
-1.57623
-1.5773
-1.57639
-1.57609
-1.57655
-1.57669
-1.57578
-1.57593
-1.57668
-1.57714
-1.57714
-1.57759
-1.57684
-1.57638
-1.57729
-1.57714
-1.57805
-1.5782
-1.5785
-1.57759
-1.57668
-1.57894
-1.57909
-1.5794
-1.58031
-1.58137
-1.58122
-1.58167
-1.58197
-1.58167
-1.58243
-1.58152
-1.58167
-1.58062
-1.58002
-1.58062
-1.58047
-1.58137
-1.58107
-1.58016
-1.58182
-1.58228
-1.58289
-1.58183
-1.58183
-1.58181
-1.58272
-1.58289
-1.58259
-1.58199
-1.58243
-1.58167
-1.58257
-1.58196
-1.58302
-1.58212
-1.58273
-1.58348
-1.58364
-1.58349
-1.58304
-1.58274
-1.58364
-1.58348
-1.58423
-1.58393
-1.58378
-1.58243
-1.58153
-1.58198
-1.58213
-1.58228
-1.58167
-1.58076
-1.58045
-1.58076
-1.58151
-1.58152
-1.58077
-1.58046
-1.58122
-1.58137
-1.58182
-1.58152
-1.58062
-1.58183
-1.58152
-1.58077
-1.58076
-1.58031
-1.58167
-1.58092
-1.58107
-1.58137
-1.58198
-1.58138
-1.58063
-1.58018
-1.58048
-1.58063
-1.58183
-1.58167
-1.58257
-1.58272
-1.58272
-1.58227
-1.58318
-1.58334
-1.5829
-1.58305
-1.5841
-1.58304
-1.58334
-1.58288
-1.58334
-1.58333
-1.58182
-1.58228
-1.58167
-1.58167
-1.58107
-1.57941
-1.57866
-1.58002
-1.57972
-1.58017
-1.58122
-1.57941
-1.57911
-1.57911
-1.5788
-1.57911
-1.58122
-1.58032
-1.58138
-1.58169
-1.58154
-1.58137
-1.58197
-1.58228
-1.58214
-1.5829
-1.5832
-1.58244
-1.58199
-1.58215
-1.58215
-1.58229
-1.58198
-1.58182
-1.58062
-1.58168
-1.58169
-1.58124
-1.58063
-1.58048
-1.58138
-1.58062
-1.58138
-1.58032
-1.58123
-1.58259
-1.58184
-1.58169
-1.58184
-1.58124
-1.58048
-1.58093
-1.58077
-1.58077
-1.58153
-1.58183
-1.58153
-1.58092
-1.58107
-1.58168
-1.58048
-1.58063
-1.57973
-1.57867
-1.57852
-1.57837
-1.57776
-1.57745
-1.5779
-1.5782
-1.57866
-1.57912
-1.57852
-1.57851
-1.57685
-1.5773
-1.57882
-1.57912
-1.57943
-1.58018
-1.58124
-1.58123
-1.58077
-1.58001
-1.58001
-1.57955
-1.58016
-1.58077
-1.58229
-1.58305
-1.58245
-1.5832
-1.58381
-1.58305
-1.5826
-1.58275
-1.58244
-1.58274
-1.58213
-1.58318
-1.58228
-1.58183
-1.58184
-1.58124
-1.58003
-1.57926
-1.57925
-1.57925
-1.5794
-1.58002
-1.58124
-1.5808
-1.5811
-1.58139
-1.58003
-1.57972
-1.58001
-1.58016
-1.57896
-1.57836
-1.57791
-1.57701
-1.57671
-1.57625
-1.57564
-1.57382
-1.57367
-1.57322
-1.57353
-1.57353
-1.5761
-1.57746
-1.57731
-1.57731
-1.57867
-1.35981
-1.36026
-1.3598
-1.36041
-1.36056
-1.36042
-1.36058
-1.35998
-1.35862
-1.35877
-1.35771
-1.35802
-1.35847
-1.35937
-1.35966
-1.35951
-1.35936
-1.35951
-1.36012
-1.35907
-1.35816
-1.3577
-1.35769
-1.35679
-1.35635
-1.3559
-1.35696
-1.35757
-1.35696
-1.35756
-1.3571
-1.35816
-1.35816
-1.35771
-1.35726
-1.35696
-1.35772
-1.35817
-1.35786
-1.3589
-1.35814
-1.35814
-1.35801
-1.35832
-1.35802
-1.35696
-1.35666
-1.35786
-1.35786
-1.35862
-1.35847
-1.35831
-1.35937
-1.35937
-1.35831
-1.35771
-1.35832
-1.35832
-1.35922
-1.35936
-1.35906
-1.35966
-1.35921
-1.35982
-1.35982
-1.35952
-1.36073
-1.35983
-1.36103
-1.36132
-1.36087
-1.36012
-1.36074
-1.36104
-1.36134
-1.36118
-1.36133
-1.36057
-1.36193
-1.35966
-1.36041
-1.3595
-1.3592
-1.3592
-1.35951
-1.35846
-1.3577
-1.35861
-1.35861
-1.35907
-1.35892
-1.35982
-1.35801
-1.35846
-1.35771
-1.35756
-1.3574
-1.35755
-1.3574
-1.35785
-1.35846
-1.35876
-1.35861
-1.35771
-1.35756
-1.35635
-1.3574
-1.35876
-1.35997
-1.35876
-1.35862
-1.35787
-1.35817
-1.35832
-1.35923
-1.35817
-1.35832
-1.35817
-1.35787
-1.35982
-1.36041
-1.36147
-1.36255
-1.36361
-1.36406
-1.36405
-1.36435
-1.36482
-1.36482
-1.36513
-1.36619
-1.36527
-1.36571
-1.366
-1.36495
-1.36449
-1.36511
-1.36481
-1.36376
-1.36315
-1.363
-1.363
-1.36315
-1.36345
-1.3639
-1.36466
-1.36346
-1.363
-1.3633
-1.36239
-1.36269
-1.36375
-1.3639
-1.36314
-1.36314
-1.36359
-1.36179
-1.36194
-1.36149
-1.36119
-1.36164
-1.36059
-1.35968
-1.35937
-1.35952
-1.36057
-1.36027
-1.35968
-1.35847
-1.35771
-1.35771
-1.35846
-1.35907
-1.36012
-1.36057
-1.36132
-1.36268
-1.36299
-1.3633
-1.36376
-1.36315
-1.36284
-1.36329
-1.36177
-1.36208
-1.36148
-1.36058
-1.36074
-1.35938
-1.36029
-1.36134
-1.36208
-1.36208
-1.36103
-1.36164
-1.3624
-1.36195
-1.36164
-1.36254
-1.36299
-1.36405
-1.36405
-1.36329
-1.36345
-1.36346
-1.36422
-1.36422
-1.36482
-1.36482
-1.36511
-1.36391
-1.36467
-1.36316
-1.36376
-1.3636
-1.36359
-1.36208
-1.36208
-1.36103
-1.36028
-1.36104
-1.36029
-1.36029
-1.35968
-1.36044
-1.3627
-1.36165
-1.36195
-1.36149
-1.36254
-1.36178
-1.36073
-1.36074
-1.36166
-1.36105
-1.363
-1.36435
-1.3642
-1.36376
-1.36286
-1.36226
-1.36165
-1.36165
-1.3612
-1.36073
-1.36118
-1.36133
-1.36058
-1.36013
-1.36075
-1.36075
-1.36045
-1.35999
-1.36043
-1.36042
-1.36118
-1.36269
-1.3636
-1.36255
-1.36195
-1.36195
-1.36089
-1.35999
-1.35985
-1.3597
-1.36015
-1.35954
-1.35907
-1.35982
-1.35876
-1.35952
-1.35908
-1.35787
-1.35712
-1.35651
-1.35621
-1.35575
-1.3559
-1.35711
-1.35665
-1.3568
-1.35636
-1.35652
-1.35607
-1.35712
-1.35832
-1.35786
-1.35741
-1.35575
-1.35741
-1.35742
-1.35756
-1.35771
-1.35815
-1.35906
-1.35876
-1.35756
-1.35757
-1.35773
-1.35895
-1.3588
-1.35924
-1.36104
-1.36072
-1.36011
-1.36162
-1.36117
-1.35967
-1.36012
-1.35877
-1.35878
-1.35848
-1.35712
-1.35666
-1.3559
-1.3571
-1.35695
-1.35694
-1.3577
-1.35831
-1.36042
-1.36073
-1.36028
-1.35938
-1.35877
-1.35786
-1.358
-1.35785
-1.35755
-1.35816
-1.35847
-1.35878
-1.35893
-1.35893
-1.35848
-1.35908
-1.35923
-1.35968
-1.35952
-1.35891
-1.35982
-1.36013
-1.36044
-1.36196
-1.36105
-1.36075
-1.36059
-1.35998
-1.35921
-1.35861
-1.35967
-1.36027
-1.36028
-1.35967
-1.36043
-1.36058
-1.3621
-1.3615
-1.36151
-1.3618
-1.36103
-1.36163
-1.36087
-1.36057
-1.36088
-1.36043
-1.36073
-1.36059
-1.36059
-1.36195
-1.36134
-1.36042
-1.36102
-1.36026
-1.35965
-1.36101
-1.36072
-1.36073
-1.35998
-1.35968
-1.35878
-1.35817
-1.35816
-1.35907
-1.35846
-1.35907
-1.35982
-1.35998
-1.35998
-1.35922
-1.35861
-1.35921
-1.35951
-1.36087
-1.36012
-1.36058
-1.35968
-1.35968
-1.35908
-1.35786
-1.35665
-1.3568
-1.35726
-1.35757
-1.35712
-1.35742
-1.35651
-1.35756
-1.35756
-1.35635
-1.35696
-1.35576
-1.35561
-1.35606
-1.35575
-1.35469
-1.35545
-1.35515
-1.35546
-1.355
-1.3553
-1.35559
-1.35574
-1.35528
-1.35513
-1.35589
-1.35483
-1.35378
-1.35378
-1.35394
-1.35424
-1.3553
-1.35606
-1.3562
-1.35696
-1.35741
-1.35786
-1.35665
-1.35725
-1.3577
-1.35785
-1.35845
-1.35815
-1.35816
-1.35847
-1.35742
-1.35742
-1.35803
-1.35863
-1.35892
-1.35772
-1.35757
-1.35862
-1.35847
-1.35907
-1.35817
-1.35937
-1.35785
-1.3574
-1.3577
-1.35831
-1.35847
-1.35787
-1.35893
-1.35969
-1.36044
-1.35908
-1.35862
-1.35847
-1.35801
-1.35968
-1.36029
-1.36044
-1.3618
-1.3627
-1.36285
-1.36269
-1.36163
-1.36178
-1.36148
-1.36058
-1.36089
-1.35983
-1.35938
-1.35953
-1.36059
-1.36165
-1.36301
-1.36407
-1.36332
-1.36317
-1.36226
-1.36195
-1.36179
-1.36223
-1.36253
-1.36164
-1.36196
-1.36091
-1.36165
-1.36074
-1.36134
-1.36134
-1.3618
-1.36361
-1.36466
-1.36526
-1.36405
-1.36375
-1.36375
-1.36315
-1.363
-1.36316
-1.36225
-1.36149
-1.35953
-1.35937
-1.35997
-1.3583
-1.35951
-1.35922
-1.35831
-1.35952
-1.35907
-1.35801
-1.35755
-1.3568
-1.35741
-1.35817
-1.35877
-1.35907
-1.35831
-1.35876
-1.35907
-1.35876
-1.36027
-1.36087
-1.36012
-1.35906
-1.36027
-1.36043
-1.36013
-1.35938
-1.35907
-1.35997
-1.36042
-1.35936
-1.35966
-1.35815
-1.35815
-1.35831
-1.35816
-1.35786
-1.35755
-1.3565
-1.35665
-1.35785
-1.35755
-1.35739
-1.3586
-1.35906
-1.35891
-1.35846
-1.35936
-1.35844
-1.35799
-1.35724
-1.35709
-1.35665
-1.35711
-1.35846
-1.35862
-1.35907
-1.36027
-1.35982
-1.35922
-1.35922
-1.35832
-1.36043
-1.35952
-1.36147
-1.36146
-1.36055
-1.36041
-1.36193
-1.3618
-1.36331
-1.36196
-1.36241
-1.3612
-1.36193
-1.36297
-1.36145
-1.36177
-1.36208
-1.36164
-1.36105
-1.35969
-1.35952
-1.35768
-1.35829
-1.35831
-1.35892
-1.35952
-1.35906
-1.35936
-1.35905
-1.35799
-1.35769
-1.35589
-1.35664
-1.35664
-1.35649
-1.35604
-1.35589
-1.35605
-1.35771
-1.35649
-1.35693
-1.35708
-1.35784
-1.35845
-1.35755
-1.35604
-1.35588
-1.35709
-1.35557
-1.35588
-1.35619
-1.35679
-1.35725
-1.35756
-1.3571
-1.35741
-1.35801
-1.35769
-1.35632
-1.35662
-1.35678
-1.35694
-1.35634
-1.35741
-1.35877
-1.35831
-1.35724
-1.35663
-1.35784
-1.35785
-1.3571
-1.35726
-1.35711
-1.35696
-1.35757
-1.35635
-1.35574
-1.35483
-1.35543
-1.35544
-1.35589
-1.35589
-1.35664
-1.35785
-1.35786
-1.35773
-1.35652
-1.3556
-1.35665
-1.35588
-1.35573
-1.35618
-1.35679
-1.35739
-1.35663
-1.35618
-1.35649
-1.35605
-1.35515
-1.35591
-1.35621
-1.35725
-1.35738
-1.35768
-1.35875
-1.35936
-1.35725
-1.3562
-1.35575
-1.35619
-1.3574
-1.35694
-1.35815
-1.35771
-1.35711
-1.3568
-1.35634
-1.35664
-1.35709
-1.35724
-1.35694
-1.35664
-1.35695
-1.3562
-1.35665
-1.3568
-1.3565
-1.35484
-1.35635
-1.3568
-1.35679
-1.35724
-1.35649
-1.35739
-1.35679
-1.35634
-1.35694
-1.35649
-1.35785
-1.35846
-1.35709
-1.35498
-1.35588
-1.35588
-1.35663
-1.35633
-1.35619
-1.35664
-1.35635
-1.35695
-1.35771
-1.358
-1.3583
-1.3586
-1.35754
-1.35769
-1.35724
-1.35785
-1.3586
-1.35679
-1.35725
-1.35635
-1.35636
-1.35742
-1.35862
-1.35891
-1.35874
-1.3592
-1.35785
-1.3571
-1.35831
-1.35801
-1.35785
-1.3571
-1.35726
-1.35711
-1.35771
-1.35831
-1.3577
-1.3577
-1.35724
-1.35753
-1.35708
-1.35754
-1.35861
-1.35922
-1.35847
-1.35666
-1.3553
-1.35681
-1.35832
-1.35756
-1.35725
-1.35785
-1.35709
-1.35694
-1.3586
-1.35845
-1.35861
-1.35906
-1.35997
-1.36133
-1.35967
-1.35861
-1.35846
-1.35937
-1.36028
-1.36149
-1.36285
-1.36134
-1.36104
-1.36058
-1.35846
-1.35861
-1.3583
-1.35906
-1.3589
-1.35754
-1.35769
-1.3568
-1.3565
-1.35621
-1.3553
-1.35575
-1.35499
-1.35529
-1.35604
-1.35604
-1.35648
-1.35708
-1.35693
-1.35633
-1.35604
-1.35649
-1.3565
-1.35604
-1.35665
-1.35771
-1.35771
-1.35636
-1.35651
-1.3556
-1.35513
-1.35422
-1.35285
-1.35104
-1.35105
-1.35106
-1.35136
-1.35136
-1.35181
-1.35242
-1.35287
-1.35301
-1.35406
-1.35269
-1.35331
-1.35347
-1.35257
-1.35348
-1.35393
-1.35468
-1.35665
-1.35741
-1.35771
-1.35906
-1.35875
-1.35905
-1.35982
-1.35952
-1.35938
-1.35923
-1.35788
-1.35726
-1.35694
-1.35754
-1.3577
-1.35756
-1.35786
-1.35831
-1.35845
-1.35831
-1.35801
-1.35831
-1.35967
-1.35846
-1.35846
-1.3583
-1.35906
-1.3583
-1.35725
-1.3574
-1.35755
-1.35785
-1.3589
-1.35724
-1.35784
-1.35769
-1.35935
-1.358
-1.35756
-1.35848
-1.35954
-1.36044
-1.36194
-1.36132
-1.36085
-1.3619
-1.36146
-1.35996
-1.36057
-1.36042
-1.36224
-1.36179
-1.36058
-1.36103
-1.36088
-1.36057
-1.36133
-1.36087
-1.36056
-1.35935
-1.36009
-1.36175
-1.36251
-1.36222
-1.36313
-1.36314
-1.36269
-1.36223
-1.36239
-1.36284
-1.36344
-1.36344
-1.36389
-1.36374
-1.36449
-1.36313
-1.36313
-1.36236
-1.36176
-1.36282
-1.36404
-1.36496
-1.36526
-1.3645
-1.36389
-1.36494
-1.36509
-1.36508
-1.36418
-1.36328
-1.36344
-1.36209
-1.36285
-1.36284
-1.36192
-1.36191
-1.36176
-1.36328
-1.36344
-1.36208
-1.36268
-1.36343
-1.36418
-1.36418
-1.36478
-1.36479
-1.3663
-1.3663
-1.36705
-1.36568
-1.36493
-1.36433
-1.36418
-1.36328
-1.36328
-1.36374
-1.36449
-1.36419
-1.36434
-1.36479
-1.36463
-1.36478
-1.36508
-1.36386
-1.36447
-1.36447
-1.36553
-1.36478
-1.36523
-1.36599
-1.36449
-1.3645
-1.3636
-1.36284
-1.36193
-1.36147
-1.36282
-1.36327
-1.36191
-1.36055
-1.36085
-1.35935
-1.35891
-1.35952
-1.35921
-1.35905
-1.35829
-1.35813
-1.35859
-1.35815
-1.35875
-1.3595
-1.36115
-1.36146
-1.36252
-1.36253
-1.36284
-1.36284
-1.36359
-1.36374
-1.54401
-1.5443
-1.54415
-1.54341
-1.54402
-1.54433
-1.54434
-1.54373
-1.54327
-1.54356
-1.54295
-1.54371
-1.54507
-1.54659
-1.54645
-1.54494
-1.54388
-1.54327
-1.54327
-1.54402
-1.54416
-1.5425
-1.5425
-1.5419
-1.5413
-1.54175
-1.54311
-1.5416
-1.54311
-1.54417
-1.54538
-1.54599
-1.5469
-1.54659
-1.54599
-1.54569
-1.54539
-1.54523
-1.54583
-1.54568
-1.54735
-1.54766
-1.54751
-1.5472
-1.54855
-1.54854
-1.54765
-1.5472
-1.54736
-1.54721
-1.5475
-1.54658
-1.54763
-1.54719
-1.54765
-1.54705
-1.54735
-1.54659
-1.54613
-1.54461
-1.54416
-1.5431
-1.54265
-1.54236
-1.54191
-1.54145
-1.5416
-1.54205
-1.54235
-1.54098
-1.54144
-1.54205
-1.5422
-1.54235
-1.54205
-1.54205
-1.54251
-1.54176
-1.54055
-1.53979
-1.53978
-1.53962
-1.54038
-1.54023
-1.53978
-1.54053
-1.53962
-1.53962
-1.53993
-1.54083
-1.54159
-1.54129
-1.54084
-1.53963
-1.53948
-1.53873
-1.53963
-1.53918
-1.53948
-1.54069
-1.54114
-1.54099
-1.54038
-1.54159
-1.5428
-1.5431
-1.5425
-1.5425
-1.5431
-1.54295
-1.54265
-1.54265
-1.54265
-1.5428
-1.54205
-1.54235
-1.54265
-1.54219
-1.54325
-1.5431
-1.5428
-1.54296
-1.54296
-1.5416
-1.54144
-1.54007
-1.54037
-1.54098
-1.54189
-1.54039
-1.5413
-1.541
-1.54099
-1.54068
-1.54052
-1.54112
-1.54142
-1.54128
-1.54144
-1.54205
-1.54311
-1.54312
-1.54221
-1.54191
-1.54129
-1.54113
-1.54142
-1.54172
-1.54294
-1.5431
-1.5428
-1.54281
-1.54266
-1.54175
-1.54054
-1.54038
-1.54128
-1.54234
-1.54234
-1.54265
-1.5419
-1.53994
-1.53993
-1.53947
-1.53871
-1.54097
-1.54142
-1.54052
-1.54068
-1.54174
-1.54235
-1.54083
-1.54189
-1.54234
-1.5431
-1.54325
-1.54385
-1.54325
-1.54205
-1.54265
-1.54294
-1.54233
-1.54278
-1.54324
-1.54354
-1.5428
-1.5434
-1.54204
-1.54249
-1.54264
-1.54097
-1.54051
-1.54126
-1.54233
-1.54203
-1.54264
-1.54265
-1.54205
-1.54189
-1.54234
-1.54249
-1.54249
-1.54355
-1.54355
-1.5437
-1.54354
-1.54338
-1.54278
-1.54445
-1.54506
-1.54522
-1.54462
-1.54552
-1.54506
-1.54431
-1.544
-1.5437
-1.54339
-1.54204
-1.54174
-1.54219
-1.54265
-1.54264
-1.54264
-1.54188
-1.54189
-1.54115
-1.53979
-1.53994
-1.54054
-1.54144
-1.5431
-1.5431
-1.54249
-1.54203
-1.54248
-1.54172
-1.54248
-1.54188
-1.54204
-1.54295
-1.5422
-1.54325
-1.54295
-1.54219
-1.54113
-1.53962
-1.54022
-1.53931
-1.54143
-1.54142
-1.54067
-1.54037
-1.54037
-1.53977
-1.54007
-1.54007
-1.54068
-1.54099
-1.54009
-1.53933
-1.53903
-1.53948
-1.54054
-1.54129
-1.54265
-1.5428
-1.54248
-1.54262
-1.54263
-1.54143
-1.54174
-1.54294
-1.54249
-1.54113
-1.54205
-1.54265
-1.54296
-1.54295
-1.54476
-1.5443
-1.54415
-1.54384
-1.54338
-1.54233
-1.54218
-1.54158
-1.54038
-1.54235
-1.5425
-1.54325
-1.54264
-1.54248
-1.54112
-1.54021
-1.5399
-1.54096
-1.54203
-1.54129
-1.54068
-1.54113
-1.54203
-1.54218
-1.54248
-1.54128
-1.54022
-1.53962
-1.54083
-1.54023
-1.54022
-1.54097
-1.54158
-1.54233
-1.54233
-1.54279
-1.54355
-1.54355
-1.54416
-1.54325
-1.54325
-1.54386
-1.54325
-1.54234
-1.54203
-1.54233
-1.54294
-1.54279
-1.54279
-1.54264
-1.54203
-1.54294
-1.54249
-1.54159
-1.54159
-1.54175
-1.54084
-1.54069
-1.54174
-1.54174
-1.54082
-1.54006
-1.53976
-1.53961
-1.54112
-1.54081
-1.54278
-1.54415
-1.5437
-1.54371
-1.54387
-1.54372
-1.54417
-1.54401
-1.54476
-1.5455
-1.5455
-1.54504
-1.54535
-1.54581
-1.54522
-1.54628
-1.54432
-1.54326
-1.5431
-1.5428
-1.54113
-1.54188
-1.54218
-1.54203
-1.54173
-1.54219
-1.5431
-1.5422
-1.5434
-1.54355
-1.54461
-1.54461
-1.54385
-1.54384
-1.54445
-1.54446
-1.54311
-1.54296
-1.54129
-1.54068
-1.54188
-1.54233
-1.54007
-1.53978
-1.53842
-1.53963
-1.53978
-1.53842
-1.53812
-1.53842
-1.53736
-1.53826
-1.53856
-1.53947
-1.53917
-1.53979
-1.53935
-1.5389
-1.53995
-1.54009
-1.53994
-1.54052
-1.54051
-1.54039
-1.5404
-1.5401
-1.54206
-1.54204
-1.54128
-1.54219
-1.54159
-1.5401
-1.5401
-1.5407
-1.54115
-1.54219
-1.54188
-1.54099
-1.54039
-1.54115
-1.53979
-1.53949
-1.53949
-1.53904
-1.53797
-1.53812
-1.53872
-1.53887
-1.53902
-1.53872
-1.53888
-1.53948
-1.53933
-1.53947
-1.54022
-1.53931
-1.53886
-1.53932
-1.53872
-1.53993
-1.54054
-1.5413
-1.5416
-1.54009
-1.53978
-1.54053
-1.53948
-1.53887
-1.53827
-1.53722
-1.53767
-1.53902
-1.5381
-1.53976
-1.53992
-1.53993
-1.53872
-1.53782
-1.53767
-1.53797
-1.53751
-1.53812
-1.53827
-1.53707
-1.53571
-1.53556
-1.53465
-1.53555
-1.5366
-1.53645
-1.53644
-1.53674
-1.53614
-1.5363
-1.53585
-1.53616
-1.53737
-1.53722
-1.53812
-1.53933
-1.53813
-1.53647
-1.53737
-1.53737
-1.5372
-1.5381
-1.53765
-1.5369
-1.53675
-1.53736
-1.53721
-1.53767
-1.53736
-1.53721
-1.53827
-1.53948
-1.53979
-1.53949
-1.53949
-1.54024
-1.54025
-1.541
-1.54009
-1.53963
-1.54083
-1.54082
-1.54097
-1.54204
-1.5416
-1.54206
-1.54206
-1.54161
-1.54206
-1.54236
-1.5413
-1.54085
-1.54085
-1.5407
-1.54236
-1.5425
-1.54265
-1.54356
-1.54417
-1.54298
-1.54222
-1.54191
-1.5419
-1.5419
-1.54205
-1.5413
-1.54099
-1.54099
-1.54205
-1.5413
-1.53994
-1.53933
-1.53964
-1.53964
-1.53904
-1.53903
-1.53948
-1.53933
-1.53962
-1.53887
-1.54023
-1.54039
-1.53918
-1.54009
-1.53933
-1.53918
-1.53963
-1.53903
-1.53948
-1.54008
-1.53871
-1.53886
-1.53796
-1.53903
-1.53903
-1.53934
-1.54115
-1.5416
-1.54145
-1.54099
-1.54023
-1.54039
-1.54144
-1.54099
-1.5416
-1.5422
-1.54174
-1.54159
-1.54053
-1.54083
-1.54174
-1.5419
-1.54115
-1.53949
-1.53919
-1.53858
-1.53813
-1.53918
-1.53964
-1.53933
-1.53932
-1.53916
-1.53917
-1.53963
-1.54024
-1.54116
-1.5401
-1.5395
-1.54101
-1.54086
-1.53979
-1.53964
-1.53918
-1.53948
-1.53811
-1.53797
-1.53798
-1.53904
-1.53935
-1.5389
-1.53784
-1.53904
-1.53919
-1.53978
-1.53963
-1.53964
-1.5401
-1.5395
-1.54071
-1.54011
-1.5392
-1.53814
-1.53859
-1.53813
-1.53889
-1.53858
-1.53842
-1.53736
-1.53675
-1.53661
-1.53678
-1.5374
-1.53801
-1.53845
-1.53814
-1.53843
-1.53781
-1.53842
-1.53813
-1.5389
-1.53921
-1.53996
-1.5392
-1.5392
-1.53964
-1.53993
-1.53977
-1.53887
-1.53993
-1.53964
-1.53798
-1.53858
-1.53813
-1.53768
-1.53784
-1.53663
-1.53603
-1.53616
-1.53809
-1.53826
-1.53921
-1.53967
-1.53937
-1.54011
-1.5392
-1.53935
-1.53996
-1.53875
-1.53904
-1.53812
-1.53841
-1.53961
-1.53901
-1.53857
-1.53904
-1.53935
-1.53995
-1.53935
-1.53965
-1.54026
-1.53951
-1.53996
-1.53935
-1.53919
-1.54054
-1.53993
-1.54144
-1.54281
-1.54176
-1.54191
-1.54221
-1.54131
-1.54101
-1.54101
-1.5404
-1.53949
-1.54055
-1.54085
-1.5404
-1.53934
-1.5398
-1.54026
-1.54025
-1.54039
-1.54039
-1.54145
-1.5401
-1.54146
-1.54221
-1.54281
-1.54251
-1.54236
-1.54176
-1.54131
-1.54146
-1.5404
-1.53919
-1.53873
-1.5401
-1.53934
-1.53813
-1.53842
-1.53797
-1.53722
-1.53647
-1.53814
-1.53768
-1.53844
-1.53934
-1.53948
-1.53917
-1.53857
-1.53994
-1.54085
-1.53994
-1.54161
-1.54146
-1.54161
-1.54251
-1.54326
-1.54281
-1.54221
-1.54161
-1.54146
-1.54116
-1.5416
-1.54219
-1.54249
-1.54249
-1.5422
-1.54221
-1.54115
-1.54085
-1.54176
-1.54297
-1.54296
-1.54205
-1.54114
-1.54265
-1.54372
-1.54327
-1.54342
-1.54297
-1.54327
-1.54388
-1.54311
-1.54311
-1.54281
-1.54326
-1.54341
-1.54568
-1.54462
-1.54387
-1.54478
-1.54403
-1.54388
-1.54418
-1.54222
-1.54221
-1.5419
-1.54054
-1.54085
-1.54101
-1.54102
-1.54086
-1.54161
-1.53994
-1.54069
-1.54039
-1.54024
-1.5404
-1.54101
-1.54086
-1.54086
-1.54056
-1.53875
-1.5395
-1.53965
-1.53934
-1.53903
-1.53903
-1.53827
-1.53812
-1.53737
-1.53632
-1.53541
-1.53737
-1.53722
-1.53631
-1.53661
-1.53782
-1.53737
-1.53737
-1.53842
-1.53842
-1.53812
-1.53782
-1.53903
-1.54039
-1.54114
-1.54069
-1.54068
-1.54038
-1.54009
-1.53979
-1.53949
-1.53888
-1.53933
-1.53858
-1.53902
-1.53887
-1.53872
-1.53736
-1.53796
-1.53796
-1.53736
-1.53751
-1.53736
-1.53796
-1.53782
-1.53737
-1.53722
-1.53707
-1.53677
-1.53692
-1.53661
-1.53736
-1.53721
-1.53736
-1.53721
-1.53675
-1.53766
-1.53706
-1.53796
-1.53826
-1.53796
-1.53811
-1.53902
-1.53888
-1.53843
-1.53873
-1.53842
-1.53706
-1.53646
-1.53767
-1.53752
-1.53767
-1.53706
-1.53675
-1.5369
-1.53676
-1.53661
-1.53676
-1.53675
-1.53735
-1.53675
-1.53705
-1.53645
-1.53676
-1.53722
-1.53616
-1.5354
-1.53615
-1.5357
-1.53646
-1.53601
-1.5348
-1.5348
-1.53404
-1.53509
-1.53584
-1.53644
-1.53614
-1.53706
-1.53706
-1.53646
-1.53601
-1.5357
-1.53495
-1.53525
-1.5354
-1.53555
-1.53585
-1.5366
-1.53736
-1.5372
-1.5372
-1.5372
-1.5369
-1.53676
-1.536
-1.53691
-1.53736
-1.5366
-1.53796
-1.53916
-1.53961
-1.539
-1.54006
-1.53961
-1.53871
-1.53826
-1.53736
-1.53706
-1.53677
-1.53631
-1.53645
-1.5387
-1.53914
-1.53899
-1.5387
-1.5378
-1.53827
-1.53797
-1.53872
-1.53857
-1.53826
-1.53931
-1.54036
-1.53931
-1.53961
-1.53901
-1.53962
-1.54022
-1.54051
-1.54006
-1.54006
-1.53976
-1.54037
-1.54007
-1.54008
-1.54023
-1.53916
-1.53946
-1.54037
-1.54007
-1.53931
-1.53856
-1.53885
-1.5387
-1.53795
-1.53916
-1.53871
-1.53689
-1.53734
-1.53779
-1.53825
-1.53795
-1.53841
-1.53826
-1.53901
-1.53886
-1.53961
-1.53976
-1.54021
-1.54127
-1.54111
-1.54141
-1.5414
-1.54171
-1.54262
-1.54293
-1.54293
-1.54278
-1.54399
-1.54384
-1.54444
-1.54399
-1.54444
-1.54263
-1.54232
-1.54232
-1.54232
-1.54142
-1.54052
-1.53992
-1.53961
-1.54082
-1.54096
-1.5411
-1.54307
