2.84726
2.83897
2.82457
2.80306
2.77294
2.73222
2.67839
2.60872
2.52071
2.41276
2.2852
2.14146
1.98894
1.8387
1.70332
1.59376
1.51646
1.47237
1.45781
1.46631
1.49039
1.52276
1.55716
1.58878
1.61456
1.63318
1.64495
1.65144
1.65481
1.657
1.65905
1.66082
1.66107
1.65792
1.64924
1.63348
1.61042
1.58172
1.55071
1.52134
1.49671
1.4782
1.46565
1.45846
1.4564
1.45977
1.46876
1.48276
1.50014
1.51844
1.53498
1.54737
1.55397
1.55398
1.54771
1.53668
1.52351
1.51124
1.50218
1.49725
1.49613
1.49813
1.50268
1.50931
1.51735
1.52556
1.53241
1.53647
1.53722
1.5355
1.53338
1.53333
1.53705
1.54482
1.55538
1.56665
1.57646
1.58349
1.58771
1.59013
1.59199
1.59375
1.59468
1.59357
1.58999
1.58489
1.57998
1.57669
1.57569
1.577
1.58027
1.5849
1.59006
1.59472
1.59774
1.59815
1.59525
1.58868
1.57842
1.56462
1.54765
1.5279
1.50581
1.48209
1.45818
1.43644
1.41976
1.41071
1.41091
1.42086
1.4398
1.46534
1.49364
1.52052
1.54267
1.55811
1.56617
1.56724
1.56256
1.55407
1.54413
1.53483
1.52735
1.52155
1.51641
1.51115
1.5062
1.50314
1.50384
1.50952
1.52035
1.53573
1.5546
1.57568
1.59734
1.61765
1.6346
1.64648
1.65256
1.65361
1.65186
1.65017
1.65044
1.65237
1.65383
1.65238
1.64677
1.63769
1.62774
1.62035
1.61781
1.61999
1.62457
1.6284
1.62878
1.62397
1.61331
1.59715
1.57698
1.55596
1.53928
1.53253
1.53774
1.55102
1.56523
1.57509
1.57976
1.58186
1.58495
1.59122
1.60085
1.61272
1.62535
1.6375
1.64877
1.65967
1.67073
1.68103
1.68775
1.68749
1.67826
1.6606
1.63799
1.6162
1.60139
1.59711
1.60267
1.61411
1.62695
1.63824
1.6469
1.65285
1.65595
1.6555
1.65025
1.63904
1.62158
1.59877
1.57241
1.54438
1.51606
1.48863
1.46388
1.44446
1.43276
1.42969
1.4348
1.44728
1.46669
1.49273
1.52465
1.56073
1.59847
1.63487
1.66709
1.69281
1.71056
1.71989
1.7213
1.71597
1.70547
1.69132
1.67485
1.65707
1.63892
1.62137
1.60551
1.59251
1.58347
1.57928
1.58056
1.58759
1.60001
1.6167
1.63583
1.65507
1.67205
1.68475
1.69189
1.69317
1.68907
1.68064
1.66936
1.65715
1.64654
1.64052
1.64146
1.64972
1.66347
1.67993
1.69661
1.7115
1.72268
1.7282
1.72648
1.71714
1.70167
1.68293
1.66373
1.64533
1.6275
1.60953
1.5913
1.57341
1.55687
1.54263
1.53138
1.52366
1.51981
1.51974
1.52265
1.52694
1.53053
1.53122
1.52732
1.51812
1.50424
1.4877
1.47185
1.46089
1.45891
1.46852
1.48978
1.51978
1.55328
1.58429
1.60764
1.62012
1.62088
1.61135
1.59493
1.5765
1.5614
1.5539
1.55564
1.5653
1.57961
1.59506
1.6091
1.62021
1.62739
1.62978
1.62678
1.61847
1.60603
1.59149
1.57684
1.56306
1.55003
1.53776
1.52782
1.52359
1.52869
1.5444
1.5683
1.59518
1.6192
1.6358
1.64247
1.63884
1.62643
1.60848
1.58937
1.57374
1.56516
1.56493
1.57162
1.58181
1.59131
1.59633
1.59415
1.5835
1.56493
1.54085
1.51493
1.4911
1.47265
1.46162
1.45887
1.46429
1.47701
1.49541
1.51708
1.53881
1.55712
1.56888
1.57212
1.56684
1.55545
1.54259
1.5336
1.53219
1.53839
1.54888
1.55929
1.56673
1.57078
1.57303
1.57584
1.58095
1.58879
1.59851
1.60852
1.61729
1.62395
1.62829
1.63059
1.63123
1.63058
1.62909
1.62745
1.62658
1.62726
1.62968
1.63333
1.63721
1.6402
1.64153
1.64094
1.63871
1.63544
1.63174
1.62815
1.62512
1.62283
1.62116
1.61961
1.61738
1.61374
1.60836
1.60148
1.59402
1.58727
1.58249
1.58027
1.58012
1.58051
1.57981
1.57758
1.57529
1.57546
1.57974
1.58772
1.59749
1.607
1.61482
1.62025
1.62323
1.62444
1.62516
1.62701
1.63139
1.63887
1.649
1.66044
1.67152
1.68056
1.68613
1.68711
1.68283
1.67326
1.65903
1.64148
1.62255
1.60449
1.58935
1.57873
1.57346
1.57346
1.57775
1.58465
1.59212
1.59836
1.60222
1.60342
1.60258
1.60094
1.60006
1.6012
1.60472
1.60968
1.61376
1.61385
1.60705
1.59214
1.57076
1.5476
1.52904
1.52032
1.52322
1.53624
1.55656
1.58168
1.60995
1.6401
1.67082
1.70056
1.72759
1.75034
1.7676
1.77864
1.78304
1.7805
1.77077
1.75384
1.73017
1.70093
1.66818
1.63473
1.6039
1.57872
1.56091
1.55029
1.54553
1.54564
1.55074
1.56181
1.57949
1.60276
1.62829
1.65103
1.66576
1.6691
1.6614
1.64759
1.63562
1.63222
1.63954
1.65517
1.67437
1.6919
1.70323
1.70567
1.69867
1.68361
1.6632
1.64089
1.62036
1.60488
1.59656
1.59585
1.60142
1.61066
1.62055
1.62838
1.63234
1.63167
1.62606
1.6151
1.59844
1.57678
1.55287
1.53152
1.51825
1.51706
1.52896
1.55214
1.58318
1.61793
1.65236
1.68338
1.7095
1.73081
1.74841
1.76347
1.77644
1.7866
1.79239
1.79198
1.78399
1.76791
1.74435
1.71481
1.68134
1.64614
1.61147
1.57951
1.55244
1.53209
1.51946
1.51421
1.51478
1.51908
1.52538
1.53286
1.54173
1.5528
1.56665
1.58257
1.59828
1.61053
1.61637
1.61409
1.60369
1.58674
1.56612
1.54521
1.52657
1.511
1.49769
1.48547
1.47397
1.46432
1.459
1.4611
1.47265
1.49327
1.52022
1.54961
1.5778
1.60187
1.6196
1.62933
1.63037
1.6235
1.61112
1.59663
1.58344
1.57391
1.56848
1.56583
1.56366
1.55971
1.55266
1.54221
1.52872
1.51271
1.4946
1.47525
1.4566
1.44213
1.43599
1.44098
1.45649
1.47851
1.50192
1.523
1.54048
1.55513
1.56858
1.58208
1.59581
1.60889
1.61993
1.62779
1.63201
1.63278
1.63085
1.62704
1.62207
1.61629
1.60952
1.60122
1.59093
1.57883
1.56614
1.55501
1.54798
1.54708
1.55312
1.56512
1.58057
1.59588
1.60708
1.61043
1.60319
1.58429
1.55515
1.52012
1.48548
1.45719
1.43833
1.42855
1.42555
1.42725
1.43272
1.44218
1.45622
1.47511
1.49825
1.52419
1.55099
1.57674
1.59987
1.61887
1.63194
1.63686
1.63177
1.61639
1.59282
1.56565
1.54103
1.52489
1.52113
1.53069
1.55194
1.58139
1.61456
1.64664
1.67313
1.69057
1.69724
1.69335
1.68073
1.66242
1.64214
1.62405
1.61198
1.60821
1.61238
1.62148
1.63142
1.63898
1.6433
1.64582
1.64895
1.65387
1.65923
1.66157
1.65731
1.6444
1.62316
1.59619
1.56783
1.54313
1.52668
1.52126
1.52712
1.54209
1.56252
1.58437
1.60387
1.61793
1.62448
1.62275
1.61352
1.59906
1.5829
1.56908
1.56118
1.56145
1.57032
1.5865
1.60756
1.63058
1.65262
1.67105
1.68372
1.68899
1.68593
1.67446
1.65538
1.63015
1.60055
1.56855
1.53639
1.50678
1.48254
1.46609
1.4583
1.45803
1.46252
1.4687
1.47445
1.47926
1.48403
1.49049
1.49992
1.51187
1.52388
1.53316
1.53905
1.54399
1.55226
1.56712
1.58855
1.61308
1.63545
1.65066
1.65514
1.64729
1.62774
1.59949
1.5679
1.54004
1.52281
1.52056
1.53363
1.55859
1.59003
1.62255
1.6521
1.67636
1.69483
1.7083
1.71813
1.72538
1.73016
1.7316
1.72833
1.71896
1.70232
1.67764
1.6446
1.60393
1.55788
1.51045
1.46693
1.43249
1.4104
1.4007
1.40066
1.40638
1.41455
1.42328
1.4323
1.44252
1.4556
1.47333
1.49706
1.52682
1.561
1.59655
1.62998
1.65829
1.67943
1.69232
1.69667
1.69271
1.68105
1.66275
1.63967
1.61457
1.59055
1.56983
1.5529
1.53856
1.52516
1.51177
1.49889
1.48815
1.48129
1.47924
1.4816
1.48697
1.49361
1.49982
1.50406
1.50535
1.50402
1.50243
1.50462
1.51438
1.53261
1.55641
1.581
1.60251
1.61946
1.63225
1.64201
1.6498
1.6562
1.66142
1.66548
1.66841
1.67041
1.67199
1.6737
1.67573
1.67773
1.67895
1.67858
1.67613
1.67163
1.6658
1.66009
1.65623
1.65541
1.65775
1.66229
1.66763
1.67242
1.67553
1.67599
1.67288
1.66548
1.65363
1.63808
1.62038
1.60229
1.58489
1.56792
1.55032
1.53184
1.51489
1.50464
1.50585
1.51879
1.53899
1.56094
1.58149
1.59977
1.61551
1.62802
1.63616
1.63894
1.63591
1.62722
1.61347
1.59547
1.57414
1.55053
1.52608
1.50285
1.48367
1.47165
1.4687
1.47435
1.48588
1.49971
1.51283
1.52298
1.52819
1.52672
1.51776
1.50249
1.48433
1.46805
1.45848
1.45951
1.47356
1.50095
1.53948
1.58484
1.63191
1.67598
1.71361
1.74294
1.76316
1.77367
1.77338
1.76086
1.73532
1.69773
1.65128
1.60117
1.55356
1.51378
1.48478
1.46652
1.45688
1.4531
1.45308
1.45619
1.46315
1.47487
1.49108
1.50998
1.5292
1.54727
1.56442
1.58224
1.60248
1.62541
1.64889
1.66903
1.68204
1.68581
1.68068
1.66931
1.65611
1.6459
1.64208
1.64482
1.65078
1.6545
1.65106
1.6384
1.61851
1.5967
1.57898
1.56925
1.56843
1.57567
1.58946
1.60788
1.6284
1.64805
1.66375
1.6729
1.67392
1.66667
1.65257
1.6342
1.6144
1.59543
1.57858
1.56405
1.55127
1.53925
1.52681
1.51308
1.4977
1.48108
1.46413
1.44811
1.43437
1.42402
1.4177
1.41549
1.41688
1.42087
1.42616
1.43182
1.43807
1.44635
1.45847
1.47545
1.49701
1.52172
1.54766
1.57292
1.59578
1.61466
1.62817
1.63526
1.63542
1.62889
1.61672
1.60056
1.58254
1.56486
1.54934
1.53691
1.52738
1.51961
1.51206
1.50355
1.49355
1.48224
2.82185
2.76802
2.69038
2.59196
2.48043
2.37089
2.28467
2.23935
2.23771
2.26941
2.32011
2.37519
2.41949
2.43995
2.43114
2.39918
2.36066
2.33575
2.33893
2.37365
2.4336
2.50733
2.58205
2.64635
2.69232
2.71616
2.71767
2.69895
2.6637
2.61697
2.56473
2.51278
2.46547
2.42595
2.39697
2.3805
2.37624
2.38186
2.39513
2.4155
2.44253
2.47277
2.49906
2.51423
2.51489
2.5024
2.48177
2.46043
2.4469
2.44873
2.46937
2.50582
2.54926
2.58842
2.61412
2.62234
2.61477
2.59661
2.57287
2.54666
2.51982
2.49322
2.46701
2.44121
2.41589
2.39028
2.36296
2.33388
2.30589
2.28524
2.28062
2.29889
2.3388
2.39065
2.44341
2.49016
2.5281
2.55612
2.57362
2.58079
2.57901
2.57019
2.55567
2.53601
2.51223
2.48746
2.46713
2.45693
2.45993
2.47544
2.50007
2.52944
2.55892
2.58319
2.59717
2.59831
2.58822
2.57175
2.55371
2.53613
2.51831
2.49938
2.48035
2.46305
2.44791
2.43466
2.42601
2.42998
2.45589
2.5056
2.56892
2.62866
2.66972
2.68463
2.67468
2.64719
2.60936
2.56329
2.50776
2.44308
2.3725
2.3006
2.23262
2.17574
2.13981
2.13321
2.1567
2.20253
2.25996
2.32087
2.38055
2.43563
2.48237
2.51677
2.53614
2.54048
2.5335
2.52202
2.51363
2.51274
2.51786
2.52288
2.52127
2.50995
2.49105
2.47094
2.45723
2.45508
2.46541
2.48492
2.50769
2.52744
2.53982
2.54377
2.54097
2.53411
2.52577
2.51871
2.51717
2.52635
2.5495
2.58476
2.62526
2.66251
2.68999
2.70448
2.70554
2.69425
2.67212
2.6403
2.59969
2.55213
2.50242
2.45873
2.42926
2.41663
2.41714
2.42544
2.43869
2.45772
2.48595
2.5267
2.57989
2.64096
2.70297
2.75944
2.8055
2.83758
2.85283
2.84859
2.82262
2.77394
2.7046
2.62061
2.53023
2.44056
2.35689
2.28542
2.23506
2.21464
2.22697
2.26587
2.3196
2.37521
2.42124
2.45041
2.46201
2.46063
2.45131
2.43621
2.41573
2.39095
2.36435
2.33936
2.31972
2.30897
2.3104
2.32684
2.35957
2.40634
2.46045
2.51188
2.55044
2.56935
2.56733
2.54816
2.51862
2.48624
2.45741
2.43627
2.42429
2.42083
2.4239
2.4302
2.43596
2.43906
2.44027
2.44191
2.44528
2.44953
2.453
2.45476
2.45532
2.45587
2.45704
2.45872
2.4598
2.45789
2.4494
2.43163
2.40466
2.37091
2.33264
2.29178
2.25258
2.22305
2.21159
2.22163
2.24958
2.28737
2.32598
2.35843
2.38174
2.39652
2.40444
2.40598
2.40083
2.39047
2.3805
2.37975
2.39551
2.42907
2.47512
2.52424
2.56613
2.59233
2.59796
2.58319
2.55414
2.52208
2.49924
2.49442
2.51144
2.54829
2.59646
2.64331
2.67704
2.69065
2.68259
2.65579
2.61644
2.5734
2.53649
2.51382
2.50894
2.5194
2.53775
2.55459
2.5624
2.55778
2.54181
2.51931
2.49707
2.48039
2.4694
2.46027
2.45007
2.43904
2.42826
2.41837
2.41079
2.40799
2.41214
2.4233
2.43898
2.45537
2.46912
2.47876
2.48539
2.4937
2.51106
2.54237
2.58558
2.63395
2.67949
2.71381
2.72921
2.72027
2.68479
2.6271
2.5643
2.52292
2.51385
2.52091
2.52546
2.5241
2.52392
2.53253
2.5519
2.57716
2.5997
2.61205
2.61226
2.60555
2.60104
2.60461
2.61446
2.62342
2.62386
2.61049
2.58104
2.53707
2.48539
2.43831
2.40928
2.40405
2.4163
2.4334
2.44545
2.449
2.44467
2.43358
2.41562
2.39015
2.35772
2.32248
2.29269
2.27828
2.28633
2.31742
2.36551
2.42115
2.47552
2.52318
2.56273
2.59474
2.6187
2.63188
2.63087
2.61433
2.58508
2.54953
2.51399
2.48156
2.45376
2.43349
2.42308
2.42081
2.42248
2.426
2.43261
2.4448
2.46374
2.48795
2.51372
2.53657
2.55334
2.56363
2.57008
2.5772
2.58907
2.6064
2.6253
2.63891
2.6411
2.62897
2.60359
2.56937
2.5329
2.5008
2.47718
2.46215
2.45263
2.44467
2.43555
2.42539
2.41706
2.41406
2.41713
2.42314
2.42892
2.43625
2.45034
2.47208
2.49301
2.50133
2.49294
2.47464
2.45664
2.44287
2.4301
2.41552
2.40112
2.38954
2.37864
2.36257
2.33752
2.30602
2.27639
2.25815
2.25618
2.26777
2.28473
2.29914
2.3073
2.3101
2.31159
2.3159
2.32331
2.32918
2.32938
2.32895
2.34047
2.36497
2.38538
2.38733
2.37423
2.36248
2.36803
2.39512
2.43533
2.476
2.50802
2.52763
2.53433
2.52918
2.51436
2.4928
2.46699
2.43804
2.40639
2.37428
2.3478
2.335
2.34086
2.36297
2.39277
2.42132
2.44333
2.45703
2.46234
2.46016
2.4523
2.44089
2.42783
2.41503
2.40448
2.39752
2.39382
2.39202
2.39112
2.39155
2.39603
2.40986
2.43794
2.47976
2.52883
2.57726
2.6193
2.65134
2.67124
2.67852
2.67466
2.66229
2.64371
2.61989
2.59051
2.55512
2.51459
2.47207
2.43263
2.40116
2.37969
2.36619
2.35599
2.34471
2.33057
2.31515
2.30261
2.2974
2.30217
2.3168
2.33902
2.36593
2.39523
2.42519
2.45399
2.47927
2.49866
2.51067
2.5153
2.51334
2.50517
2.48986
2.46605
2.43476
2.40163
2.37558
2.36435
2.37056
2.39092
2.41818
2.44482
2.46535
2.47732
2.48126
2.48028
2.47801
2.47624
2.47372
2.46708
2.45298
2.43034
2.40209
2.37551
2.35955
2.35954
2.37377
2.39622
2.42221
2.45127
2.4845
2.51999
2.55221
2.57473
2.58305
2.57691
2.56255
2.55254
2.55858
2.58144
2.60992
2.63108
2.63917
2.63627
2.62787
2.61804
2.60697
2.59236
2.57263
2.54832
2.52054
2.4898
2.45688
2.42431
2.39655
2.37894
2.37619
2.39076
2.42191
2.46558
2.51513
2.56221
2.59819
2.61621
2.61363
2.59329
2.56292
2.53214
2.5085
2.49471
2.48974
2.49186
2.50022
2.51403
2.53109
2.54739
2.55835
2.56091
2.55472
2.54165
2.52377
2.50172
2.47408
2.43902
2.39601
2.34681
2.295
2.24432
2.19741
2.15789
2.13575
2.14575
2.1904
2.252
2.31019
2.35612
2.38982
2.41336
2.42751
2.43211
2.42688
2.41268
2.39351
2.37783
2.37436
2.38411
2.39903
2.40965
2.41101
2.40264
2.38598
2.36292
2.33489
2.3025
2.26603
2.22691
2.18923
2.15975
2.14618
2.15406
2.18431
2.23314
2.29426
2.36134
2.42945
2.49536
2.55631
2.60788
2.64334
2.65646
2.64524
2.6135
2.56969
2.5243
2.48668
2.46096
2.44326
2.42455
2.39786
2.3634
2.32845
2.30381
2.29898
2.31723
2.35321
2.3954
2.43053
2.44656
2.43538
2.39745
2.34527
2.29885
2.27257
2.26657
2.27254
2.28369
2.29765
2.31465
2.33597
2.36285
2.39453
2.42732
2.45666
2.47946
2.49476
2.50327
2.50704
2.50854
2.50876
2.50646
2.49926
2.48595
2.46729
2.44504
2.42162
2.40111
2.38973
2.39312
2.412
2.44043
2.469
2.48951
2.49728
2.49029
2.46786
2.43051
2.38047
2.32218
2.26242
2.20957
2.17153
2.15366
2.15872
2.18714
2.23474
2.29166
2.34659
2.39244
2.42762
2.45335
2.47071
2.47956
2.47963
2.47228
2.46129
2.45144
2.44594
2.44511
2.44846
2.45826
2.4781
2.50594
2.53276
2.55104
2.56126
2.56901
2.57692
2.58147
2.57818
2.56735
2.55288
2.53674
2.51653
2.4886
2.45227
2.41068
2.36917
2.33384
2.31088
2.30528
2.31893
2.34981
2.39263
2.44041
2.48617
2.52414
2.55036
2.56338
2.56491
2.55985
2.55422
2.55167
2.55151
2.54992
2.54262
2.52687
2.50186
2.46854
2.42923
2.38728
2.34702
2.31343
2.28983
2.27533
2.26601
2.25988
2.2606
2.27602
2.31233
2.36815
2.43345
2.49338
2.53357
2.54424
2.52266
2.47454
2.41423
2.36112
2.33123
2.32902
2.34782
2.37749
2.4109
2.44439
2.47498
2.4983
2.50947
2.50633
2.49284
2.47909
2.47508
2.48265
2.49537
2.50591
2.51057
2.50866
2.50035
2.48591
2.46632
2.44404
2.42276
2.40568
2.39375
2.3863
2.38315
2.38509
2.39171
2.39989
2.40513
2.40417
2.39594
2.38112
2.3613
2.33842
2.3145
2.29167
2.27231
2.25927
2.25622
2.268
2.29834
2.34343
2.38941
2.42089
2.43082
2.42272
2.40702
2.39471
2.39154
2.39707
2.40854
2.4246
2.44573
2.47251
2.5042
2.53829
2.57048
2.59484
2.60564
2.60033
2.58166
2.55683
2.53302
2.51311
2.4962
2.48118
2.46788
2.45513
2.43961
2.41824
2.39123
2.36295
2.34005
2.32912
2.33514
2.35992
2.40011
2.4468
2.48844
2.51529
2.52241
2.51015
2.48271
2.44609
2.40642
2.3693
2.3392
2.31855
2.30671
2.30114
2.29954
2.30084
2.30472
2.31125
2.32123
2.33635
2.35761
2.38266
2.40536
2.418
2.41501
2.39665
2.371
2.35129
2.34756
2.35927
2.37772
2.39415
2.40414
2.40675
2.40251
2.39221
2.37677
2.35872
2.34404
2.34088
2.35426
2.38137
2.41302
2.4401
2.45917
2.47345
2.48886
2.50827
2.52828
2.54069
2.53718
2.51412
2.47626
2.43626
2.40782
2.3975
2.40419
2.42254
2.44409
2.45927
2.46273
2.45593
2.44341
2.42704
2.40636
2.38336
2.36476
2.35893
2.37066
2.39796
2.43283
2.46555
2.48972
2.50535
2.5175
2.53002
2.54038
2.54205
2.53008
2.50361
2.46526
2.42101
2.38135
2.36018
2.36686
2.39628
2.43189
2.46043
2.48151
2.50059
2.51517
2.51322
2.48485
2.4308
2.3615
2.29094
2.23078
2.18941
2.17551
2.19741
2.25333
2.32683
2.3979
2.45443
2.49334
2.51692
2.52976
2.53698
2.54301
2.55054
2.55919
2.56593
2.56726
2.56085
2.54599
2.52402
2.4981
2.47176
2.44721
2.42595
2.41168
2.41091
2.42666
2.8714
2.88448
2.88109
2.86148
2.83037
2.79485
2.76366
2.74587
2.74628
2.76075
2.77746
2.7846
2.77653
2.75495
2.72656
2.69967
2.68056
2.67143
2.67119
2.67756
2.68801
2.70001
2.71197
2.72356
2.73498
2.74577
2.75365
2.75462
2.74523
2.72505
2.697
2.66565
2.63575
2.61158
2.59557
2.58693
2.58218
2.57773
2.57301
2.57189
2.57935
2.59516
2.61214
2.62243
2.62398
2.62099
2.61981
2.62412
2.63302
2.64306
2.65141
2.65586
2.65208
2.63401
2.59922
2.55368
2.51119
2.4876
2.49212
2.52108
2.56064
2.59595
2.61733
2.62091
2.60727
2.57968
2.54274
2.50228
2.46619
2.44363
2.43997
2.45137
2.46782
2.48135
2.48971
2.4949
2.4998
2.50507
2.50989
2.51555
2.52651
2.54682
2.57544
2.60608
2.63137
2.64551
2.64467
2.6282
2.60092
2.57355
2.55869
2.56403
2.58848
2.62447
2.66328
2.69866
2.72775
2.75055
2.76792
2.77916
2.78233
2.77724
2.76759
2.75964
2.75882
2.76704
2.78209
2.79916
2.81258
2.81813
2.81548
2.80886
2.80412
2.80467
2.81142
2.82565
2.84831
2.87551
2.89761
2.90416
2.88963
2.85579
2.81036
2.76389
2.72662
2.70615
2.70558
2.72213
2.74645
2.76448
2.76377
2.74019
2.70073
2.66015
2.63228
2.62196
2.6244
2.63211
2.6419
2.65637
2.68031
2.71588
2.75967
2.8031
2.83587
2.84986
2.84084
2.80937
2.7628
2.71544
2.68242
2.67219
2.68789
2.73106
2.79682
2.86932
2.92776
2.95742
2.95632
2.93441
2.90707
2.88547
2.87114
2.85942
2.84525
2.8257
2.80057
2.77352
2.75233
2.74605
2.76019
2.79335
2.83726
2.87957
2.90893
2.91999
2.91512
2.90246
2.89231
2.89297
2.90763
2.93358
2.96414
2.99146
3.00885
3.01173
2.99724
2.96348
2.91007
2.84069
2.76508
2.69713
2.64778
2.61925
2.60684
2.60475
2.60889
2.61649
2.62543
2.63362
2.63852
2.63822
2.63367
2.62949
2.63234
2.64695
2.67235
2.70178
2.72653
2.73967
2.73753
2.71958
2.68853
2.65106
2.6187
2.6059
2.6235
2.67161
2.73888
2.80952
2.87106
2.91639
2.94206
2.94649
2.93041
2.89791
2.85588
2.81144
2.77016
2.73644
2.714
2.70427
2.70463
2.70994
2.71612
2.7218
2.72668
2.7294
2.72736
2.71815
2.70114
2.67779
2.65129
2.62793
2.61876
2.63579
2.68088
2.73978
2.79044
2.81589
2.80972
2.77513
2.72295
2.66968
2.63242
2.61982
2.62577
2.63328
2.62547
2.59434
2.54368
2.48809
2.44826
2.44099
2.46897
2.5204
2.58061
2.64267
2.70612
2.76865
2.82259
2.85855
2.87011
2.85599
2.82021
2.77137
2.7195
2.67107
2.6277
2.59114
2.56716
2.56324
2.5833
2.62519
2.6818
2.74409
2.80401
2.85582
2.89543
2.91928
2.92474
2.91218
2.8866
2.85669
2.83188
2.81855
2.8171
2.82183
2.82404
2.81656
2.79665
2.76658
2.73286
2.70432
2.68905
2.69128
2.70951
2.73689
2.76342
2.77945
2.77913
2.76234
2.73509
2.70795
2.69264
2.69717
2.72238
2.76212
2.80639
2.84468
2.86811
2.87084
2.8516
2.81484
2.76943
2.72305
2.67602
2.62455
2.57349
2.54118
2.54238
2.57244
2.61929
2.67696
2.74108
2.80278
2.85062
2.87592
2.87545
2.85139
2.80966
2.75823
2.70501
2.65609
2.61489
2.5838
2.56697
2.57095
2.60121
2.656
2.72316
2.78497
2.82771
2.84778
2.85098
2.84643
2.8395
2.82906
2.81053
2.78106
2.74282
2.70282
2.66893
2.64589
2.63439
2.63306
2.63968
2.65112
2.66415
2.67775
2.69421
2.71625
2.74272
2.76834
2.78912
2.8062
2.82311
2.84086
2.85712
2.86794
2.86878
2.85529
2.82466
2.77864
2.72614
2.6821
2.65979
2.66212
2.68312
2.71607
2.75567
2.79545
2.82815
2.84876
2.85576
2.85036
2.83566
2.81553
2.79287
2.76815
2.74002
2.70721
2.67072
2.6357
2.61081
2.60431
2.62027
2.65773
2.7121
2.77605
2.8405
2.89667
2.93836
2.96325
2.97245
2.96908
2.95693
2.93977
2.92088
2.90193
2.88222
2.85972
2.83392
2.80769
2.78528
2.76832
2.7546
2.74105
2.72661
2.71229
2.70047
2.69499
2.69874
2.70837
2.71445
2.70957
2.69485
2.67773
2.66353
2.64961
2.62917
2.60112
2.57413
2.56063
2.5688
2.59839
2.64111
2.68505
2.72098
2.74524
2.75812
2.76157
2.75905
2.75749
2.76659
2.79197
2.82949
2.86965
2.90347
2.92295
2.92371
2.90904
2.88911
2.87412
2.86762
2.86574
2.86153
2.84995
2.82946
2.80113
2.76668
2.72728
2.68354
2.63742
2.59451
2.56285
2.5478
2.54914
2.56314
2.58502
2.60878
2.62787
2.63705
2.63415
2.6209
2.60219
2.58417
2.57228
2.57023
2.5793
2.59794
2.62235
2.64815
2.67179
2.69076
2.70392
2.71224
2.71936
2.72969
2.74454
2.7607
2.77337
2.78032
2.78278
2.78299
2.78215
2.78125
2.78197
2.78557
2.79041
2.79234
2.78891
2.78153
2.77331
2.76567
2.75761
2.74674
2.73109
2.71039
2.68652
2.66365
2.64763
2.64475
2.65893
2.689
2.72882
2.77059
2.80795
2.83669
2.85385
2.85754
2.84814
2.82958
2.80913
2.79553
2.79668
2.81612
2.84955
2.88607
2.9143
2.92752
2.92446
2.90769
2.88159
2.85075
2.81851
2.78662
2.7557
2.72592
2.69737
2.66991
2.64317
2.61757
2.59685
2.58885
2.6011
2.63395
2.67939
2.72639
2.76676
2.7974
2.81905
2.83339
2.84079
2.84019
2.83087
2.81463
2.7966
2.78371
2.78152
2.79213
2.81409
2.84336
2.87391
2.89855
2.91085
2.90767
2.89077
2.8663
2.84216
2.8243
2.81408
2.80811
2.80091
2.78878
2.77141
2.75016
2.72618
2.70158
2.68192
2.67494
2.68433
2.70443
2.72268
2.72746
2.71337
2.68131
2.63642
2.58651
2.54088
2.50914
2.49958
2.51699
2.55963
2.61785
2.67766
2.72729
2.76131
2.78034
2.78762
2.78526
2.773
2.75
2.71801
2.68301
2.65289
2.63224
2.61954
2.60991
2.59898
2.58452
2.56716
2.55087
2.54133
2.54449
2.56784
2.61601
2.68
2.74013
2.78157
2.80169
2.80604
2.8015
2.79164
2.77607
2.75296
2.72166
2.68472
2.64843
2.61935
2.59748
2.57507
2.5435
2.50018
2.45059
2.40662
2.38256
2.38824
2.4231
2.47644
2.53282
2.57843
2.60472
2.60934
2.59546
2.57054
2.54452
2.52753
2.52639
2.54094
2.56476
2.59211
2.62322
2.6611
2.7045
2.74631
2.77863
2.7975
2.80326
2.79772
2.78227
2.75806
2.72741
2.69452
2.66515
2.6454
2.64003
2.64997
2.67151
2.69859
2.72577
2.74979
2.77009
2.78819
2.80585
2.82324
2.83891
2.85081
2.85743
2.85804
2.85226
2.83921
2.81752
2.78733
2.75327
2.72442
2.70903
2.7083
2.7157
2.72134
2.71686
2.69858
2.67001
2.64338
2.63643
2.66284
2.72243
2.80053
2.87687
2.93533
2.96774
2.97267
2.95306
2.91482
2.86636
2.81732
2.77661
2.7514
2.7451
2.75274
2.76236
2.76461
2.75845
2.74801
2.73641
2.72272
2.70329
2.67554
2.64093
2.60583
2.57931
2.56932
2.57861
2.60267
2.63184
2.65601
2.66908
2.67085
2.66643
2.6641
2.67222
2.69533
2.73151
2.7734
2.81249
2.84305
2.86284
2.87121
2.86664
2.84612
2.8073
2.75253
2.69164
2.63933
2.60544
2.58753
2.57562
2.56252
2.54923
2.54259
2.54819
2.56593
2.5918
2.62184
2.65384
2.68698
2.72129
2.75682
2.79181
2.82217
2.84362
2.85411
2.85456
2.84753
2.83544
2.82007
2.80404
2.79332
2.79634
2.81838
2.85565
2.89708
2.93138
2.95288
2.96231
2.96401
2.96202
2.95756
2.94896
2.93302
2.90633
2.86641
2.81257
2.74763
2.68047
2.62586
2.59779
2.60152
2.63191
2.67691
2.72284
2.75855
2.77777
2.77992
2.76932
2.75416
2.7456
2.75363
2.77956
2.81377
2.84247
2.85564
2.84978
2.82733
2.79519
2.76239
2.73714
2.72419
2.72377
2.73211
2.74334
2.75161
2.7524
2.743
2.72292
2.69416
2.66125
2.63098
2.6113
2.60858
2.62444
2.65462
2.69112
2.72611
2.75566
2.78141
2.809
2.84443
2.89099
2.94789
3.00989
3.0682
3.11293
3.13585
3.13225
3.10136
3.04687
2.97783
2.90763
2.84914
2.80783
2.78007
2.75847
2.73796
2.71622
2.69156
2.66349
2.63565
2.61654
2.61581
2.63796
2.67867
2.72648
2.76796
2.79302
2.79812
2.78677
2.76768
2.75133
2.74574
2.75241
2.76475
2.77148
2.7628
2.73438
2.68768
2.62902
2.56822
2.51609
2.48109
2.46815
2.47846
2.508
2.5496
2.59696
2.6447
2.68732
2.72007
2.74101
2.75193
2.75744
2.76274
2.77118
2.78331
2.79815
2.81456
2.83107
2.84524
2.85295
2.84896
2.82925
2.79429
2.75107
2.71189
2.68919
2.68783
2.7021
2.72085
2.73433
2.73656
2.72464
2.69828
2.66116
2.62208
2.59319
2.58476
2.59997
2.63327
2.67329
2.70814
2.72979
2.7354
2.72698
2.7103
2.69172
2.67408
2.65663
2.63898
2.623
2.60962
2.59606
2.57973
2.56486
2.55709
2.55121
2.53994
2.53076
2.53737
2.56279
2.59935
2.63863
2.67702
2.71381
2.74658
2.76941
2.77536
2.76048
2.72696
2.68427
2.6468
2.62736
2.62941
2.64551
2.66413
2.6776
2.6849
2.68948
2.69546
2.70416
2.71277
2.71583
2.70804
2.68674
2.65356
2.61477
2.57921
2.55461
2.54602
2.55676
2.58749
2.63375
2.68626
2.73535
2.77565
2.80652
2.82891
2.84272
2.84722
2.84378
2.83738
2.83365
2.83362
2.83266
2.82496
2.80785
2.7824
2.75162
2.71805
2.68305
2.6487
2.62029
2.60578
2.61098
2.63513
2.67082
2.70808
2.7391
2.76103
2.77542
2.78553
2.85431
2.85511
2.85015
2.83916
2.82773
2.82779
2.84811
2.88281
2.91569
2.93388
2.93347
2.917
2.88998
2.85856
2.82783
2.8011
2.78087
2.76993
2.76912
2.7745
2.78079
2.78832
2.8036
2.83252
2.87424
2.92245
2.9698
3.00983
3.03767
3.05161
3.05315
3.04505
3.02938
3.00842
2.98513
2.95982
2.9277
2.88357
2.82773
2.76578
2.70452
2.64856
2.5995
2.5579
2.52619
2.50978
2.51384
2.53804
2.57569
2.61821
2.65794
2.6875
2.70161
2.70196
2.69836
2.70234
2.71861
2.7411
2.75647
2.752
2.72251
2.67303
2.61591
2.56326
2.52007
2.48395
2.45118
2.42158
2.39793
2.38252
2.37562
2.37677
2.38537
2.39961
2.41642
2.43412
2.45517
2.48521
2.52715
2.57604
2.62202
2.65662
2.67655
2.68372
2.68374
2.68379
2.68967
2.70249
2.7177
2.72854
2.73339
2.73835
2.74978
2.7657
2.77907
2.78549
2.78465
2.77869
2.77148
2.76838
2.77395
2.78875
2.8081
2.82391
2.82823
2.8168
2.79122
2.75902
2.73067
2.71406
2.71018
2.71502
2.72572
2.74216
2.76212
2.77823
2.78084
2.76319
2.72599
2.67954
2.63991
2.61997
2.62327
2.64548
2.67874
2.71565
2.75129
2.78274
2.80821
2.82787
2.84502
2.86369
2.88299
2.8956
2.89277
2.87103
2.83575
2.80099
2.78397
2.79496
2.83094
2.87964
2.92784
2.96498
2.98379
2.98131
2.95986
2.92683
2.89437
2.87444
2.86751
2.86164
2.84714
2.82697
2.81396
2.81994
2.84567
2.88242
2.92156
2.95999
2.99862
3.03747
3.07235
3.09662
3.10561
3.09873
3.07832
3.04784
3.01142
2.9748
2.94503
2.92714
2.91962
2.91371
2.89868
2.86802
2.8217
2.76495
2.70737
2.6623
2.64335
2.65601
2.69157
2.73318
2.76931
2.80048
2.83323
2.86942
2.90304
2.9255
2.93123
2.91967
2.89471
2.86243
2.82945
2.80304
2.79008
2.79167
2.7995
2.80209
2.79435
2.77911
2.76173
2.7467
2.73848
2.74062
2.75226
2.76773
2.78017
2.78556
2.78395
2.77813
2.77206
2.76974
2.77451
2.78865
2.81281
2.84538
2.88239
2.918
2.94607
2.96194
2.96393
2.95322
2.93293
2.9069
2.87933
2.85473
2.8374
2.82984
2.83151
2.83902
2.84764
2.8528
2.85166
2.84438
2.83433
2.82619
2.82322
2.8261
2.83292
2.83889
2.83854
2.82966
2.81385
2.79404
2.7727
2.75173
2.73245
2.71647
2.70668
2.70646
2.7176
2.73886
2.76688
2.79779
2.82803
2.85421
2.87274
2.88049
2.87607
2.86138
2.84239
2.82697
2.81904
2.81471
2.80665
2.79067
2.76751
2.74156
2.7195
2.70713
2.70514
2.70818
2.70873
2.70218
2.6896
2.6771
2.67209
2.67864
2.69526
2.71625
2.73575
2.75134
2.76323
2.76933
2.76434
2.74516
2.71458
2.67953
2.64758
2.62507
2.61637
2.62307
2.64361
2.67528
2.71733
2.76828
2.81932
2.8562
2.87023
2.86499
2.85376
2.85115
2.86421
2.88899
2.91452
2.92951
2.92644
2.90225
2.85834
2.80196
2.74573
2.70212
2.67788
2.67549
2.69439
2.72795
2.76468
2.79441
2.81277
2.82175
2.82615
2.82754
2.82248
2.80673
2.77957
2.74383
2.7041
2.66618
2.637
2.62356
2.63092
2.66041
2.70865
2.76853
2.83186
2.89187
2.94384
2.98385
3.00853
3.01692
3.01237
3.00242
2.99579
2.99836
3.01043
3.02607
3.03557
3.03028
3.00563
2.96128
2.90094
2.83233
2.76406
2.70034
2.64005
2.58188
2.52811
2.48325
2.4515
2.43686
2.44216
2.46328
2.48773
2.50504
2.51691
2.5375
2.58208
2.65193
2.73238
2.806
2.86332
2.90299
2.92763
2.94047
2.94424
2.94104
2.93298
2.92211
2.90962
2.89528
2.87773
2.85605
2.83151
2.80873
2.7951
2.79632
2.81137
2.83282
2.8527
2.86717
2.87676
2.88478
2.89535
2.91094
2.93092
2.95229
2.97105
2.98301
2.98465
2.97381
2.95004
2.91413
2.86716
2.80976
2.7425
2.66829
2.59581
2.53794
2.503
2.4901
2.49495
2.51634
2.55601
2.61488
2.6891
2.76951
2.84468
2.90483
2.9445
2.96286
2.96219
2.9463
2.92014
2.89043
2.86402
2.84268
2.82017
2.78662
2.73638
2.67292
2.60878
2.56003
2.53734
2.54054
2.56096
2.588
2.61465
2.63852
2.65878
2.6728
2.67632
2.66766
2.65119
2.6366
2.63444
2.65084
2.68441
2.72643
2.764
2.78516
2.78367
2.7629
2.73705
2.72561
2.7398
2.77341
2.81139
2.84459
2.87146
2.89067
2.89919
2.89715
2.8907
2.88885
2.89714
2.91463
2.93543
2.95169
2.9565
2.9469
2.92686
2.90667
2.89477
2.88808
2.8742
2.84485
2.80471
2.76801
2.74717
2.74529
2.75848
2.78106
2.80701
2.82978
2.84305
2.8429
2.82948
2.80638
2.77812
2.74854
2.72088
2.69719
2.67769
2.66196
2.65091
2.64742
2.65457
2.67387
2.70455
2.74341
2.78463
2.8205
2.84362
2.84981
2.83901
2.81405
2.77829
2.73472
2.6875
2.64399
2.61399
2.60603
2.62382
2.66479
2.72041
2.77841
2.82659
2.85663
2.866
2.85778
2.83896
2.81797
2.80097
2.78884
2.77783
2.76538
2.7555
2.75627
2.77185
2.7983
2.82716
2.85134
2.86812
2.87858
2.88443
2.8853
2.87834
2.85951
2.82546
2.77612
2.71823
2.66653
2.63688
2.63454
2.65222
2.67934
2.70881
2.73598
2.75534
2.76022
2.74538
2.70971
2.65688
2.59497
2.53666
2.49702
2.48587
2.50076
2.53103
2.56687
2.60226
2.6336
2.65864
2.6765
2.68867
2.69923
2.71287
2.73243
2.7587
2.79188
2.83171
2.87515
2.91491
2.94152
2.9478
2.93239
2.90092
2.86399
2.83222
2.81172
2.80321
2.80447
2.81278
2.82589
2.84253
2.86526
2.90135
2.95461
3.01756
3.07737
3.12559
3.1591
3.17647
3.17662
3.15993
3.12944
3.09067
3.05028
3.01382
2.98344
2.95749
2.93274
2.90741
2.8827
2.86242
2.85091
2.84999
2.85676
2.86396
2.86327
2.84888
2.8193
2.77741
2.72966
2.6847
2.65074
2.63275
2.63089
2.64216
2.66373
2.69467
2.73454
2.78064
2.8271
2.86701
2.89547
2.91176
2.91984
2.92644
2.93602
2.94598
2.94805
2.93394
2.89942
2.84487
2.7746
2.69588
2.61811
2.55207
2.5082
2.4935
2.50861
2.54798
2.60331
2.66532
2.72352
2.76764
2.79107
2.79243
2.77393
2.7387
2.68914
2.62838
2.56408
2.50988
2.48024
2.48141
2.50757
2.54555
2.58309
2.61402
2.63863
2.66052
2.68257
2.70339
2.71815
2.72415
2.72373
2.72281
2.72948
2.75183
2.79196
2.84097
2.88204
2.89874
2.8849
2.85415
2.83289
2.83322
2.84765
2.86658
2.88439
2.89822
2.9078
2.91435
2.91856
2.91935
2.91368
2.89769
2.86963
2.83344
2.7994
2.77792
2.77193
2.77724
2.78822
2.80063
2.81104
2.8162
2.81389
2.80473
2.7931
2.78611
2.79122
2.8132
2.85168
2.90052
2.94955
2.98833
3.00914
3.00848
2.98825
2.95618
2.92466
2.90625
2.90679
2.92198
2.94105
2.95397
2.95698
2.95313
2.94737
2.94158
2.93346
2.91718
2.88862
2.85022
2.80824
2.76746
2.7297
2.69616
2.67085
2.66083
2.67195
2.70319
2.74535
2.78548
2.81354
2.82622
2.82608
2.81833
2.80733
2.79435
2.77855
2.76046
2.74354
2.73186
2.72709
2.72835
2.73435
2.74553
2.76451
2.79471
2.83735
2.88902
2.94216
2.98738
3.01513
3.01721
2.98957
2.93604
2.86965
2.80783
2.76514
2.74849
2.75453
2.77046
2.77952
2.76838
2.73278
2.67979
2.62506
2.5855
2.57163
2.5853
2.62158
2.67108
2.72345
2.77202
2.8162
2.85948
2.9048
2.95026
2.98832
3.00924
3.00576
2.97653
2.92712
2.86854
2.81145
2.7592
2.70638
2.64595
2.57976
2.52218
2.49041
2.48845
2.50474
2.52538
2.54367
2.56009
2.5797
2.6082
2.64572
2.68319
2.70815
2.71492
2.70871
2.70207
2.70688
2.72793
2.76256
2.80442
2.84694
2.885
2.91569
2.93781
2.95077
2.95341
2.94427
2.92306
2.8921
2.85665
2.82369
2.80003
2.79008
2.79426
2.80858
2.8265
2.84189
2.85071
2.85155
2.84563
2.83647
2.82881
2.82683
2.83149
2.83842
2.83969
2.82927
2.80845
2.78742
2.78048
2.79641
2.83272
2.87893
2.92261
2.95265
2.96054
2.94204
2.89943
2.84205
2.7827
2.73087
2.68832
2.65162
2.61846
2.59117
2.57469
2.57014
2.57125
2.56913
2.56277
2.56443
2.58996
2.64249
2.71064
2.77947
2.83792
2.88022
2.90496
2.91353
2.90873
2.89356
2.8708
2.84383
2.81799
2.79983
2.79306
2.79613
2.80524
2.8201
2.84477
2.8825
2.93088
2.983
3.03179
3.07258
3.1025
3.1186
3.11669
3.09307
3.04803
2.98749
2.92114
2.85844
2.80501
2.76136
2.72426
2.68935
2.65457
2.62278
2.60103
2.59532
2.60523
2.62329
2.63981
2.64755
2.64382
2.63088
2.61581
2.60845
2.61526
2.63297
2.65004
2.65576
2.6469
2.6278
2.60729
2.59493
2.59746
2.6165
2.64869
2.68838
2.7308
2.77275
2.81194
2.84643
2.87471
2.89543
2.90703
2.90763
2.89591
2.87267
2.84137
2.80713
2.77459
2.74557
2.71942
2.69587
2.67723
2.66741
2.66944
2.68386
2.70838
2.7383
2.76795
2.79281
2.81084
2.82186
2.82598
2.82323
2.81516
2.80595
2.80143
2.80676
2.82201
2.83955
2.84809
2.83955
2.81279
2.77444
2.73718
2.71478
2.71393
2.7294
2.75014
2.76992
2.79069
2.81748
2.85112
2.88552
2.91054
2.91736
2.90283
2.8712
2.83259
2.79851
2.77561
2.7618
2.74874
2.72766
2.69311
2.64396
2.58554
2.53263
2.50604
2.5185
2.56348
2.62198
2.67728
2.72179
2.75512
2.77941
2.79574
2.80311
2.79998
2.78641
2.82521
2.79266
2.75593
2.71704
2.67871
2.64595
2.62552
2.62282
2.63886
2.66998
2.71001
2.75247
2.79168
2.82351
2.84711
2.86479
2.87954
2.89256
2.90296
2.90887
2.90856
2.90127
2.88809
2.87129
2.85251
2.83132
2.80561
2.77372
2.73687
2.69952
2.6673
2.64405
2.63054
2.62535
2.62676
2.63364
2.64488
2.65854
2.67285
2.6889
2.71138
2.74406
2.78406
2.8213
2.84343
2.84187
2.81651
2.77736
2.74041
2.71858
2.71476
2.72394
2.73984
2.75884
2.77932
2.79905
2.81446
2.82212
2.82028
2.80911
2.78992
2.76492
2.73768
2.71352
2.69807
2.69385
2.69753
2.702
2.70275
2.70177
2.70416
2.71252
2.72619
2.74359
2.76209
2.77605
2.77757
2.76146
2.73123
2.69979
2.68139
2.68353
2.70739
2.75015
2.80461
2.8593
2.90242
2.92733
2.93491
2.93231
2.92877
2.92939
2.93181
2.92972
2.91905
2.90152
2.88468
2.87777
2.88468
2.89996
2.9125
2.91286
2.89813
2.87298
2.84675
2.82832
2.82281
2.83101
2.85036
2.8764
2.90378
2.92662
2.93945
2.93908
2.9264
2.90702
2.88891
2.87826
2.87712
2.88461
2.89723
2.90609
2.90087
2.88494
2.8808
2.90209
2.93192
2.94716
2.93917
2.90893
2.85911
2.79239
2.71323
2.62975
2.55292
2.49305
2.45603
2.44342
2.45551
2.49229
2.55132
2.62555
2.70452
2.77705
2.8334
2.86799
2.8809
2.87685
2.86176
2.83968
2.81283
2.78576
2.76865
2.77328
2.80263
2.8463
2.88768
2.91378
2.91968
2.90764
2.88422
2.85689
2.83161
2.81184
2.79882
2.79217
2.79034
2.79133
2.79345
2.79595
2.79919
2.80371
2.8091
2.81402
2.81824
2.82394
2.83355
2.84708
2.8624
2.87762
2.89182
2.90186
2.90157
2.88656
2.85811
2.82263
2.78925
2.76748
2.76451
2.78231
2.81708
2.86182
2.90853
2.94853
2.97365
2.97866
2.96337
2.93269
2.89456
2.85586
2.81868
2.78064
2.74061
2.70542
2.691
2.71253
2.76964
2.84345
2.91037
2.95518
2.97285
2.96467
2.93451
2.88705
2.8277
2.76442
2.71007
2.67791
2.67258
2.69139
2.73369
2.79674
2.8674
2.9282
2.96808
2.98619
2.98859
2.98214
2.97016
2.95189
2.9248
2.88671
2.83728
2.78078
2.72827
2.69135
2.67215
2.66451
2.66205
2.66132
2.66226
2.6687
2.68665
2.71913
2.762
2.80614
2.84362
2.87047
2.88407
2.88015
2.85402
2.80577
2.74422
2.68426
2.63734
2.60684
2.5926
2.59544
2.61619
2.65327
2.70188
2.75469
2.80352
2.842
2.8676
2.88117
2.88519
2.88242
2.87482
2.86266
2.84601
2.82789
2.81324
2.8041
2.80093
2.80724
2.82449
2.84568
2.86071
2.86325
2.85134
2.82703
2.7965
2.7684
2.75026
2.7454
2.75246
2.76705
2.78425
2.80021
2.81248
2.81936
2.81953
2.8118
2.79502
2.76894
2.73648
2.70577
2.6882
2.69144
2.71258
2.73895
2.75577
2.75324
2.72871
2.68736
2.64199
2.60951
2.60385
2.62871
2.67541
2.7287
2.77768
2.82155
2.86327
2.89862
2.91503
2.90397
2.8733
2.84272
2.82365
2.81219
2.80257
2.79601
2.79672
2.80609
2.82148
2.83857
2.85395
2.86599
2.87424
2.87839
2.87788
2.8725
2.86326
2.85239
2.8417
2.83037
2.81486
2.7925
2.76676
2.74784
2.74471
2.75896
2.78835
2.82949
2.87502
2.91337
2.93353
2.93003
2.90544
2.86917
2.83317
2.80667
2.79313
2.79063
2.79374
2.79583
2.79262
2.78663
2.78943
2.81407
2.8609
2.91636
2.96585
3.0011
3.01871
3.01846
3.00426
2.98407
2.96623
2.95534
2.95193
2.95447
2.96099
2.97032
2.98187
2.9946
3.00586
3.01086
3.00315
2.97696
2.93093
2.87097
2.81106
2.76897
2.7568
2.77279
2.80308
2.83153
2.84868
2.85371
2.85059
2.84265
2.83093
2.81549
2.79594
2.77219
2.74703
2.72692
2.71922
2.72945
2.76008
2.80922
2.87055
2.93534
2.99441
3.04044
3.06923
3.07851
3.06561
3.02698
2.96055
2.86972
2.76525
2.66253
2.57687
2.51991
2.49793
2.51155
2.55636
2.62382
2.70286
2.78179
2.84933
2.89576
2.91558
2.91087
2.89078
2.86666
2.84766
2.8404
2.84852
2.86989
2.89708
2.92216
2.93979
2.9476
2.94613
2.93886
2.93085
2.92573
2.92331
2.92072
2.91583
2.9089
2.90103
2.89242
2.88235
2.86943
2.85125
2.8252
2.79152
2.75631
2.73104
2.72572
2.74142
2.77299
2.81422
2.85573
2.8862
2.90014
2.90054
2.8942
2.88586
2.87522
2.85798
2.82924
2.78723
2.73695
2.69101
2.66329
2.65742
2.66436
2.67274
2.67715
2.67809
2.67874
2.68241
2.69043
2.70024
2.70519
2.69791
2.67491
2.63968
2.6028
2.57831
2.57785
2.60449
2.64984
2.69759
2.73358
2.75606
2.77668
2.80677
2.84356
2.87551
2.89431
2.89775
2.8875
2.86771
2.84373
2.82045
2.80101
2.78662
2.77682
2.76991
2.76414
2.7588
2.75438
2.75152
2.74954
2.74605
2.73849
2.72667
2.71549
2.71541
2.73792
2.78615
2.85049
2.9168
2.97688
3.02871
3.07009
3.09605
3.10192
3.08748
3.05786
3.02161
2.98724
2.96028
2.94104
2.92483
2.90539
2.87908
2.84648
2.81142
2.77956
2.75819
2.75391
2.76828
2.79746
2.83583
2.87793
2.91797
2.94978
2.96745
2.96635
2.94505
2.9078
2.86514
2.82859
2.80332
2.78861
2.78442
2.79322
2.81655
2.85123
2.88883
2.91895
2.93387
2.93117
2.9132
2.8845
2.84971
2.81313
2.77996
2.75717
2.75105
2.76243
2.78514
2.80874
2.82362
2.82491
2.81451
2.80015
2.78969
2.78409
2.77722
2.76411
2.74653
2.73128
2.72466
2.72759
2.73401
2.73342
2.71633
2.68061
2.63628
2.60574
2.61252
2.66204
2.73816
2.81952
2.89223
2.95046
2.99254
3.01819
3.02725
3.01982
2.99721
2.96325
2.9248
2.8895
2.86121
2.83772
2.81418
2.79025
2.77397
2.77763
2.80678
2.85265
2.8975
2.92737
2.94119
2.95072
2.96792
2.99069
3.00763
3.01304
3.00983
3.00328
2.99628
2.9886
2.97869
2.96562
2.94857
2.92697
2.90346
2.88632
2.88462
2.89907
2.92118
2.94087
2.95158
2.95102
2.94018
2.92212
2.90008
2.87566
2.84884
2.81959
2.78977
2.76292
2.74121
2.72219
2.69965
2.66846
2.62939
2.59041
2.56362
2.55974
2.58269
2.62731
2.68218
2.73553
2.77963
2.81181
2.83382
2.84958
2.86174
2.86874
2.86472
2.84346
2.80415
2.75459
2.70888
2.67976
2.67215
2.68386
2.71103
2.75068
2.79832
2.8445
2.876
2.88282
2.86552
2.83677
2.81361
2.80667
2.81589
2.83465
2.85638
2.87771
2.89718
2.91309
2.92291
2.92317
2.91149
2.89176
2.87304
2.85821
2.84263
2.82594
2.8153
2.81665
2.82716
2.83794
2.84147
2.83431
2.81733
2.79658
2.78045
2.77008
2.75686
2.73262
2.69741
2.65752
2.62001
2.58947
2.56778
2.55682
2.5611
2.58649
2.63458
2.69954
2.77088
2.8385
2.89507
2.93689
2.96453
2.98268
2.99753
3.01295
3.02781
3.03585
3.02834
2.99859
2.94676
2.88245
2.82168
2.7787
2.75915
2.76029
2.77573
2.79878
2.82261
2.83993
2.84414
2.83231
2.80911
2.78657
2.77407
2.76916
2.76345
2.75517
2.75245
2.7659
2.79884
2.8452
2.89469
2.93725
2.96512
2.97444
2.96597
2.94434
2.91563
2.88544
2.85743
2.83228
2.80853
2.78564
2.76477
2.74633
2.72847
2.70835
2.68432
2.65692
2.62939
2.60748
2.5979
2.60519
2.62881
2.66356
2.70312
2.74348
2.78301
2.82051
2.85465
2.88544
2.91501
2.94476
2.97199
2.99103
2.99786
2.99292
2.98001
2.96314
2.94478
2.92583
2.90559
2.88097
2.8476
2.80571
2.76708
2.74735
2.74483
2.74043
2.71959
2.68263
2.63976
2.60354
2.58327
2.58271
2.60126
2.63544
2.67954
2.72674
2.77048
2.80589
2.83106
2.84846
2.86449
2.88663
2.9193
2.9612
3.0056
3.04322
3.06605
3.0699
3.05483
3.02464
2.98622
2.94842
2.91879
2.8997
2.88785
2.87872
2.87021
2.8619
2.85365
2.84599
2.83906
2.83063
2.81771
2.80088
2.78509
2.77595
2.77641
2.7874
2.80909
2.84048
2.87853
2.91867
2.95536
2.98162
2.98917
2.97102
2.92498
2.85651
2.77915
2.71121
2.66868
2.65936
2.68201
2.72804
2.78323
2.83161
2.86217
2.87394
2.87419
2.87133
2.86975
2.87029
2.87295
2.87835
2.88757
2.90134
2.91952
2.94074
2.9621
2.97924
2.98811
2.98704
2.97756
2.96347
2.94852
2.9345
2.92105
2.90742
2.8936
2.88034
2.86808
2.85524
2.83762
2.81219
2.78588
2.77711
2.79636
2.83286
2.8704
2.90164
2.92638
2.94417
2.9505
2.94027
2.91366
2.87845
2.84731
2.83113
2.83256
2.84535
2.85994
2.86984
2.87418
2.87652
2.88211
2.89484
2.91465
2.93745
2.95771
2.97104
2.97491
2.96794
2.94941
2.92043
2.88581
2.8537
2.83111
2.8195
2.81603
2.8185
2.82841
2.84913
2.88102
2.91852
2.95209
2.97331
2.97814
2.96692
2.94263
2.90957
2.87397
2.84446
2.82806
2.82426
2.82588
2.82582
2.82283
2.82101
2.82381
2.82892
2.82939
2.81873
2.79477
2.76021
2.72037
2.6812
2.64917
2.63247
2.63981
2.67577
2.73671
2.81167
2.88709
2.95117
2.99569
3.01631
3.01228
2.98567
2.94019
2.88011
2.81129
2.74395
2.69205
2.66532
2.66038
2.6625
2.65664
2.63748
2.61261
2.59831
2.60966
2.65245
2.72032
2.79551
2.85627
2.88802
2.88775
2.86207
2.8236
2.78658
2.76246
2.75628
2.76529
2.78032
2.79044
2.78888
2.77636
2.75999
2.7489
2.74877
2.75797
2.76853
2.77174
2.76282
2.74168
2.71097
2.67437
2.63625
2.81212
2.77981
2.76308
2.7677
2.79427
2.83635
2.88243
2.92159
2.94804
2.96043
2.9579
2.93837
2.90113
2.85064
2.79709
2.75171
2.72072
2.70364
2.69587
2.69244
2.69215
2.70076
2.72696
2.77212
2.82616
2.87489
2.90807
2.92144
2.91585
2.89652
2.87137
2.84783
2.82967
2.81665
2.80522
2.78858
2.75905
2.71401
2.66139
2.6201
2.61319
2.65238
2.72689
2.81407
2.89768
2.97268
3.03891
3.09551
3.14064
3.17309
3.19343
3.2046
3.21174
3.2198
3.22942
3.23516
3.22858
3.20435
3.165
3.12026
3.08142
3.05514
3.04087
3.03297
3.02526
3.01385
2.99701
2.9742
2.9478
2.92699
2.9237
2.93973
2.96149
2.97081
2.9598
2.93361
2.9016
2.87004
2.84254
2.82338
2.81789
2.83033
2.86252
2.91357
2.97966
3.05429
3.12969
3.19829
3.25413
3.29382
3.31635
3.3219
3.31123
3.28571
3.2475
3.19956
3.14574
3.09093
3.04069
2.99994
2.97127
2.95417
2.94618
2.94353
2.94177
2.93882
2.93798
2.94596
2.96701
2.99881
3.03349
3.06267
3.08275
3.09443
3.09779
3.0906
3.07046
3.03597
2.98804
2.93582
2.90269
2.90949
2.94602
2.98595
3.01896
3.05011
3.08431
3.11814
3.14076
3.13947
3.10683
3.04731
2.97892
2.92393
2.89565
2.89516
2.91574
2.94657
2.97565
2.99481
3.00468
3.01128
3.0169
3.01991
3.02059
3.01873
3.0099
2.98924
2.95687
2.91831
2.88074
2.84886
2.82473
2.8125
2.8205
2.85369
2.90607
2.96498
3.02103
3.0715
3.11548
3.14908
3.16691
3.16773
3.15771
3.14663
3.1391
3.13042
3.11299
3.08501
3.05058
3.01314
2.97201
2.9267
2.88273
2.85056
2.83798
2.84423
2.86061
2.87482
2.87758
2.86887
2.85866
2.8594
2.87667
2.90617
2.9375
2.95989
2.96582
2.9522
2.92164
2.88461
2.85587
2.84261
2.83886
2.83453
2.82423
2.8083
2.79116
2.77916
2.77814
2.79135
2.8187
2.85656
2.89733
2.93038
2.9462
2.9416
2.92131
2.89399
2.86548
2.83539
2.80066
2.76227
2.72763
2.70654
2.70574
2.72652
2.7654
2.81593
2.87051
2.92236
2.96686
3.00195
3.02687
3.04073
3.04271
3.03377
3.01807
3.00297
2.99778
3.00914
3.03371
3.05653
3.06346
3.0554
3.04595
3.04639
3.05645
3.06787
3.07151
3.06097
3.03342
2.99054
2.94057
2.89798
2.87654
2.87905
2.89541
2.91059
2.91276
2.89678
2.86542
2.82952
2.80484
2.80409
2.83059
2.87916
2.94178
3.01126
3.08134
3.14581
3.19796
3.22972
3.23291
3.20414
3.15023
3.08672
3.03063
2.99647
2.98997
3.00123
3.0147
3.02216
3.02338
3.02144
3.01806
3.01238
3.0058
3.00639
3.02243
3.05108
3.07827
3.08974
3.07997
3.05333
3.01973
2.98827
2.96239
2.93915
2.91261
2.87952
2.84344
2.81458
2.80485
2.81967
2.85345
2.89267
2.9216
2.92595
2.89633
2.8341
2.75462
2.68233
2.63865
2.63215
2.6594
2.7125
2.78289
2.86
2.93067
2.98261
3.00878
3.00892
2.9884
2.95593
2.92117
2.89268
2.8762
2.87346
2.88206
2.89666
2.91044
2.91716
2.91393
2.90414
2.89745
2.90448
2.92849
2.96331
2.99973
3.03094
3.05342
3.06546
3.06546
3.05225
3.028
3.0001
2.97954
2.97662
2.99496
3.02805
3.06317
3.08776
3.09321
3.07694
3.04345
3.00314
2.96824
2.94807
2.94647
2.96167
2.98837
3.02149
3.05862
3.0976
3.13202
3.1511
3.14517
3.11243
3.06309
3.01703
2.99304
2.99748
3.02405
3.0617
3.09996
3.12903
3.14044
3.13016
3.10007
3.05712
3.01225
2.97928
2.97163
2.99658
3.04971
3.11577
3.17698
3.22089
3.24217
3.24142
3.22364
3.19643
3.16654
3.13645
3.10423
3.0664
3.02114
2.97026
2.91999
2.87961
2.85806
2.85935
2.8803
2.91239
2.94566
2.97223
2.98908
2.99852
3.00583
3.01493
3.02523
3.03104
3.02422
2.99888
2.95745
2.91305
2.8804
2.86589
2.87045
2.89046
2.91521
2.93709
2.95847
2.98451
3.01451
3.04102
3.05485
3.05111
3.03277
3.00936
2.99162
2.98617
2.99417
3.01357
3.04115
3.0726
3.1018
3.1214
3.12457
3.10715
3.06916
3.01462
2.94975
2.88076
2.8134
2.75288
2.70321
2.66705
2.64793
2.65145
2.68197
2.73748
2.80894
2.8829
2.94581
2.98997
3.01639
3.03053
3.03578
3.03167
3.01697
2.993
2.96284
2.9288
2.89414
2.86734
2.85943
2.87522
2.91156
2.96163
3.0168
3.06724
3.10548
3.12976
3.14302
3.14932
3.15289
3.1576
3.16224
3.1592
3.1409
3.10513
3.05504
2.99652
2.93631
2.88136
2.83883
2.81397
2.8058
2.80674
2.80996
2.81729
2.83478
2.86157
2.89169
2.9215
2.94806
2.96516
2.9648
2.94278
2.90376
2.86297
2.84244
2.85929
2.90954
2.9681
3.01013
3.02851
3.03154
3.02952
3.02552
3.01726
3.00396
2.98962
2.98092
2.98324
2.99695
3.01677
3.03448
3.04283
3.03712
3.01538
2.97832
2.92913
2.87332
2.81849
2.77391
2.74674
2.73674
2.73705
2.74135
2.7491
2.76464
2.79248
2.83136
2.87213
2.9042
2.92348
2.93335
2.94041
2.94988
2.96329
2.97977
2.99905
3.02282
3.05334
3.09104
3.13254
3.17071
3.19733
3.20699
3.19917
3.17813
3.15118
3.12543
3.10476
3.08916
3.07653
3.06438
3.05075
3.0342
3.01341
2.98703
2.95462
2.91848
2.88426
2.85866
2.84547
2.84277
2.8438
2.84182
2.83693
2.83844
2.85797
2.89962
2.95709
3.018
3.07017
3.10586
3.12251
3.12146
3.1062
3.08099
3.04844
3.00724
2.95339
2.88588
2.81065
2.73944
2.6869
2.66899
2.69459
2.75129
2.81139
2.85222
2.86203
2.83558
2.77431
2.69239
2.61808
2.58056
2.59051
2.63541
2.69086
2.73397
2.75146
2.74735
2.7482
2.78153
2.83974
2.89336
2.92663
2.94219
2.95067
2.96316
2.98647
3.02067
3.05998
3.09687
3.12575
3.14364
3.14808
3.13573
3.10338
3.05131
2.9868
2.92406
2.87752
2.85302
2.84487
2.84282
2.84166
2.84398
2.85588
2.88123
2.9187
2.96245
3.00455
3.03728
3.05442
3.05167
3.02747
2.9845
2.93233
2.88787
2.86879
2.88199
2.91859
2.96069
2.99175
3.00267
2.99408
2.97626
2.96509
2.97229
2.99681
3.0269
3.0494
3.05602
3.04317
3.01007
2.9596
2.9009
2.84818
2.81116
2.7878
2.77116
2.75953
2.75978
2.78187
2.82163
2.85559
2.8618
2.83661
2.79195
2.74452
2.70678
2.68376
2.67567
2.68245
2.70563
2.74497
2.79313
2.83575
2.85761
2.84903
2.80923
2.74969
2.69477
2.66828
2.67399
2.69829
2.72657
2.74972
2.76417
2.77173
2.77872
2.79257
2.81616
2.84413
2.86737
2.88103
2.88834
2.8978
2.91677
2.94747
2.98829
3.03542
3.08324
3.12516
3.15542
3.17096
3.17148
3.15761
3.1299
3.09016
3.04385
2.99934
2.96451
2.94459
2.9417
2.95379
2.9745
2.99586
3.01195
3.02062
3.02307
3.02247
3.02278
3.02773
3.03977
3.05898
3.08223
3.10362
3.11572
3.11211
3.09021
3.05337
3.00995
2.96946
2.93817
2.91749
2.90556
2.90049
2.90198
2.91028
2.92309
2.93367
2.93187
2.9081
2.86005
2.80141
2.76088
2.75767
2.78409
2.82238
2.86102
2.89504
2.92387
2.94833
2.96682
2.97512
2.96965
2.94996
2.91951
2.88595
2.8611
2.85816
2.88598
2.94345
3.01903
3.09607
3.15989
3.20204
3.21975
3.21206
3.17773
3.11811
3.0409
2.95942
2.88783
2.83658
2.81035
2.80689
2.81936
2.84105
2.86837
2.89989
2.9342
2.9691
3.00208
3.03083
3.0533
3.06829
3.07511
3.07234
3.05724
3.02805
2.98777
2.94558
2.91288
2.89738
2.90217
2.93018
2.983
3.05275
3.12228
3.17516
3.20256
3.20291
3.17887
3.13476
3.07576
3.00941
2.94694
2.90165
2.88293
2.89167
2.92133
2.96225
3.00569
3.04644
3.08382
3.1185
3.14697
3.15979
3.14743
3.10833
3.05183
2.99448
2.95145
2.92814
2.91793
2.90793
2.88703
2.84987
2.79682
2.73139
2.65779
2.58235
2.51954
2.49058
2.50488
2.54969
2.60586
2.66164
2.71224
2.75576
2.79069
2.81506
2.82758
2.83247
2.84327
2.8748
2.92763
2.98818
3.04033
3.07078
3.07061
3.04107
2.99973
2.97301
2.97237
2.9849
2.99392
2.99732
3.00263
3.01346
3.02624
3.03553
3.03776
3.03206
3.02052
3.00738
2.99661
2.98917
2.98243
2.97227
2.9562
2.93537
2.91425
2.89915
2.89594
2.90798
2.93475
2.97006
3.00127
3.0127
2.99146
2.93197
2.83983
2.73606
2.65486
2.62338
2.64276
2.69836
2.77653
2.86485
2.94929
3.01744
3.06194
3.08049
3.07427
3.04639
3.0014
2.94532
2.8859
2.83275
2.79667
2.78691
2.80704
2.85255
2.91269
2.97505
3.02891
3.06663
3.08395
3.07929
3.05281
3.00591
2.94161
2.86523
2.78367
2.70331
2.63089
2.57693
2.55336
2.56234
2.59197
2.6258
2.65208
2.66696
2.67479
2.68513
2.70701
2.74676
2.80857
2.89009
2.97664
3.04633
3.08233
3.08196
3.06037
3.04395
3.05072
3.07669
3.10469
3.12043
3.11987
3.10894
3.09836
3.09649
3.10436
3.11611
3.12455
3.12727
3.12863
3.13677
3.15724
3.18899
3.22633
3.26225
3.28952
3.3017
3.29395
3.26345
3.21061
3.14036
3.06129
2.9831
2.91431
2.86094
2.82624
2.81093
2.81337
2.83063
2.8598
2.89683
2.93385
2.95975
2.96502
2.94626
2.90717
2.8575
2.81079
2.78015
2.77433
2.7981
2.85116
2.92399
2.99894
3.05758
3.08919
3.09637
3.0935
3.09615
3.10877
3.12305
3.12891
3.126
3.12399
3.13108
3.14526
3.15745
3.15776
3.13887
3.09837
3.04095
2.79209
2.74808
2.7337
2.74887
2.78064
2.81154
2.82857
2.82741
2.81268
2.79505
2.78598
2.79169
2.81053
2.83484
2.85492
2.86246
2.85309
2.82755
2.79139
2.75338
2.72205
2.7023
2.6952
2.6996
2.71317
2.73274
2.75517
2.77869
2.80264
2.82567
2.84524
2.85899
2.8657
2.86521
2.85816
2.84617
2.83119
2.8167
2.81131
2.82551
2.8572
2.89023
2.91006
2.91411
2.91252
2.92086
2.94419
2.97107
2.98682
2.98444
2.96531
2.9396
2.92439
2.9294
2.94419
2.95023
2.9383
2.91063
2.87562
2.84345
2.82244
2.81561
2.81999
2.82948
2.83803
2.84147
2.83863
2.83214
2.82778
2.83202
2.84883
2.87755
2.9136
2.95082
2.98385
3.00851
3.02125
3.01881
2.99943
2.96478
2.92084
2.87621
2.83757
2.80657
2.78166
2.76199
2.7491
2.74529
2.75114
2.7651
2.78556
2.812
2.84314
2.87474
2.90077
2.91713
2.92326
2.92146
2.91462
2.90428
2.89053
2.87414
2.8577
2.84428
2.83544
2.83073
2.82943
2.83187
2.83922
2.85148
2.86555
2.87621
2.87925
2.8735
2.86064
2.84399
2.8275
2.8151
2.81012
2.81397
2.82451
2.83575
2.84059
2.83549
2.82319
2.81098
2.80683
2.81602
2.83801
2.86463
2.88277
2.8815
2.85875
2.82318
2.79021
2.77407
2.78092
2.80775
2.84581
2.88413
2.91171
2.91862
2.89792
2.84839
2.77766
2.70261
2.64456
2.61932
2.62886
2.66251
2.70568
2.74634
2.77598
2.78998
2.78882
2.77915
2.77201
2.77642
2.79217
2.80946
2.81664
2.80742
2.78351
2.75373
2.73089
2.72675
2.74674
2.7883
2.84352
2.90288
2.95811
3.00399
3.03815
3.05997
3.06975
3.06863
3.05788
3.0375
3.00473
2.95696
2.89925
2.84692
2.8156
2.80839
2.81602
2.82609
2.82834
2.81653
2.78971
2.75277
2.71624
2.69418
2.69903
2.73482
2.795
2.86616
2.93359
2.98642
3.02047
3.03832
3.04601
3.04797
3.04409
3.03158
3.01012
2.9859
2.97014
2.97177
2.99014
3.01442
3.02962
3.02448
2.9967
2.95268
2.90217
2.85325
2.8113
2.77986
2.7599
2.74907
2.74299
2.73908
2.73978
2.75152
2.7785
2.81624
2.85198
2.87218
2.87047
2.84966
2.81722
2.77908
2.73764
2.69589
2.66202
2.64703
2.65755
2.69223
2.74454
2.80612
2.86692
2.91699
2.9508
2.96853
2.97289
2.96614
2.95006
2.92743
2.90302
2.88274
2.87116
2.86907
2.87371
2.88135
2.89088
2.90605
2.93252
2.97133
3.01591
3.05582
3.08147
3.08645
3.06932
3.03392
2.9854
2.92603
2.85852
2.79514
2.75676
2.75403
2.77764
2.81235
2.85109
2.89444
2.94195
2.98688
3.01993
3.03523
3.03209
3.01344
2.98471
2.95346
2.92846
2.91748
2.92487
2.94924
2.98226
3.01116
3.02388
3.01375
2.98155
2.93464
2.8836
2.83828
2.80682
2.79702
2.8138
2.85146
2.89351
2.9243
2.93863
2.94128
2.94028
2.94055
2.94142
2.93852
2.92767
2.90719
2.87839
2.84526
2.81398
2.79158
2.78324
2.78974
2.80698
2.82808
2.84598
2.85542
2.85337
2.83868
2.81181
2.77543
2.73612
2.70438
2.68943
2.69252
2.70821
2.73261
2.76707
2.81486
2.87664
2.94871
3.02294
3.08885
3.13722
3.16262
3.16396
3.14389
3.10796
3.06408
3.02156
2.98894
2.97161
2.97192
2.99098
3.02863
3.0804
3.13553
3.17991
3.20124
3.19197
3.14977
3.07866
2.99055
2.90434
2.83991
2.80898
2.81033
2.83328
2.86312
2.88587
2.89256
2.88084
2.85363
2.81664
2.77678
2.74163
2.71919
2.71539
2.72976
2.75395
2.77693
2.79178
2.79734
2.7955
2.78844
2.77887
2.77225
2.77642
2.79551
2.82363
2.84731
2.85498
2.84408
2.822
2.80128
2.7917
2.79465
2.80464
2.81518
2.82251
2.82571
2.82475
2.81823
2.8046
2.78658
2.7733
2.77548
2.79787
2.83514
2.87305
2.89358
2.88348
2.84264
2.78293
2.71677
2.66002
2.64182
2.66989
2.71145
2.73647
2.73943
2.73091
2.72873
2.74748
2.78673
2.83082
2.86116
2.86767
2.85535
2.84435
2.85606
2.89363
2.94409
2.99358
3.0325
3.05386
3.05328
3.03034
2.98958
2.94016
2.89251
2.85286
2.82054
2.79092
2.75966
2.72429
2.68523
2.648
2.62275
2.61892
2.63972
2.68315
2.74512
2.81912
2.8953
2.963
3.0144
3.04671
3.0619
3.06471
3.05968
3.04857
3.02986
3.0008
2.96107
2.91686
2.88241
2.87293
2.89156
2.92678
2.96402
2.99443
3.01487
3.02573
3.02934
3.02744
3.0184
2.99811
2.96335
2.91414
2.85356
2.78706
2.72194
2.66717
2.63224
2.62434
2.64497
2.68932
2.74802
2.8092
2.86191
2.89966
2.92091
2.92624
2.91507
2.88505
2.83496
2.76923
2.70032
2.64571
2.6193
2.62359
2.65004
2.68636
2.72352
2.75846
2.79294
2.83046
2.87218
2.91391
2.9475
2.96583
2.96615
2.94907
2.91558
2.86628
2.80415
2.73838
2.68467
2.65902
2.66894
2.70985
2.76908
2.83235
2.88828
2.93074
2.95859
2.97382
2.97914
2.97594
2.96364
2.94125
2.9104
2.87719
2.85189
2.84438
2.8548
2.86892
2.87028
2.85611
2.83766
2.82748
2.83099
2.84802
2.87636
2.91253
2.95217
2.99081
3.02526
3.05407
3.0756
3.08635
3.08251
3.06241
3.02836
2.98671
2.94656
2.91595
2.89686
2.88454
2.8725
2.85723
2.83915
2.8209
2.80415
2.78773
2.76934
2.75004
2.73683
2.7396
2.76314
2.80213
2.84412
2.87651
2.89159
2.88881
2.87413
2.8565
2.84307
2.83643
2.83557
2.83877
2.84533
2.8557
2.8714
2.89519
2.93003
2.97704
3.03346
3.09236
3.14453
3.18205
3.20137
3.20362
3.1917
3.16753
3.13288
3.09314
3.06026
3.0487
3.06556
3.10501
3.1528
3.1942
3.21853
3.21983
3.19668
3.15162
3.09059
3.02234
2.95795
2.90948
2.88645
2.89084
2.91563
2.94872
2.97821
2.99517
2.99529
2.98054
2.96024
2.94824
2.95434
2.97567
2.99829
3.0074
2.99499
2.96045
2.90812
2.84411
2.7738
2.70092
2.62935
2.5666
2.52456
2.5165
2.55214
2.62941
2.72784
2.81873
2.88272
2.91515
2.92264
2.92066
2.93033
2.96744
3.02891
3.09398
3.13978
3.15345
3.13352
3.08661
3.02498
2.9648
2.92174
2.90338
2.90496
2.91476
2.92278
2.92397
2.91649
2.89958
2.87247
2.83379
2.78253
2.72745
2.70358
2.75025
2.84766
2.93897
2.99536
3.01755
3.01338
2.98683
2.9375
2.86533
2.77632
2.68619
2.61877
2.59636
2.62654
2.69815
2.78974
2.88099
2.95849
3.01631
3.05303
3.06703
3.05402
3.00967
2.93475
2.83806
2.73571
2.64901
2.59604
2.57869
2.58275
2.5927
2.60137
2.60673
2.6064
2.5989
2.58665
2.5751
2.56944
2.57263
2.58491
2.60276
2.61921
2.62777
2.62799
2.62785
2.63884
2.66638
2.70451
2.74156
2.77078
2.79532
2.82354
2.85866
2.89374
2.91747
2.92337
2.91397
2.89827
2.88394
2.8711
2.85463
2.83385
2.81802
2.81724
2.82905
2.84125
2.84377
2.83297
2.80994
2.77986
2.75223
2.73914
2.74893
2.77982
2.82238
2.86794
2.91104
2.94618
2.96909
2.98193
2.99367
3.01221
3.03544
3.05136
3.04679
3.01604
2.96572
2.91411
2.88228
2.88045
2.90316
2.9372
2.9702
2.9934
3.0021
2.99639
2.98129
2.96492
2.95472
2.95363
2.95944
2.96677
2.96985
2.96407
2.94629
2.91576
2.87625
2.83706
2.80793
2.79161
2.78454
2.78359
2.78896
2.8016
2.82013
2.83977
2.85393
2.85692
2.84699
2.82847
2.81172
2.80786
2.81823
2.83116
2.83256
2.81674
2.78771
2.75576
2.73467
2.73721
2.76554
2.80831
2.85324
2.89636
2.93688
2.97072
2.99195
2.99654
2.98396
2.95752
2.92412
2.89268
2.87071
2.8607
2.85939
2.86072
2.86005
2.85672
2.85405
2.85735
2.87075
2.89424
2.92361
2.95375
2.98218
3.00976
3.03834
3.06773
3.0948
3.11525
3.1268
3.13095
3.13163
3.13141
3.12886
3.11961
3.0995
3.06653
3.02105
2.96634
2.90826
2.8525
2.80228
2.75913
2.72462
2.70086
2.69001
2.69336
2.71044
2.73843
2.77255
2.80707
2.83598
2.85325
2.85378
2.83538
2.80047
2.75575
2.70986
2.67002
2.63965
2.61854
2.60441
2.59494
2.59014
2.59382
2.61183
2.64701
2.69507
2.74533
2.78622
2.81182
2.82514
2.83457
2.84486
2.85194
2.84778
2.82864
2.7985
2.76661
2.7407
2.7221
2.7081
2.69782
2.69454
2.70357
2.72911
2.77195
2.82691
2.88386
2.93377
2.97307
3.00269
3.02456
3.03882
3.04323
3.03431
3.00929
2.96817
2.91563
2.86175
2.81995
2.80094
2.8061
2.82813
2.85803
2.89024
2.92143
2.94735
2.96412
2.97189
2.97387
2.97196
2.96529
2.95287
2.93599
2.91843
2.90592
2.90444
2.91477
2.92888
2.93621
2.93235
2.91831
2.89431
2.85941
2.81648
2.77453
2.74544
2.73796
2.75261
2.78159
2.81318
2.83668
2.84386
2.82793
2.78543
2.72311
2.66242
2.6308
2.64324
2.69441
2.76563
2.83515
2.88644
2.91191
2.91225
2.89369
2.86528
2.83681
2.81558
2.80232
2.79126
2.77639
2.75774
2.74221
2.73789
2.7475
2.76765
2.79194
2.8127
2.82222
2.81586
2.795
2.76594
2.73545
2.70659
2.67834
2.64955
2.62309
2.60639
2.60519
2.6163
2.63117
2.64711
2.67089
2.70975
2.76145
2.81478
2.85822
2.88643
2.89991
2.90059
2.88812
2.86088
2.81916
2.76725
2.71352
2.66901
2.64487
2.64834
2.67893
2.7281
2.78339
2.83407
2.87432
2.90277
2.92029
2.9279
2.92602
2.91524
2.89778
2.87807
2.86078
2.84698
2.83214
2.80869
2.77176
2.72492
2.6817
2.65867
2.66294
