-6.36201
-6.35371
-6.33932
-6.3166
-6.28301
-6.23715
-6.17985
-6.10701
-6.01673
-5.90864
-5.78047
-5.63582
-5.4839
-5.33471
-5.20008
-5.09127
-5.01504
-4.97185
-4.9582
-4.96716
-4.9926
-5.02498
-5.05892
-5.09115
-5.11708
-5.13555
-5.14747
-5.15306
-5.15687
-5.15891
-5.15991
-5.16122
-5.16148
-5.15817
-5.14965
-5.13435
-5.11114
-5.08259
-5.05203
-5.02235
-4.99833
-4.97951
-4.96711
-4.96083
-4.95968
-4.96245
-4.97113
-4.98498
-5.00175
-5.01945
-5.03584
-5.04748
-5.05408
-5.05379
-5.04828
-5.03649
-5.02316
-5.01044
-5.00168
-4.9966
-4.99578
-4.99854
-5.00248
-5.00881
-5.01625
-5.02401
-5.02994
-5.0334
-5.03476
-5.0335
-5.03047
-5.02966
-5.03262
-5.03963
-5.0505
-5.06222
-5.07219
-5.07846
-5.08344
-5.08676
-5.08847
-5.08826
-5.09026
-5.08854
-5.08466
-5.08046
-5.07526
-5.07181
-5.07232
-5.07333
-5.0769
-5.08077
-5.08579
-5.0903
-5.09347
-5.09311
-5.09037
-5.08335
-5.07369
-5.05929
-5.04277
-5.02257
-4.99987
-4.97675
-4.95285
-4.93125
-4.91457
-4.90523
-4.90557
-4.91643
-4.93537
-4.96107
-4.99012
-5.01731
-5.0384
-5.05399
-5.06251
-5.06448
-5.05934
-5.05056
-5.04136
-5.03116
-5.02459
-5.01894
-5.0144
-5.0099
-5.00525
-5.00219
-5.00167
-5.0066
-5.01789
-5.03371
-5.05168
-5.07276
-5.09503
-5.11624
-5.13229
-5.14432
-5.15055
-5.15266
-5.15106
-5.14967
-5.1507
-5.15202
-5.15288
-5.15082
-5.14491
-5.13568
-5.12618
-5.11833
-5.1158
-5.11692
-5.12195
-5.12684
-5.12768
-5.12453
-5.11372
-5.09756
-5.07632
-5.05545
-5.03953
-5.03247
-5.03769
-5.05173
-5.06564
-5.0755
-5.07957
-5.08136
-5.08445
-5.09011
-5.0999
-5.11086
-5.12289
-5.13549
-5.14692
-5.15856
-5.16963
-5.18069
-5.1868
-5.18684
-5.1758
-5.1586
-5.13658
-5.11479
-5.09907
-5.09509
-5.10066
-5.11286
-5.12585
-5.1388
-5.14731
-5.15325
-5.15697
-5.15591
-5.1499
-5.139
-5.12229
-5.09933
-5.07266
-5.04478
-5.01586
-4.98843
-4.96398
-4.94607
-4.93422
-4.93176
-4.93686
-4.94889
-4.96784
-4.99359
-5.02656
-5.06204
-5.09933
-5.13528
-5.16629
-5.19231
-5.21022
-5.21894
-5.22095
-5.21547
-5.20527
-5.19067
-5.17374
-5.15687
-5.13796
-5.12041
-5.10395
-5.09064
-5.08145
-5.07666
-5.07824
-5.08451
-5.09678
-5.11363
-5.132
-5.1514
-5.16853
-5.18062
-5.18807
-5.18935
-5.18525
-5.17742
-5.16554
-5.15302
-5.1418
-5.13745
-5.13914
-5.14725
-5.16236
-5.17867
-5.19686
-5.21114
-5.22082
-5.22695
-5.22522
-5.21573
-5.19875
-5.18001
-5.16186
-5.14346
-5.12639
-5.10842
-5.09064
-5.07276
-5.05577
-5.04152
-5.03012
-5.02256
-5.01871
-5.01849
-5.02094
-5.02493
-5.02731
-5.0274
-5.02305
-5.01369
-5.00027
-4.98357
-4.96803
-4.95646
-4.95387
-4.96318
-4.98414
-5.01383
-5.04765
-5.07866
-5.10291
-5.11509
-5.11373
-5.1045
-5.08914
-5.07267
-5.05803
-5.05188
-5.05287
-5.06329
-5.0788
-5.0938
-5.10784
-5.11926
-5.12628
-5.12838
-5.12553
-5.11707
-5.10508
-5.09069
-5.07634
-5.06332
-5.05013
-5.03877
-5.02898
-5.02505
-5.0303
-5.04661
-5.06992
-5.09664
-5.12051
-5.13681
-5.14364
-5.1397
-5.1279
-5.1098
-5.09144
-5.0755
-5.06647
-5.06548
-5.07127
-5.08131
-5.09081
-5.09674
-5.09531
-5.08436
-5.06564
-5.04171
-5.01472
-4.98999
-4.97138
-4.96051
-4.95806
-4.96438
-4.9765
-4.9946
-5.01597
-5.03801
-5.05556
-5.06793
-5.07011
-5.06514
-5.05329
-5.04012
-5.03007
-5.0279
-5.03381
-5.04445
-5.05577
-5.0623
-5.0665
-5.06951
-5.07201
-5.07697
-5.08527
-5.09514
-5.1059
-5.11437
-5.12134
-5.12658
-5.12843
-5.12982
-5.12887
-5.12707
-5.12559
-5.12381
-5.12464
-5.12721
-5.13056
-5.13444
-5.13713
-5.13785
-5.13742
-5.13519
-5.13131
-5.12791
-5.12448
-5.12295
-5.12142
-5.11991
-5.1176
-5.1137
-5.11082
-5.10408
-5.0966
-5.09064
-5.08449
-5.07926
-5.0775
-5.07841
-5.0788
-5.07825
-5.07632
-5.07297
-5.07344
-5.07817
-5.0854
-5.09593
-5.10574
-5.11386
-5.11929
-5.12348
-5.1259
-5.12616
-5.1277
-5.13193
-5.13942
-5.14864
-5.15917
-5.16965
-5.1796
-5.18456
-5.18615
-5.18142
-5.17125
-5.15717
-5.13946
-5.12069
-5.10217
-5.08733
-5.07732
-5.0722
-5.07204
-5.07558
-5.08248
-5.09056
-5.0971
-5.10081
-5.10111
-5.09996
-5.09832
-5.09714
-5.09918
-5.10361
-5.10796
-5.1116
-5.11124
-5.10428
-5.08893
-5.06723
-5.04361
-5.02536
-5.01694
-5.01984
-5.03347
-5.05409
-5.07921
-5.10718
-5.13687
-5.16714
-5.19719
-5.22482
-5.24847
-5.26604
-5.27617
-5.27966
-5.27682
-5.26649
-5.24971
-5.22605
-5.19666
-5.1636
-5.1309
-5.09977
-5.07429
-5.05633
-5.04631
-5.04156
-5.04227
-5.04812
-5.05919
-5.07688
-5.1018
-5.12613
-5.14933
-5.16436
-5.16725
-5.16105
-5.14754
-5.13541
-5.13217
-5.13964
-5.15512
-5.17418
-5.19231
-5.20425
-5.20668
-5.19939
-5.18478
-5.16542
-5.14416
-5.12378
-5.10754
-5.09937
-5.09837
-5.10409
-5.11288
-5.12383
-5.13151
-5.13517
-5.13465
-5.12859
-5.11717
-5.09961
-5.07825
-5.05312
-5.03162
-5.01775
-5.0161
-5.0289
-5.05239
-5.08192
-5.11698
-5.15036
-5.18153
-5.20749
-5.22895
-5.2464
-5.26162
-5.27428
-5.28505
-5.29129
-5.28982
-5.28092
-5.26363
-5.24068
-5.21204
-5.17978
-5.14443
-5.1096
-5.07825
-5.05148
-5.03113
-5.01805
-5.0131
-5.01458
-5.01872
-5.02502
-5.0313
-5.03941
-5.05063
-5.06418
-5.08101
-5.09506
-5.10671
-5.11239
-5.10966
-5.09971
-5.08307
-5.0623
-5.04032
-5.02229
-5.00642
-4.99266
-4.98044
-4.96818
-4.95792
-4.95275
-4.95516
-4.96776
-4.98853
-5.01443
-5.04412
-5.07322
-5.09805
-5.11563
-5.12597
-5.1276
-5.12089
-5.10865
-5.09355
-5.07992
-5.07023
-5.06555
-5.06276
-5.06028
-5.0571
-5.05034
-5.04004
-5.02671
-5.011
-4.9935
-4.97353
-4.95534
-4.94041
-4.93366
-4.93911
-4.95508
-4.97695
-4.9996
-5.01963
-5.03741
-5.05115
-5.06339
-5.07613
-5.08987
-5.1034
-5.11444
-5.12306
-5.12682
-5.12654
-5.12521
-5.1217
-5.11613
-5.11004
-5.10313
-5.09618
-5.08544
-5.07379
-5.0614
-5.04982
-5.04263
-5.04128
-5.04732
-5.05947
-5.07613
-5.09055
-5.10144
-5.10525
-5.09831
-5.07835
-5.04937
-5.01372
-4.97892
-4.95079
-4.93224
-4.9223
-4.91916
-4.92176
-4.92769
-4.9376
-4.95209
-4.97052
-4.99337
-5.0193
-5.04686
-5.07276
-5.09695
-5.11655
-5.12978
-5.13409
-5.129
-5.11393
-5.0905
-5.06319
-5.03856
-5.02242
-5.01925
-5.02943
-5.05037
-5.07952
-5.11194
-5.14418
-5.16991
-5.1869
-5.19327
-5.18968
-5.17782
-5.15904
-5.13786
-5.12021
-5.1092
-5.10558
-5.11036
-5.11946
-5.12895
-5.13848
-5.1428
-5.14561
-5.14904
-5.15442
-5.15932
-5.16077
-5.15666
-5.1442
-5.12266
-5.09553
-5.06627
-5.04202
-5.02511
-5.02015
-5.02631
-5.04128
-5.06216
-5.08508
-5.10397
-5.11894
-5.12534
-5.12346
-5.11468
-5.10067
-5.0839
-5.06993
-5.06218
-5.0623
-5.06981
-5.08599
-5.10766
-5.12977
-5.15121
-5.16843
-5.18201
-5.18667
-5.18422
-5.17245
-5.15321
-5.12828
-5.09823
-5.06638
-5.03423
-5.00521
-4.98022
-4.96422
-4.95613
-4.95631
-4.9602
-4.96653
-4.97304
-4.9789
-4.98398
-4.99043
-4.99926
-5.01197
-5.02277
-5.03265
-5.03839
-5.04227
-5.0513
-5.06616
-5.08699
-5.11242
-5.13495
-5.15106
-5.15494
-5.1474
-5.1277
-5.09914
-5.06724
-5.03862
-5.02154
-5.0199
-5.03388
-5.05899
-5.08967
-5.12189
-5.1519
-5.17525
-5.19372
-5.20749
-5.21656
-5.22336
-5.22723
-5.23004
-5.22647
-5.21755
-5.19986
-5.17456
-5.14213
-5.10222
-5.05647
-5.00843
-4.96475
-4.93092
-4.90746
-4.89807
-4.89834
-4.90331
-4.91102
-4.91976
-4.92877
-4.93854
-4.95146
-4.96814
-4.99171
-5.02102
-5.05475
-5.09076
-5.12494
-5.15401
-5.17636
-5.18985
-5.1936
-5.19024
-5.17889
-5.15968
-5.1366
-5.11134
-5.08823
-5.06721
-5.05088
-5.03715
-5.02314
-5.01006
-4.99718
-4.98779
-4.98154
-4.97813
-4.98003
-4.98586
-4.9922
-4.99765
-5.00069
-5.00273
-5.00185
-5.0001
-5.00275
-5.01432
-5.0324
-5.05666
-5.0811
-5.10337
-5.12092
-5.13356
-5.14226
-5.14944
-5.15508
-5.15955
-5.16346
-5.16699
-5.16975
-5.17209
-5.17349
-5.17568
-5.17858
-5.1795
-5.17898
-5.17638
-5.17188
-5.16665
-5.15989
-5.15678
-5.15672
-5.15846
-5.16299
-5.16773
-5.17312
-5.17564
-5.17625
-5.17253
-5.16483
-5.15192
-5.13637
-5.11882
-5.10073
-5.08302
-5.06636
-5.05027
-5.03088
-5.01348
-5.00383
-5.00488
-5.01859
-5.03894
-5.06058
-5.08083
-5.09957
-5.11531
-5.12873
-5.13656
-5.13859
-5.13571
-5.12777
-5.11448
-5.09633
-5.0756
-5.05229
-5.02799
-5.00461
-4.98589
-4.97402
-4.97212
-4.97763
-4.98839
-5.00041
-5.01369
-5.02339
-5.02875
-5.02728
-5.01802
-5.00245
-4.98443
-4.96815
-4.95963
-4.96036
-4.97305
-5.0012
-5.04018
-5.08495
-5.13186
-5.17654
-5.21553
-5.24501
-5.26554
-5.27544
-5.27485
-5.26218
-5.23649
-5.19799
-5.15093
-5.10067
-5.0529
-5.01357
-4.98472
-4.96677
-4.95683
-4.95275
-4.95258
-4.95524
-4.96325
-4.97406
-4.99042
-5.00918
-5.0284
-5.04737
-5.06452
-5.08189
-5.10152
-5.1246
-5.14868
-5.16884
-5.18109
-5.18455
-5.17897
-5.16684
-5.15439
-5.14434
-5.14081
-5.14296
-5.14876
-5.15415
-5.14965
-5.13684
-5.118
-5.09679
-5.07877
-5.0698
-5.07049
-5.07742
-5.09076
-5.10843
-5.12865
-5.14784
-5.16461
-5.1736
-5.17402
-5.16647
-5.15252
-5.13475
-5.11434
-5.09416
-5.07671
-5.06248
-5.05031
-5.03829
-5.0257
-5.01257
-4.99765
-4.98012
-4.96378
-4.94821
-4.93567
-4.92502
-4.91915
-4.9174
-4.91924
-4.92354
-4.92943
-4.93524
-4.94028
-4.94916
-4.96158
-4.97857
-4.99922
-5.02423
-5.04987
-5.07438
-5.09663
-5.11657
-5.13024
-5.13733
-5.13748
-5.1308
-5.11863
-5.10323
-5.08566
-5.06753
-5.0523
-5.04003
-5.03095
-5.02257
-5.01533
-5.00637
-4.99561
-4.98506
-4.95552
-4.90138
-4.82313
-4.72366
-4.61136
-4.50196
-4.41588
-4.37071
-4.36953
-4.40079
-4.45165
-4.50674
-4.55105
-4.5709
-4.56209
-4.53012
-4.49098
-4.46516
-4.46848
-4.50396
-4.56497
-4.63811
-4.71253
-4.77759
-4.82326
-4.84695
-4.84936
-4.83095
-4.79509
-4.7473
-4.69551
-4.64326
-4.59489
-4.55613
-4.5273
-4.51097
-4.50641
-4.51233
-4.52545
-4.54492
-4.5712
-4.60235
-4.62804
-4.64352
-4.64433
-4.63168
-4.61044
-4.58985
-4.57722
-4.5789
-4.60014
-4.6372
-4.67989
-4.71891
-4.74416
-4.75222
-4.7439
-4.72679
-4.7035
-4.67624
-4.64803
-4.62083
-4.59477
-4.56957
-4.54426
-4.5188
-4.49163
-4.46315
-4.43456
-4.41405
-4.40806
-4.42619
-4.46746
-4.51947
-4.57238
-4.61974
-4.65828
-4.68721
-4.70411
-4.71309
-4.71177
-4.70264
-4.68857
-4.66846
-4.64468
-4.6193
-4.59896
-4.58816
-4.5907
-4.60637
-4.63175
-4.66067
-4.69015
-4.71428
-4.726
-4.72713
-4.71705
-4.70057
-4.68208
-4.66435
-4.64623
-4.62714
-4.60766
-4.58975
-4.57416
-4.56045
-4.5524
-4.55712
-4.58333
-4.63365
-4.69669
-4.75628
-4.7978
-4.8124
-4.80199
-4.7751
-4.73622
-4.69075
-4.63386
-4.56948
-4.4995
-4.4273
-4.35992
-4.30485
-4.26922
-4.26367
-4.28611
-4.33375
-4.3918
-4.45255
-4.51193
-4.56701
-4.61285
-4.6471
-4.66586
-4.67111
-4.66292
-4.65098
-4.64244
-4.6414
-4.64622
-4.65094
-4.64888
-4.63892
-4.61941
-4.5996
-4.58603
-4.58373
-4.59422
-4.61494
-4.63862
-4.65822
-4.66954
-4.67305
-4.6713
-4.66368
-4.65564
-4.64903
-4.64704
-4.65652
-4.67937
-4.71448
-4.75453
-4.79072
-4.81942
-4.83285
-4.8345
-4.82337
-4.80078
-4.76881
-4.72745
-4.68049
-4.63123
-4.58769
-4.55776
-4.54604
-4.54671
-4.55621
-4.56885
-4.58713
-4.6149
-4.6558
-4.70899
-4.76977
-4.83178
-4.88871
-4.93432
-4.96701
-4.98165
-4.97696
-4.95054
-4.90307
-4.83387
-4.74928
-4.65995
-4.56953
-4.48585
-4.41498
-4.36446
-4.34314
-4.35516
-4.39468
-4.44781
-4.50343
-4.54991
-4.57924
-4.5925
-4.59036
-4.58103
-4.56594
-4.54515
-4.52067
-4.49513
-4.46999
-4.4511
-4.44005
-4.44192
-4.45671
-4.48928
-4.53621
-4.59063
-4.64237
-4.68048
-4.69939
-4.69873
-4.6803
-4.65167
-4.61868
-4.58985
-4.5684
-4.55627
-4.55191
-4.55604
-4.56113
-4.56735
-4.57014
-4.57105
-4.57253
-4.57484
-4.5791
-4.58091
-4.58373
-4.58504
-4.58483
-4.58479
-4.58602
-4.58801
-4.58624
-4.57806
-4.56044
-4.53333
-4.49821
-4.45979
-4.41817
-4.37957
-4.35034
-4.33918
-4.34861
-4.37717
-4.41452
-4.45252
-4.48558
-4.50889
-4.52337
-4.53189
-4.53434
-4.52934
-4.51927
-4.5099
-4.50855
-4.52506
-4.55862
-4.60468
-4.65335
-4.69554
-4.72099
-4.72602
-4.71351
-4.68461
-4.65284
-4.63015
-4.62472
-4.6425
-4.6795
-4.72723
-4.77333
-4.80767
-4.81992
-4.81095
-4.78445
-4.74359
-4.69903
-4.66242
-4.63914
-4.63456
-4.64488
-4.66218
-4.67918
-4.68637
-4.681
-4.66503
-4.64268
-4.61984
-4.60285
-4.59232
-4.58364
-4.57405
-4.56332
-4.55193
-4.5425
-4.53446
-4.53181
-4.53656
-4.54787
-4.56386
-4.57995
-4.59416
-4.60334
-4.60967
-4.61737
-4.63442
-4.66543
-4.70849
-4.75687
-4.80241
-4.83749
-4.8523
-4.84381
-4.80983
-4.75199
-4.68887
-4.64808
-4.63963
-4.64715
-4.65095
-4.64914
-4.6491
-4.65695
-4.67647
-4.70249
-4.72594
-4.73799
-4.7385
-4.73149
-4.72652
-4.73084
-4.74175
-4.74996
-4.75131
-4.73855
-4.70925
-4.66528
-4.61373
-4.56665
-4.53717
-4.53315
-4.54632
-4.56342
-4.57563
-4.57887
-4.575
-4.56405
-4.54459
-4.51957
-4.48623
-4.45007
-4.42043
-4.40602
-4.41437
-4.44531
-4.4925
-4.54769
-4.60192
-4.64896
-4.68761
-4.71992
-4.74418
-4.75677
-4.75485
-4.73876
-4.70905
-4.67501
-4.64128
-4.60915
-4.5812
-4.56077
-4.55052
-4.54795
-4.55022
-4.55223
-4.5599
-4.57073
-4.58951
-4.61433
-4.64116
-4.66386
-4.68169
-4.69304
-4.69994
-4.70751
-4.72059
-4.73853
-4.75713
-4.77075
-4.77233
-4.76005
-4.73421
-4.69909
-4.66215
-4.62944
-4.60613
-4.59019
-4.57932
-4.57045
-4.56209
-4.55223
-4.5439
-4.54165
-4.54488
-4.55194
-4.55667
-4.56354
-4.57853
-4.59983
-4.62077
-4.62803
-4.61888
-4.60012
-4.5806
-4.56714
-4.55467
-4.54055
-4.52705
-4.51623
-4.50457
-4.48805
-4.46285
-4.43104
-4.40141
-4.38316
-4.38165
-4.3934
-4.4099
-4.42251
-4.43128
-4.43468
-4.43571
-4.43957
-4.44818
-4.45451
-4.45471
-4.45352
-4.46519
-4.48985
-4.51042
-4.51373
-4.50031
-4.48961
-4.4953
-4.5221
-4.56262
-4.60405
-4.63652
-4.65628
-4.66343
-4.65888
-4.64437
-4.62326
-4.59699
-4.5679
-4.53594
-4.50308
-4.47704
-4.46288
-4.46904
-4.49131
-4.52187
-4.55057
-4.57334
-4.58704
-4.5931
-4.59016
-4.582
-4.57119
-4.55784
-4.54563
-4.53524
-4.52767
-4.52367
-4.52187
-4.52172
-4.52231
-4.52664
-4.54091
-4.5702
-4.61081
-4.65989
-4.70666
-4.74946
-4.78135
-4.80155
-4.80807
-4.80437
-4.79199
-4.77296
-4.75005
-4.72112
-4.68573
-4.64475
-4.60313
-4.56353
-4.53206
-4.50924
-4.49573
-4.48478
-4.47381
-4.45891
-4.44379
-4.43065
-4.42558
-4.43171
-4.44725
-4.46992
-4.49714
-4.52659
-4.55625
-4.58505
-4.61034
-4.62866
-4.64128
-4.64485
-4.64274
-4.63427
-4.61851
-4.59394
-4.5628
-4.52951
-4.50285
-4.49102
-4.49663
-4.51729
-4.54486
-4.57165
-4.59279
-4.6049
-4.60854
-4.60756
-4.60484
-4.60473
-4.60221
-4.59618
-4.58193
-4.55974
-4.533
-4.50626
-4.4903
-4.48908
-4.50287
-4.52486
-4.55221
-4.58097
-4.61404
-4.65075
-4.68343
-4.70504
-4.71487
-4.70767
-4.69345
-4.68389
-4.68947
-4.71188
-4.74008
-4.76199
-4.76902
-4.76763
-4.75741
-4.74743
-4.73742
-4.72252
-4.70354
-4.67953
-4.6519
-4.62146
-4.58869
-4.55642
-4.52835
-4.50968
-4.50678
-4.5212
-4.5531
-4.59738
-4.64588
-4.69221
-4.72971
-4.74561
-4.74197
-4.72043
-4.68974
-4.65956
-4.63622
-4.62152
-4.6158
-4.61747
-4.62628
-4.63994
-4.65731
-4.67361
-4.68503
-4.68728
-4.68019
-4.66665
-4.64983
-4.62854
-4.60105
-4.56645
-4.52419
-4.47574
-4.42257
-4.37144
-4.32378
-4.285
-4.26346
-4.27361
-4.31933
-4.38019
-4.43838
-4.48415
-4.5168
-4.54094
-4.55449
-4.55953
-4.55401
-4.54086
-4.52244
-4.50585
-4.50328
-4.51455
-4.52993
-4.54055
-4.54237
-4.53278
-4.51598
-4.49367
-4.467
-4.43325
-4.39693
-4.35751
-4.31952
-4.29049
-4.27585
-4.28283
-4.31338
-4.36192
-4.42379
-4.48921
-4.55733
-4.62309
-4.68479
-4.73651
-4.77153
-4.7839
-4.77176
-4.73987
-4.69559
-4.65066
-4.61258
-4.58656
-4.56917
-4.55016
-4.52257
-4.48583
-4.45073
-4.42532
-4.42125
-4.43965
-4.47504
-4.51678
-4.55147
-4.56902
-4.55874
-4.5202
-4.4674
-4.42113
-4.39651
-4.39036
-4.39755
-4.40779
-4.4219
-4.43904
-4.46127
-4.4877
-4.52028
-4.55172
-4.58076
-4.60311
-4.61946
-4.62827
-4.63159
-4.63309
-4.63165
-4.62844
-4.6217
-4.60748
-4.58943
-4.56717
-4.54405
-4.52324
-4.5126
-4.51479
-4.53397
-4.56452
-4.59324
-4.61391
-4.62168
-4.61484
-4.59181
-4.55491
-4.50517
-4.44582
-4.38635
-4.3344
-4.29682
-4.28015
-4.28461
-4.31409
-4.36185
-4.41877
-4.4731
-4.5194
-4.55308
-4.57895
-4.5957
-4.60471
-4.60462
-4.59682
-4.58628
-4.57643
-4.56897
-4.56844
-4.57299
-4.584
-4.60475
-4.63184
-4.65791
-4.67709
-4.68731
-4.69551
-4.70298
-4.70708
-4.70408
-4.69355
-4.67908
-4.66279
-4.64379
-4.61707
-4.58134
-4.5396
-4.49838
-4.46351
-4.43979
-4.43343
-4.44662
-4.47751
-4.51928
-4.56721
-4.61176
-4.65079
-4.67702
-4.68989
-4.69338
-4.68846
-4.68177
-4.67998
-4.67922
-4.67657
-4.66897
-4.65262
-4.62776
-4.59323
-4.55332
-4.51272
-4.47276
-4.44052
-4.41647
-4.40243
-4.39342
-4.38774
-4.38845
-4.40372
-4.43957
-4.4951
-4.56041
-4.62004
-4.65978
-4.6697
-4.64737
-4.59863
-4.53846
-4.48519
-4.45544
-4.45279
-4.4725
-4.50202
-4.53574
-4.56953
-4.59952
-4.62284
-4.63507
-4.63208
-4.61858
-4.60498
-4.60112
-4.60899
-4.62187
-4.63316
-4.63873
-4.63667
-4.62911
-4.61618
-4.59629
-4.57205
-4.55198
-4.5349
-4.52297
-4.51597
-4.51358
-4.51537
-4.52365
-4.53182
-4.53647
-4.53475
-4.52621
-4.50974
-4.49007
-4.46612
-4.44236
-4.41847
-4.39987
-4.38758
-4.38437
-4.39539
-4.4268
-4.4725
-4.51834
-4.54891
-4.55884
-4.55088
-4.53442
-4.5215
-4.51772
-4.52325
-4.53473
-4.55004
-4.57267
-4.59945
-4.63099
-4.66615
-4.7003
-4.72481
-4.73411
-4.72924
-4.71057
-4.68589
-4.66087
-4.64035
-4.62435
-4.61024
-4.59648
-4.58268
-4.56747
-4.5467
-4.51998
-4.49215
-4.46925
-4.45938
-4.4654
-4.49032
-4.53112
-4.57858
-4.61977
-4.64678
-4.6554
-4.64178
-4.61434
-4.57711
-4.53729
-4.50016
-4.46916
-4.44896
-4.43637
-4.4308
-4.4289
-4.42974
-4.43272
-4.43924
-4.44786
-4.46299
-4.48455
-4.50885
-4.5314
-4.54329
-4.5403
-4.52088
-4.49552
-4.4758
-4.47193
-4.4844
-4.50361
-4.51913
-4.52777
-4.53038
-4.52614
-4.51613
-4.50205
-4.48385
-4.46962
-4.46676
-4.47999
-4.5077
-4.53951
-4.5675
-4.58627
-4.60115
-4.61685
-4.6349
-4.65583
-4.66824
-4.66428
-4.64152
-4.60456
-4.56577
-4.53717
-4.52745
-4.53505
-4.55295
-4.57526
-4.58879
-4.59284
-4.58499
-4.57217
-4.55595
-4.53527
-4.51257
-4.49381
-4.48797
-4.50076
-4.52882
-4.56355
-4.59627
-4.61938
-4.63546
-4.64776
-4.66073
-4.67141
-4.67247
-4.66065
-4.63434
-4.59538
-4.55097
-4.51024
-4.48862
-4.4947
-4.52383
-4.55854
-4.58799
-4.60846
-4.6292
-4.64349
-4.64079
-4.61091
-4.55791
-4.48905
-4.41864
-4.35788
-4.3165
-4.30275
-4.32374
-4.37876
-4.45257
-4.52305
-4.58093
-4.62044
-4.64402
-4.65821
-4.66513
-4.67131
-4.67854
-4.68659
-4.69378
-4.69466
-4.68915
-4.67489
-4.65322
-4.62655
-4.60112
-4.57611
-4.5553
-4.54012
-4.53905
-4.55465
-4.57874
-4.59228
-4.58783
-4.56821
-4.53635
-4.49916
-4.46781
-4.45016
-4.45043
-4.46567
-4.48208
-4.49073
-4.48312
-4.46183
-4.43328
-4.40579
-4.38698
-4.37709
-4.37594
-4.38232
-4.39337
-4.40553
-4.41825
-4.42954
-4.4411
-4.45265
-4.46083
-4.46211
-4.45226
-4.43179
-4.40298
-4.37193
-4.34187
-4.3183
-4.302
-4.29396
-4.29027
-4.28552
-4.2802
-4.27998
-4.28744
-4.30279
-4.31963
-4.33023
-4.33116
-4.32893
-4.32563
-4.32964
-4.33869
-4.34888
-4.35769
-4.36169
-4.35852
-4.34136
-4.30552
-4.26087
-4.21958
-4.19613
-4.20096
-4.22978
-4.2698
-4.30512
-4.32589
-4.32978
-4.31613
-4.28899
-4.25175
-4.21129
-4.17534
-4.15172
-4.14791
-4.15932
-4.17532
-4.18855
-4.19645
-4.20118
-4.20472
-4.2106
-4.21467
-4.22002
-4.23098
-4.25114
-4.28081
-4.31131
-4.3357
-4.34999
-4.35021
-4.3351
-4.30706
-4.27923
-4.26481
-4.27061
-4.29627
-4.33287
-4.37108
-4.40797
-4.43751
-4.46152
-4.47874
-4.49028
-4.4936
-4.48836
-4.47855
-4.46984
-4.46948
-4.478
-4.49185
-4.50756
-4.52189
-4.52774
-4.52569
-4.51922
-4.51448
-4.51412
-4.52072
-4.53465
-4.55731
-4.58467
-4.60557
-4.61272
-4.59864
-4.56555
-4.52012
-4.47365
-4.43667
-4.4171
-4.41669
-4.43295
-4.45787
-4.47546
-4.47355
-4.45011
-4.41034
-4.3693
-4.34218
-4.33126
-4.33447
-4.34263
-4.35287
-4.36583
-4.38992
-4.42503
-4.46808
-4.51045
-4.54308
-4.55631
-4.54729
-4.51658
-4.46984
-4.42157
-4.38824
-4.37831
-4.39341
-4.43719
-4.5028
-4.57562
-4.63392
-4.66374
-4.66172
-4.63844
-4.61125
-4.58919
-4.57577
-4.56285
-4.54702
-4.52807
-4.5043
-4.47739
-4.45529
-4.44962
-4.4636
-4.49782
-4.54204
-4.58512
-4.61478
-4.62554
-4.62157
-4.60815
-4.59754
-4.59653
-4.61195
-4.63761
-4.66878
-4.69656
-4.7141
-4.71729
-4.70265
-4.66934
-4.61593
-4.54548
-4.47077
-4.40326
-4.35422
-4.32493
-4.31178
-4.31075
-4.3167
-4.32385
-4.33309
-4.34188
-4.34633
-4.34709
-4.34329
-4.33835
-4.3415
-4.35626
-4.38076
-4.41111
-4.43661
-4.44976
-4.44746
-4.42906
-4.39724
-4.35796
-4.32514
-4.31081
-4.32887
-4.37775
-4.44457
-4.51491
-4.57645
-4.62163
-4.6467
-4.65113
-4.63475
-4.60149
-4.55991
-4.51531
-4.47433
-4.44046
-4.41817
-4.40814
-4.40911
-4.41412
-4.4212
-4.42462
-4.42996
-4.43268
-4.432
-4.42263
-4.40653
-4.38242
-4.35653
-4.33331
-4.32489
-4.34237
-4.38883
-4.44865
-4.49781
-4.52235
-4.51528
-4.48052
-4.42789
-4.37461
-4.33734
-4.32353
-4.32995
-4.33671
-4.32966
-4.29914
-4.24756
-4.19166
-4.15288
-4.14681
-4.17601
-4.22715
-4.28736
-4.34882
-4.41272
-4.47465
-4.52935
-4.56516
-4.57672
-4.56199
-4.52666
-4.47903
-4.4264
-4.37887
-4.33535
-4.29954
-4.27525
-4.27103
-4.29124
-4.33163
-4.38809
-4.45129
-4.51137
-4.56257
-4.60234
-4.62694
-4.633
-4.62059
-4.59365
-4.56419
-4.53998
-4.52649
-4.52581
-4.53099
-4.53321
-4.52557
-4.50672
-4.47559
-4.44217
-4.41362
-4.39895
-4.40058
-4.41851
-4.4462
-4.47304
-4.48816
-4.48739
-4.46969
-4.44258
-4.41513
-4.39997
-4.40405
-4.42971
-4.47083
-4.51495
-4.55475
-4.57758
-4.5791
-4.5591
-4.52159
-4.47647
-4.43054
-4.38397
-4.33281
-4.28143
-4.24941
-4.25092
-4.28099
-4.3283
-4.38626
-4.45069
-4.51134
-4.55874
-4.58539
-4.58583
-4.56116
-4.52034
-4.46905
-4.41553
-4.3666
-4.32525
-4.2937
-4.27793
-4.28191
-4.31217
-4.3653
-4.43247
-4.49398
-4.53627
-4.55589
-4.55983
-4.55483
-4.54669
-4.53731
-4.51924
-4.49022
-4.45198
-4.41182
-4.37733
-4.35474
-4.34324
-4.34251
-4.34929
-4.36103
-4.37467
-4.38706
-4.40336
-4.42541
-4.45127
-4.47705
-4.49677
-4.51189
-4.53091
-4.54865
-4.56462
-4.57543
-4.57598
-4.56159
-4.5299
-4.48584
-4.43212
-4.38747
-4.36471
-4.36673
-4.38804
-4.42191
-4.46045
-4.50114
-4.53384
-4.554
-4.5613
-4.5562
-4.54241
-4.52303
-4.50052
-4.47671
-4.44828
-4.41547
-4.37927
-4.34395
-4.318
-4.31255
-4.32836
-4.36688
-4.4208
-4.48536
-4.54982
-4.60644
-4.64919
-4.67302
-4.68206
-4.67809
-4.66624
-4.65104
-4.63215
-4.61366
-4.59349
-4.57205
-4.54414
-4.517
-4.49579
-4.47778
-4.46482
-4.45082
-4.43623
-4.42144
-4.40993
-4.40354
-4.40714
-4.41663
-4.42135
-4.41631
-4.40175
-4.38387
-4.36906
-4.3547
-4.33365
-4.30484
-4.27799
-4.26464
-4.27311
-4.30255
-4.34588
-4.39074
-4.42727
-4.45092
-4.46381
-4.46695
-4.46443
-4.46452
-4.47452
-4.49992
-4.53774
-4.57897
-4.61309
-4.63182
-4.63181
-4.61715
-4.59524
-4.5801
-4.57466
-4.57203
-4.56903
-4.55745
-4.53576
-4.50788
-4.47298
-4.43312
-4.38878
-4.3422
-4.29853
-4.26732
-4.25257
-4.25557
-4.26989
-4.29206
-4.31477
-4.33386
-4.34259
-4.33969
-4.32794
-4.30893
-4.29136
-4.27932
-4.27711
-4.28618
-4.30406
-4.32787
-4.35308
-4.37565
-4.39478
-4.40673
-4.41459
-4.42202
-4.43219
-4.44659
-4.46306
-4.47558
-4.48404
-4.48635
-4.48565
-4.48496
-4.48315
-4.48417
-4.48732
-4.49276
-4.49454
-4.49278
-4.48601
-4.47793
-4.4709
-4.46284
-4.45257
-4.43677
-4.41637
-4.39129
-4.36857
-4.35345
-4.34981
-4.3652
-4.39528
-4.43495
-4.47702
-4.51348
-4.54207
-4.55954
-4.56293
-4.55368
-4.53466
-4.51434
-4.50089
-4.50128
-4.52088
-4.55537
-4.59144
-4.61786
-4.63109
-4.62743
-4.6108
-4.58394
-4.5528
-4.52192
-4.48988
-4.45866
-4.42812
-4.40048
-4.37241
-4.34401
-4.31917
-4.29814
-4.28923
-4.30223
-4.33584
-4.38114
-4.42844
-4.46942
-4.50021
-4.52201
-4.53695
-4.54376
-4.54512
-4.5361
-4.51895
-4.50197
-4.48953
-4.4881
-4.49719
-4.51961
-4.54768
-4.57733
-4.60272
-4.61593
-4.61366
-4.59842
-4.57545
-4.55131
-4.5336
-4.52293
-4.51681
-4.50961
-4.499
-4.48253
-4.46037
-4.43639
-4.41224
-4.39152
-4.38499
-4.39453
-4.41329
-4.43093
-4.43572
-4.42192
-4.38911
-4.34346
-4.29264
-4.247
-4.21435
-4.2063
-4.22416
-4.2668
-4.32428
-4.3847
-4.4354
-4.46866
-4.48814
-4.49466
-4.49276
-4.48049
-4.45749
-4.42641
-4.39125
-4.36128
-4.34033
-4.32763
-4.3174
-4.30572
-4.29171
-4.27405
-4.25926
-4.25078
-4.25363
-4.27743
-4.32621
-4.38991
-4.44974
-4.49013
-4.5104
-4.51443
-4.51096
-4.5017
-4.48523
-4.46136
-4.43067
-4.39342
-4.35803
-4.32985
-4.30784
-4.28499
-4.25266
-4.2104
-4.15974
-4.11713
-4.09276
-4.09767
-4.13179
-4.1859
-4.24183
-4.28699
-4.31298
-4.3182
-4.30477
-4.27924
-4.2511
-4.23502
-4.23402
-4.24873
-4.27377
-4.30126
-4.33312
-4.37115
-4.41456
-4.45578
-4.48703
-4.5059
-4.51197
-4.50597
-4.49052
-4.466
-4.43536
-4.40231
-4.37263
-4.35303
-4.3466
-4.3573
-4.37899
-4.40547
-4.43295
-4.45758
-4.47712
-4.49583
-4.51228
-4.52967
-4.54625
-4.55875
-4.56477
-4.56402
-4.55839
-4.54504
-4.52486
-4.49452
-4.45954
-4.43175
-4.4162
-4.41533
-4.42304
-4.42898
-4.42511
-4.40668
-4.37826
-4.35131
-4.34375
-4.36925
-4.4296
-4.50832
-4.58528
-4.64464
-4.67645
-4.68078
-4.6601
-4.62156
-4.57445
-4.52525
-4.48424
-4.45963
-4.45378
-4.46129
-4.47151
-4.47497
-4.46866
-4.45821
-4.44556
-4.43157
-4.4138
-4.3862
-4.3522
-4.31769
-4.29192
-4.28284
-4.29153
-4.31634
-4.34508
-4.36895
-4.38171
-4.38273
-4.3783
-4.37521
-4.38303
-4.40613
-4.44247
-4.48391
-4.52361
-4.55356
-4.57275
-4.57991
-4.57565
-4.55483
-4.5151
-4.45987
-4.39957
-4.34666
-4.31338
-4.29562
-4.28341
-4.27107
-4.25898
-4.25188
-4.25733
-4.27402
-4.29883
-4.32827
-4.36102
-4.39401
-4.42862
-4.46415
-4.49884
-4.52875
-4.54959
-4.55903
-4.55963
-4.55245
-4.54021
-4.52423
-4.51031
-4.49868
-4.5026
-4.52253
-4.55906
-4.59989
-4.63298
-4.65554
-4.66512
-4.66742
-4.66558
-4.66127
-4.65313
-4.63659
-4.61081
-4.57134
-4.51706
-4.4521
-4.38494
-4.33062
-4.3018
-4.30538
-4.33622
-4.38018
-4.42536
-4.46077
-4.4815
-4.48441
-4.47365
-4.45954
-4.45157
-4.4599
-4.4863
-4.51855
-4.5471
-4.56028
-4.55533
-4.53166
-4.49845
-4.46565
-4.4404
-4.42775
-4.42718
-4.43461
-4.4463
-4.45487
-4.45552
-4.44536
-4.42588
-4.39727
-4.36481
-4.33514
-4.31545
-4.31379
-4.3298
-4.35893
-4.39589
-4.43149
-4.46073
-4.48663
-4.51437
-4.5501
-4.59726
-4.65325
-4.71557
-4.77403
-4.81816
-4.84079
-4.83718
-4.80478
-4.75074
-4.68139
-4.61149
-4.55345
-4.51229
-4.48484
-4.4634
-4.44274
-4.4207
-4.39679
-4.36887
-4.34042
-4.3213
-4.3192
-4.34136
-4.38177
-4.43035
-4.47168
-4.49644
-4.50184
-4.49094
-4.47184
-4.45549
-4.45005
-4.45703
-4.47088
-4.47838
-4.47076
-4.44128
-4.39533
-4.33546
-4.27375
-4.22191
-4.1863
-4.17246
-4.18337
-4.21156
-4.25362
-4.30128
-4.34872
-4.3915
-4.42455
-4.44488
-4.45534
-4.46085
-4.4657
-4.47459
-4.48641
-4.50171
-4.51751
-4.53328
-4.54835
-4.55621
-4.55329
-4.53373
-4.50028
-4.45735
-4.4165
-4.39455
-4.39455
-4.40883
-4.42684
-4.44016
-4.4427
-4.43229
-4.40577
-4.36881
-4.32896
-4.29976
-4.29103
-4.30624
-4.3397
-4.37837
-4.41292
-4.43427
-4.43973
-4.43176
-4.41477
-4.39634
-4.38006
-4.3611
-4.34376
-4.32702
-4.31304
-4.30023
-4.28511
-4.27054
-4.26232
-4.25645
-4.24547
-4.23493
-4.24244
-4.26756
-4.30473
-4.34371
-4.38134
-4.41844
-4.45227
-4.47359
-4.47893
-4.4642
-4.43068
-4.38752
-4.35126
-4.33242
-4.33448
-4.35179
-4.37102
-4.38434
-4.39239
-4.39742
-4.4037
-4.4115
-4.41966
-4.42242
-4.41357
-4.39151
-4.35848
-4.31893
-4.28337
-4.25771
-4.24806
-4.25879
-4.28937
-4.3364
-4.38831
-4.43695
-4.47544
-4.5057
-4.52823
-4.54296
-4.54746
-4.54431
-4.53836
-4.53493
-4.53793
-4.53546
-4.52776
-4.51171
-4.48732
-4.45669
-4.42388
-4.38993
-4.35572
-4.32747
-4.31174
-4.31619
-4.3408
-4.37589
-4.41315
-4.44478
-4.4664
-4.48019
-4.49074
-4.49608
-4.49779
-4.49283
-4.48063
-4.46949
-4.47151
-4.49107
-4.52624
-4.55852
-4.57748
-4.5763
-4.56074
-4.53311
-4.50123
-4.47034
-4.44286
-4.42248
-4.41184
-4.41073
-4.41672
-4.42165
-4.42887
-4.44309
-4.47337
-4.51555
-4.56496
-4.61202
-4.65356
-4.67989
-4.69459
-4.69628
-4.68863
-4.67236
-4.65169
-4.62885
-4.60234
-4.56992
-4.52503
-4.46858
-4.40724
-4.34507
-4.29047
-4.24217
-4.20177
-4.16885
-4.15168
-4.15544
-4.1798
-4.21776
-4.26088
-4.29941
-4.32912
-4.34308
-4.34282
-4.33921
-4.34379
-4.36052
-4.38257
-4.39719
-4.39348
-4.36444
-4.31449
-4.25707
-4.20532
-4.16168
-4.12466
-4.09174
-4.06184
-4.03803
-4.02187
-4.01557
-4.01597
-4.02533
-4.03927
-4.05426
-4.07136
-4.09286
-4.12305
-4.16498
-4.21494
-4.26169
-4.29613
-4.31622
-4.32353
-4.32324
-4.32405
-4.33128
-4.34411
-4.35887
-4.36896
-4.37471
-4.37997
-4.39185
-4.40672
-4.42025
-4.42696
-4.42552
-4.42016
-4.41234
-4.40954
-4.4142
-4.4287
-4.44866
-4.46583
-4.47061
-4.45827
-4.43178
-4.39958
-4.37046
-4.3537
-4.35043
-4.35467
-4.36567
-4.38317
-4.40254
-4.4191
-4.42171
-4.40512
-4.36655
-4.31994
-4.28031
-4.26082
-4.26427
-4.28633
-4.31884
-4.35545
-4.3911
-4.42194
-4.44741
-4.46737
-4.48467
-4.50514
-4.52445
-4.53585
-4.5344
-4.5128
-4.47752
-4.44334
-4.42753
-4.43837
-4.47542
-4.52337
-4.57338
-4.61083
-4.62934
-4.62671
-4.60571
-4.57297
-4.54096
-4.52133
-4.51426
-4.50854
-4.49344
-4.47326
-4.45964
-4.46683
-4.49347
-4.53007
-4.57013
-4.60946
-4.64884
-4.68815
-4.72273
-4.74761
-4.7563
-4.74896
-4.72765
-4.69731
-4.66029
-4.62245
-4.59087
-4.57358
-4.56637
-4.56017
-4.54574
-4.51554
-4.46951
-4.41367
-4.35577
-4.3107
-4.29084
-4.30366
-4.33832
-4.37993
-4.41637
-4.44889
-4.48133
-4.51767
-4.55175
-4.57362
-4.57934
-4.56779
-4.54343
-4.51009
-4.47589
-4.44963
-4.4353
-4.43721
-4.44519
-4.44869
-4.4417
-4.42676
-4.40999
-4.39465
-4.38628
-4.38812
-4.39871
-4.41388
-4.42602
-4.43262
-4.43131
-4.42473
-4.41821
-4.41557
-4.41944
-4.43388
-4.45698
-4.49001
-4.52703
-4.56294
-4.59101
-4.60794
-4.60993
-4.59952
-4.57968
-4.55411
-4.52517
-4.50057
-4.48369
-4.47628
-4.4778
-4.48531
-4.49348
-4.49775
-4.49585
-4.48826
-4.47746
-4.46946
-4.4668
-4.46999
-4.4771
-4.48278
-4.48304
-4.4743
-4.45819
-4.43777
-4.41658
-4.39531
-4.37633
-4.36096
-4.35025
-4.35124
-4.36404
-4.38531
-4.41318
-4.44409
-4.47569
-4.50156
-4.52041
-4.528
-4.52283
-4.50708
-4.48748
-4.47251
-4.46473
-4.46101
-4.45221
-4.43531
-4.41231
-4.38575
-4.36353
-4.35192
-4.35038
-4.35403
-4.35352
-4.34758
-4.3356
-4.32159
-4.31612
-4.32267
-4.33884
-4.36089
-4.37978
-4.39658
-4.40803
-4.41383
-4.40778
-4.38768
-4.35741
-4.3222
-4.28949
-4.26864
-4.26009
-4.26634
-4.28658
-4.31871
-4.3603
-4.41096
-4.46141
-4.49799
-4.51201
-4.50692
-4.49688
-4.49457
-4.50854
-4.53317
-4.55917
-4.57491
-4.5714
-4.54721
-4.50329
-4.44615
-4.39112
-4.34766
-4.32372
-4.32073
-4.33933
-4.37259
-4.40963
-4.43891
-4.45772
-4.46685
-4.4708
-4.47218
-4.46864
-4.45244
-4.42513
-4.39013
-4.351
-4.31323
-4.28495
-4.2703
-4.27826
-4.307
-4.35494
-4.41438
-4.47801
-4.53682
-4.58864
-4.6285
-4.65394
-4.66277
-4.65702
-4.6463
-4.64073
-4.643
-4.65628
-4.67162
-4.68067
-4.67478
-4.64983
-4.60654
-4.54604
-4.47833
-4.41021
-4.34543
-4.2844
-4.22562
-4.1714
-4.12698
-4.09448
-4.07984
-4.08514
-4.10551
-4.13027
-4.14712
-4.15868
-4.18047
-4.22445
-4.29415
-4.3734
-4.44597
-4.50389
-4.54295
-4.56835
-4.58224
-4.58677
-4.58327
-4.5749
-4.56553
-4.55351
-4.53886
-4.52176
-4.49994
-4.47494
-4.45185
-4.43807
-4.43884
-4.4542
-4.4758
-4.49523
-4.50909
-4.51868
-4.52624
-4.53681
-4.55256
-4.57269
-4.59451
-4.61342
-4.62553
-4.62717
-4.61574
-4.59151
-4.55651
-4.50864
-4.45108
-4.38337
-4.309
-4.23486
-4.17804
-4.14235
-4.1293
-4.1343
-4.15614
-4.19521
-4.25408
-4.32845
-4.40933
-4.48405
-4.54481
-4.58417
-4.60298
-4.60247
-4.58642
-4.55905
-4.53024
-4.50398
-4.48295
-4.4612
-4.4275
-4.37712
-4.31349
-4.2504
-4.20059
-4.17775
-4.1808
-4.20092
-4.22873
-4.25508
-4.27834
-4.29936
-4.31384
-4.31766
-4.3105
-4.29432
-4.28004
-4.27772
-4.29503
-4.32891
-4.37093
-4.40926
-4.43073
-4.43
-4.40892
-4.38139
-4.37116
-4.38414
-4.41731
-4.45574
-4.48849
-4.51476
-4.53366
-4.54294
-4.54074
-4.53429
-4.53198
-4.53831
-4.55565
-4.57585
-4.59227
-4.59784
-4.58808
-4.56864
-4.54875
-4.537
-4.53062
-4.51691
-4.48755
-4.44725
-4.40964
-4.38803
-4.38736
-4.40146
-4.42314
-4.44833
-4.47096
-4.48453
-4.48514
-4.47217
-4.44861
-4.42095
-4.39047
-4.36311
-4.33987
-4.32204
-4.30736
-4.29691
-4.29297
-4.30117
-4.31957
-4.35085
-4.38911
-4.4311
-4.46787
-4.4913
-4.49657
-4.48532
-4.46051
-4.4243
-4.38149
-4.33396
-4.28969
-4.26029
-4.25293
-4.27087
-4.3129
-4.36838
-4.42654
-4.47427
-4.50386
-4.51368
-4.50561
-4.48618
-4.46352
-4.44607
-4.4341
-4.42309
-4.41109
-4.40074
-4.40061
-4.41573
-4.44129
-4.47046
-4.49449
-4.51081
-4.52127
-4.52712
-4.52889
-4.52284
-4.50492
-4.47118
-4.42138
-4.36288
-4.30935
-4.28045
-4.27873
-4.29656
-4.32308
-4.35014
-4.37731
-4.39713
-4.40141
-4.38596
-4.35014
-4.2967
-4.23373
-4.17601
-4.13591
-4.12507
-4.14087
-4.17161
-4.20714
-4.24223
-4.27402
-4.29997
-4.31753
-4.32985
-4.341
-4.35601
-4.37663
-4.40395
-4.43833
-4.47892
-4.52237
-4.5632
-4.58905
-4.59518
-4.57962
-4.54844
-4.5112
-4.47868
-4.45773
-4.44937
-4.45033
-4.45864
-4.4725
-4.48929
-4.51157
-4.5469
-4.60046
-4.66297
-4.72354
-4.77176
-4.80481
-4.82158
-4.82127
-4.80639
-4.7771
-4.73833
-4.69763
-4.66058
-4.62974
-4.60394
-4.57875
-4.55296
-4.5287
-4.50811
-4.49691
-4.49583
-4.50322
-4.51208
-4.51079
-4.49519
-4.46622
-4.42508
-4.37551
-4.3313
-4.29719
-4.2792
-4.27689
-4.28936
-4.31139
-4.34263
-4.38341
-4.42982
-4.47447
-4.51377
-4.54042
-4.55716
-4.56434
-4.57109
-4.58096
-4.59033
-4.59285
-4.5789
-4.54483
-4.48952
-4.41986
-4.33977
-4.262
-4.19686
-4.15238
-4.13888
-4.15369
-4.19262
-4.24765
-4.31027
-4.36938
-4.41411
-4.43769
-4.4392
-4.42131
-4.38516
-4.33546
-4.27409
-4.20948
-4.15542
-4.12563
-4.12726
-4.15418
-4.19263
-4.22926
-4.2608
-4.28525
-4.30669
-4.32844
-4.34805
-4.36251
-4.36775
-4.36748
-4.36746
-4.37488
-4.39708
-4.43721
-4.48669
-4.52822
-4.54448
-4.53168
-4.50122
-4.47935
-4.47938
-4.49397
-4.51214
-4.53026
-4.54348
-4.55305
-4.55824
-4.56276
-4.5646
-4.55834
-4.54341
-4.51564
-4.4793
-4.44495
-4.42302
-4.41823
-4.42325
-4.43408
-4.4471
-4.45766
-4.46267
-4.4593
-4.45241
-4.44002
-4.43318
-4.43888
-4.45965
-4.49889
-4.54819
-4.59678
-4.63631
-4.65547
-4.65541
-4.63518
-4.6028
-4.57127
-4.55316
-4.55339
-4.56844
-4.58767
-4.60074
-4.60375
-4.60081
-4.59444
-4.58941
-4.58023
-4.5635
-4.53554
-4.49653
-4.45485
-4.41377
-4.37722
-4.34398
-4.317
-4.30668
-4.31855
-4.35025
-4.39137
-4.43059
-4.45926
-4.47163
-4.47194
-4.46449
-4.45394
-4.44082
-4.42471
-4.40602
-4.3906
-4.37877
-4.37385
-4.37405
-4.38095
-4.39228
-4.4102
-4.44221
-4.48546
-4.53502
-4.58817
-4.63384
-4.66266
-4.66505
-4.6374
-4.58235
-4.51459
-4.45367
-4.41128
-4.39584
-4.40203
-4.41723
-4.42614
-4.41667
-4.38182
-4.32821
-4.27347
-4.2327
-4.21852
-4.23265
-4.26788
-4.31557
-4.36809
-4.41681
-4.46039
-4.50381
-4.54914
-4.59416
-4.63297
-4.6542
-4.65057
-4.62118
-4.57146
-4.51349
-4.457
-4.40369
-4.35254
-4.29182
-4.22697
-4.16923
-4.13791
-4.13642
-4.15377
-4.17532
-4.193
-4.20867
-4.22797
-4.25541
-4.29324
-4.33132
-4.35568
-4.36185
-4.35638
-4.35049
-4.3562
-4.3759
-4.41052
-4.45179
-4.49325
-4.53086
-4.56109
-4.58381
-4.59693
-4.59882
-4.58922
-4.56725
-4.53735
-4.5034
-4.47105
-4.44693
-4.43758
-4.44222
-4.4567
-4.47447
-4.49047
-4.49913
-4.49952
-4.4936
-4.48534
-4.47889
-4.47736
-4.48066
-4.48669
-4.48842
-4.47785
-4.45597
-4.43432
-4.42768
-4.44256
-4.47872
-4.52614
-4.56908
-4.59867
-4.60596
-4.58715
-4.54318
-4.4864
-4.42568
-4.37476
-4.33191
-4.29627
-4.26371
-4.23687
-4.22024
-4.21569
-4.21651
-4.21439
-4.20727
-4.20876
-4.23459
-4.28713
-4.35559
-4.42367
-4.48212
-4.52337
-4.5481
-4.55667
-4.55232
-4.5373
-4.51409
-4.48726
-4.46172
-4.44416
-4.43816
-4.44228
-4.45139
-4.4667
-4.49122
-4.52865
-4.57703
-4.62945
-4.67871
-4.71919
-4.74896
-4.76431
-4.7618
-4.73772
-4.69237
-4.63001
-4.56366
-4.50126
-4.44707
-4.40343
-4.36648
-4.33248
-4.29769
-4.26606
-4.24475
-4.2395
-4.24806
-4.26718
-4.28401
-4.29175
-4.28802
-4.27674
-4.26061
-4.25263
-4.25945
-4.27536
-4.29334
-4.29891
-4.28974
-4.26988
-4.24906
-4.23806
-4.24195
-4.26099
-4.29393
-4.33484
-4.37695
-4.41876
-4.45825
-4.49214
-4.52011
-4.54189
-4.55274
-4.55228
-4.54071
-4.51838
-4.48647
-4.45193
-4.41908
-4.39006
-4.36407
-4.34112
-4.32248
-4.31371
-4.31543
-4.33046
-4.35483
-4.38521
-4.41395
-4.43867
-4.4564
-4.46681
-4.47139
-4.46893
-4.46011
-4.44908
-4.44547
-4.45019
-4.46589
-4.48314
-4.49109
-4.48224
-4.45563
-4.41682
-4.3803
-4.35821
-4.35781
-4.37419
-4.3957
-4.41517
-4.43609
-4.46258
-4.49562
-4.52897
-4.55278
-4.559
-4.54461
-4.51267
-4.47421
-4.43907
-4.41662
-4.40085
-4.38961
-4.36823
-4.33278
-4.28515
-4.22656
-4.17379
-4.14674
-4.15905
-4.20449
-4.26391
-4.31921
-4.36402
-4.3975
-4.42254
-4.43828
-4.4458
-4.44402
-4.42969
-4.40377
-4.37197
-4.3363
-4.29711
-4.25878
-4.22601
-4.20588
-4.20303
-4.21832
-4.24929
-4.29008
-4.3333
-4.37356
-4.40479
-4.42778
-4.44486
-4.45961
-4.47277
-4.48287
-4.48879
-4.48757
-4.47922
-4.46634
-4.44818
-4.42864
-4.40791
-4.38205
-4.35107
-4.31543
-4.27853
-4.24751
-4.22547
-4.21257
-4.20526
-4.20622
-4.2128
-4.22238
-4.23574
-4.24899
-4.26488
-4.2869
-4.32064
-4.3602
-4.39775
-4.41989
-4.41802
-4.39371
-4.35515
-4.31941
-4.29742
-4.29391
-4.30294
-4.31869
-4.33769
-4.35802
-4.37684
-4.3915
-4.39795
-4.39551
-4.38524
-4.3656
-4.3403
-4.31335
-4.28829
-4.27299
-4.26998
-4.27548
-4.27995
-4.281
-4.28092
-4.28391
-4.29242
-4.30654
-4.32471
-4.34351
-4.35747
-4.3599
-4.34137
-4.31249
-4.28059
-4.26128
-4.26328
-4.28683
-4.33035
-4.38557
-4.43937
-4.48264
-4.5083
-4.51512
-4.51267
-4.50897
-4.5096
-4.51232
-4.51084
-4.49987
-4.48218
-4.46579
-4.45963
-4.46654
-4.48077
-4.49317
-4.49368
-4.48
-4.45469
-4.428
-4.40957
-4.40467
-4.41135
-4.42949
-4.45388
-4.48005
-4.50304
-4.51603
-4.51627
-4.50313
-4.48269
-4.46382
-4.45483
-4.45489
-4.46254
-4.47653
-4.48524
-4.47897
-4.46257
-4.45872
-4.47987
-4.50896
-4.52511
-4.51621
-4.48778
-4.43705
-4.37108
-4.29147
-4.20813
-4.13114
-4.07127
-4.0344
-4.02194
-4.03282
-4.069
-4.12788
-4.20287
-4.28155
-4.35545
-4.41165
-4.44533
-4.45762
-4.45327
-4.43894
-4.41791
-4.39076
-4.36474
-4.34762
-4.3518
-4.38191
-4.42514
-4.46607
-4.49308
-4.49746
-4.48633
-4.46305
-4.43738
-4.41195
-4.39233
-4.37795
-4.37039
-4.36887
-4.37016
-4.37077
-4.37267
-4.37545
-4.38042
-4.38582
-4.39013
-4.39405
-4.39885
-4.4074
-4.42138
-4.43791
-4.45343
-4.46703
-4.47692
-4.47785
-4.46268
-4.43453
-4.39889
-4.36551
-4.34388
-4.34166
-4.35887
-4.39364
-4.43854
-4.48449
-4.52404
-4.54856
-4.55312
-4.53737
-4.50699
-4.46976
-4.43257
-4.396
-4.35857
-4.32005
-4.28364
-4.26815
-4.28968
-4.3462
-4.41957
-4.48575
-4.52995
-4.54837
-4.54019
-4.50987
-4.46196
-4.40215
-4.33917
-4.2845
-4.25189
-4.24822
-4.26749
-4.30904
-4.37164
-4.4417
-4.50191
-4.54163
-4.56004
-4.56303
-4.55719
-4.54566
-4.52709
-4.49924
-4.46161
-4.41263
-4.35567
-4.30436
-4.2685
-4.249
-4.24212
-4.23996
-4.23954
-4.24123
-4.24826
-4.26621
-4.29703
-4.33961
-4.38255
-4.42048
-4.44824
-4.4629
-4.45868
-4.43285
-4.38475
-4.32244
-4.26202
-4.21494
-4.18429
-4.16975
-4.17213
-4.19242
-4.22891
-4.27812
-4.33124
-4.38007
-4.41901
-4.4437
-4.45818
-4.46249
-4.45987
-4.45439
-4.44117
-4.42452
-4.40716
-4.39372
-4.38518
-4.38125
-4.38801
-4.40512
-4.42662
-4.44044
-4.44283
-4.43046
-4.40585
-4.3747
-4.346
-4.32785
-4.32345
-4.33081
-4.34601
-4.36276
-4.37963
-4.3928
-4.39893
-4.39865
-4.38956
-4.37354
-4.34791
-4.31484
-4.28367
-4.26534
-4.26873
-4.28898
-4.3152
-4.33233
-4.33071
-4.30602
-4.26482
-4.22034
-4.1877
-4.18295
-4.20827
-4.25498
-4.30782
-4.35575
-4.39885
-4.44088
-4.47624
-4.49235
-4.48144
-4.45091
-4.42152
-4.40352
-4.39146
-4.38289
-4.37617
-4.37719
-4.38671
-4.40089
-4.41829
-4.43322
-4.44616
-4.45456
-4.45902
-4.45866
-4.45207
-4.44208
-4.43166
-4.42066
-4.41025
-4.39489
-4.37253
-4.34709
-4.32846
-4.32684
-4.34049
-4.37063
-4.41223
-4.45792
-4.49658
-4.51583
-4.51263
-4.48849
-4.45055
-4.41545
-4.38804
-4.37496
-4.37171
-4.37406
-4.37601
-4.37295
-4.3674
-4.3711
-4.39544
-4.44304
-4.49865
-4.548
-4.58386
-4.60116
-4.60016
-4.58444
-4.56274
-4.5458
-4.53491
-4.53241
-4.5363
-4.54222
-4.55049
-4.56175
-4.57433
-4.58559
-4.58969
-4.58289
-4.5567
-4.51037
-4.45055
-4.39017
-4.34717
-4.33409
-4.34919
-4.37889
-4.40749
-4.426
-4.43088
-4.4276
-4.41996
-4.40915
-4.39553
-4.37597
-4.35328
-4.32706
-4.30694
-4.29955
-4.30902
-4.3392
-4.38698
-4.4471
-4.5119
-4.57142
-4.61852
-4.64852
-4.65825
-4.64566
-4.60627
-4.54075
-4.45037
-4.34573
-4.24255
-4.15719
-4.09992
-4.07719
-4.09142
-4.13699
-4.204
-4.2832
-4.36153
-4.42862
-4.4752
-4.49412
-4.48895
-4.46855
-4.44367
-4.42451
-4.41831
-4.42552
-4.44599
-4.47364
-4.49872
-4.51636
-4.52462
-4.52178
-4.51617
-4.50937
-4.50395
-4.50213
-4.5
-4.4948
-4.48787
-4.47971
-4.4711
-4.46012
-4.44736
-4.42978
-4.40328
-4.3687
-4.33288
-4.30715
-4.30379
-4.31949
-4.35136
-4.39199
-4.43275
-4.46308
-4.4758
-4.47635
-4.4691
-4.45924
-4.44831
-4.43153
-4.40233
-4.36032
-4.30958
-4.26379
-4.23667
-4.23201
-4.24002
-4.24841
-4.25311
-4.25284
-4.25334
-4.25821
-4.26579
-4.2759
-4.28071
-4.27222
-4.24861
-4.21232
-4.17679
-4.15381
-4.15304
-4.17908
-4.22535
-4.27402
-4.31061
-4.33369
-4.3543
-4.38409
-4.42089
-4.45359
-4.47269
-4.47628
-4.46678
-4.44548
-4.42105
-4.39867
-4.37969
-4.36605
-4.35549
-4.34889
-4.34327
-4.33808
-4.3323
-4.33005
-4.32882
-4.32655
-4.31944
-4.30807
-4.29628
-4.29543
-4.31644
-4.36467
-4.42917
-4.49533
-4.55602
-4.60755
-4.64742
-4.67337
-4.6788
-4.6642
-4.63473
-4.59878
-4.56305
-4.53593
-4.51806
-4.50109
-4.48121
-4.45504
-4.4229
-4.38889
-4.35733
-4.33611
-4.33288
-4.34695
-4.37598
-4.41375
-4.45615
-4.4965
-4.52937
-4.54825
-4.5467
-4.52313
-4.48648
-4.44381
-4.40801
-4.38183
-4.36697
-4.36128
-4.37068
-4.39476
-4.43051
-4.4678
-4.49838
-4.51315
-4.5106
-4.49218
-4.46242
-4.42763
-4.3918
-4.35908
-4.33643
-4.32971
-4.34034
-4.3632
-4.38636
-4.40184
-4.40298
-4.39303
-4.37881
-4.36897
-4.36352
-4.35605
-4.34233
-4.32611
-4.31085
-4.30499
-4.30747
-4.31375
-4.31331
-4.29577
-4.2608
-4.2163
-4.18544
-4.19328
-4.24372
-4.32
-4.40121
-4.47438
-4.53397
-4.57544
-4.60034
-4.60895
-4.60258
-4.57996
-4.5457
-4.50755
-4.47119
-4.4432
-4.42032
-4.39573
-4.37194
-4.35429
-4.35795
-4.3871
-4.43389
-4.47785
-4.50786
-4.52107
-4.52938
-4.54734
-4.57073
-4.58586
-4.59081
-4.58774
-4.5821
-4.57556
-4.56711
-4.5563
-4.54262
-4.52618
-4.50443
-4.48046
-4.46452
-4.46282
-4.47849
-4.50045
-4.52014
-4.5295
-4.52848
-4.51734
-4.49776
-4.47466
-4.45145
-4.42463
-4.39568
-4.36495
-4.33931
-4.31655
-4.29678
-4.27545
-4.24366
-4.20519
-4.16635
-4.13985
-4.13551
-4.15787
-4.2034
-4.25782
-4.31133
-4.35558
-4.38776
-4.41173
-4.42643
-4.43889
-4.44665
-4.44203
-4.42062
-4.38146
-4.33264
-4.28768
-4.25946
-4.25276
-4.26447
-4.29209
-4.3313
-4.38106
-4.42603
-4.45694
-4.46376
-4.44767
-4.41981
-4.39574
-4.38789
-4.39651
-4.41376
-4.43489
-4.45637
-4.47569
-4.4913
-4.50218
-4.50275
-4.49107
-4.47072
-4.45231
-4.43778
-4.42265
-4.40657
-4.39577
-4.39818
-4.40823
-4.41857
-4.4221
-4.41403
-4.3978
-4.37705
-4.36046
-4.35025
-4.33673
-4.31204
-4.27728
-4.23753
-4.20002
-4.16842
-4.1484
-4.13683
-4.14126
-4.16619
-4.21474
-4.2791
-4.35
-4.41701
-4.47268
-4.5145
-4.54213
-4.56088
-4.57498
-4.59176
-4.60692
-4.61391
-4.60625
-4.57681
-4.52512
-4.46095
-4.39972
-4.35795
-4.3393
-4.34045
-4.35423
-4.37819
-4.40127
-4.41904
-4.42326
-4.41112
-4.38777
-4.36446
-4.35287
-4.34751
-4.34271
-4.33322
-4.33079
-4.34348
-4.37597
-4.42144
-4.47198
-4.51364
-4.54122
-4.55098
-4.54266
-4.52012
-4.49156
-4.46212
-4.43457
-4.40941
-4.38612
-4.36247
-4.34115
-4.32362
-4.30561
-4.2864
-4.26252
-4.23542
-4.20698
-4.18416
-4.17684
-4.18428
-4.20821
-4.24387
-4.28449
-4.3247
-4.36468
-4.40249
-4.43633
-4.46787
-4.49652
-4.52643
-4.55261
-4.57105
-4.57848
-4.57339
-4.56138
-4.5442
-4.52494
-4.50766
-4.48787
-4.46386
-4.42943
-4.38753
-4.34889
-4.33007
-4.32772
-4.32302
-4.30158
-4.26506
-4.22143
-4.18611
-4.16523
-4.16573
-4.18338
-4.21816
-4.26302
-4.31037
-4.35397
-4.38893
-4.41379
-4.43209
-4.44797
-4.47086
-4.50323
-4.54498
-4.58803
-4.62475
-4.64803
-4.65203
-4.63712
-4.60631
-4.56698
-4.52888
-4.49954
-4.48121
-4.46937
-4.45949
-4.45067
-4.44312
-4.43502
-4.42781
-4.42058
-4.41125
-4.39954
-4.3824
-4.36585
-4.35671
-4.35672
-4.36907
-4.39001
-4.42155
-4.45991
-4.50065
-4.53674
-4.56224
-4.56934
-4.5515
-4.50561
-4.43834
-4.36083
-4.29378
-4.25139
-4.24208
-4.26428
-4.31122
-4.36658
-4.41451
-4.44522
-4.45804
-4.45723
-4.45467
-4.45263
-4.45362
-4.45628
-4.46018
-4.46985
-4.48302
-4.50119
-4.52181
-4.54151
-4.5579
-4.56813
-4.56676
-4.55773
-4.54469
-4.52793
-4.5136
-4.50016
-4.48622
-4.4727
-4.46156
-4.4484
-4.43662
-4.41931
-4.39373
-4.36725
-4.35908
-4.37864
-4.415
-4.45329
-4.48484
-4.50882
-4.52616
-4.53265
-4.52242
-4.49595
-4.46044
-4.42914
-4.41174
-4.41424
-4.42703
-4.44117
-4.45048
-4.45466
-4.45791
-4.46274
-4.47621
-4.49497
-4.51868
-4.5403
-4.55288
-4.5566
-4.54978
-4.53064
-4.50091
-4.46673
-4.43447
-4.41188
-4.40103
-4.39787
-4.40003
-4.40934
-4.4302
-4.4627
-4.499
-4.53273
-4.55304
-4.55681
-4.54544
-4.521
-4.48732
-4.45142
-4.42236
-4.40626
-4.40292
-4.405
-4.40434
-4.40134
-4.39786
-4.40111
-4.40774
-4.40851
-4.39816
-4.37495
-4.34144
-4.3016
-4.26198
-4.22919
-4.21248
-4.21936
-4.25593
-4.31748
-4.39396
-4.47014
-4.53362
-4.57889
-4.60012
-4.59533
-4.56827
-4.52294
-4.46255
-4.39403
-4.32608
-4.27523
-4.24759
-4.24222
-4.24435
-4.23788
-4.21751
-4.19188
-4.17756
-4.18891
-4.23185
-4.30034
-4.37675
-4.43706
-4.46912
-4.46915
-4.4421
-4.40332
-4.36659
-4.34262
-4.33523
-4.34364
-4.35824
-4.36745
-4.36559
-4.35261
-4.33563
-4.32272
-4.32245
-4.33119
-4.34207
-4.34528
-4.33893
-4.31914
-4.28828
-4.25168
-4.21491
-4.17193
-4.14007
-4.12288
-4.1281
-4.15484
-4.19676
-4.243
-4.28157
-4.30666
-4.31919
-4.31561
-4.29639
-4.2596
-4.21001
-4.15675
-4.11122
-4.08008
-4.06315
-4.05599
-4.05151
-4.05031
-4.05845
-4.08465
-4.12892
-4.18251
-4.23079
-4.26503
-4.279
-4.27281
-4.25408
-4.22847
-4.20598
-4.18783
-4.17436
-4.16248
-4.14554
-4.11677
-4.07218
-4.01925
-3.979
-3.97133
-4.01053
-4.0849
-4.17239
-4.2557
-4.32964
-4.39556
-4.45337
-4.4985
-4.53171
-4.5519
-4.56291
-4.57111
-4.57916
-4.58773
-4.59288
-4.5869
-4.56267
-4.52422
-4.47962
-4.44047
-4.41481
-4.40008
-4.39279
-4.38508
-4.37337
-4.35775
-4.33402
-4.30883
-4.28831
-4.28457
-4.29985
-4.32223
-4.33185
-4.32114
-4.29479
-4.26293
-4.23061
-4.20446
-4.18304
-4.1783
-4.18984
-4.22172
-4.27278
-4.33917
-4.41275
-4.48739
-4.55691
-4.61274
-4.65289
-4.67527
-4.68172
-4.66924
-4.64417
-4.60521
-4.55711
-4.50314
-4.44848
-4.39809
-4.35779
-4.32973
-4.31294
-4.3048
-4.30123
-4.29933
-4.29517
-4.29538
-4.30472
-4.32697
-4.35757
-4.3921
-4.42054
-4.44092
-4.45275
-4.45702
-4.44878
-4.42878
-4.39415
-4.34591
-4.29564
-4.2631
-4.27097
-4.30857
-4.34956
-4.38301
-4.41416
-4.44867
-4.48296
-4.50559
-4.50461
-4.47302
-4.41258
-4.34463
-4.28993
-4.26059
-4.25965
-4.28085
-4.31139
-4.33941
-4.35797
-4.36768
-4.37428
-4.38005
-4.38336
-4.3845
-4.38339
-4.37336
-4.35225
-4.32018
-4.28071
-4.24343
-4.21262
-4.18863
-4.17564
-4.18364
-4.21728
-4.26786
-4.32693
-4.38252
-4.43269
-4.47712
-4.50966
-4.52659
-4.52711
-4.51723
-4.5072
-4.49937
-4.4901
-4.47146
-4.44271
-4.40829
-4.3716
-4.33108
-4.28682
-4.2433
-4.21189
-4.20066
-4.20722
-4.22391
-4.23857
-4.24073
-4.23172
-4.22195
-4.22117
-4.23874
-4.26765
-4.29808
-4.32062
-4.3252
-4.31249
-4.28298
-4.2467
-4.21795
-4.20364
-4.2005
-4.19693
-4.18618
-4.16994
-4.1537
-4.14215
-4.14219
-4.1554
-4.182
-4.22001
-4.26079
-4.2946
-4.31042
-4.30642
-4.28613
-4.25911
-4.22939
-4.20006
-4.16381
-4.12603
-4.09123
-4.07013
-4.06782
-4.0886
-4.12643
-4.17621
-4.23155
-4.28264
-4.32715
-4.36164
-4.38731
-4.40344
-4.40436
-4.39572
-4.37956
-4.36551
-4.35956
-4.36987
-4.39445
-4.41818
-4.42451
-4.4184
-4.4103
-4.4106
-4.4202
-4.43072
-4.43377
-4.42263
-4.39507
-4.35174
-4.3013
-4.25916
-4.23786
-4.23963
-4.25554
-4.27133
-4.27351
-4.25722
-4.22541
-4.18995
-4.16526
-4.16527
-4.19329
-4.24277
-4.30433
-4.37321
-4.44329
-4.5067
-4.55795
-4.58956
-4.5926
-4.56429
-4.50976
-4.44579
-4.39045
-4.35522
-4.34949
-4.36031
-4.37257
-4.37928
-4.37989
-4.37764
-4.37382
-4.36829
-4.36291
-4.36304
-4.37923
-4.40744
-4.43478
-4.44581
-4.43709
-4.41165
-4.37759
-4.34568
-4.31814
-4.29657
-4.27003
-4.23709
-4.20114
-4.17273
-4.16391
-4.17843
-4.21101
-4.25024
-4.27934
-4.2849
-4.25513
-4.19334
-4.11566
-4.04305
-3.99876
-3.99377
-4.02058
-4.07216
-4.14301
-4.21877
-4.28944
-4.34109
-4.3659
-4.36558
-4.3443
-4.31304
-4.27812
-4.24962
-4.2339
-4.23176
-4.24248
-4.25739
-4.27072
-4.27654
-4.2727
-4.262
-4.25545
-4.26233
-4.28604
-4.32148
-4.35821
-4.38972
-4.41235
-4.42439
-4.42394
-4.41133
-4.38723
-4.35978
-4.33906
-4.33553
-4.35478
-4.38818
-4.42361
-4.44971
-4.45426
-4.43769
-4.40403
-4.36311
-4.32746
-4.30668
-4.30614
-4.32195
-4.34865
-4.38116
-4.41905
-4.45819
-4.49412
-4.5126
-4.50668
-4.47423
-4.42412
-4.37866
-4.35391
-4.35804
-4.38492
-4.42213
-4.46069
-4.48962
-4.50103
-4.49211
-4.46141
-4.41754
-4.37327
-4.33954
-4.33128
-4.35759
-4.41043
-4.47651
-4.53697
-4.58058
-4.60095
-4.59959
-4.5818
-4.5555
-4.525
-4.49552
-4.46406
-4.42638
-4.38111
-4.32948
-4.2786
-4.23882
-4.21757
-4.22022
-4.24042
-4.27298
-4.30535
-4.33191
-4.34815
-4.35639
-4.36249
-4.37174
-4.38249
-4.38861
-4.38134
-4.3563
-4.31396
-4.27061
-4.23796
-4.22224
-4.22741
-4.24622
-4.27082
-4.29314
-4.31422
-4.3392
-4.36996
-4.39618
-4.41031
-4.40611
-4.38807
-4.36495
-4.34736
-4.34145
-4.3493
-4.36946
-4.39598
-4.42638
-4.45559
-4.47534
-4.47882
-4.46245
-4.42521
-4.37083
-4.3067
-4.23817
-4.17126
-4.10953
-4.06046
-4.02476
-4.00578
-4.00991
-4.04012
-4.09564
-4.16741
-4.24032
-4.30324
-4.348
-4.37502
-4.38945
-4.3935
-4.38923
-4.3756
-4.35147
-4.32191
-4.28697
-4.25351
-4.22519
-4.21682
-4.23292
-4.26987
-4.3201
-4.37467
-4.42617
-4.46517
-4.4902
-4.5021
-4.50794
-4.51136
-4.51561
-4.52192
-4.51949
-4.50134
-4.46693
-4.41775
-4.35937
-4.29901
-4.24299
-4.20061
-4.17545
-4.16639
-4.16763
-4.1698
-4.17667
-4.1943
-4.22216
-4.25334
-4.28451
-4.31213
-4.32848
-4.32797
-4.30504
-4.26571
-4.22475
-4.20467
-4.22182
-4.27118
-4.33006
-4.37103
-4.39016
-4.39227
-4.39087
-4.38686
-4.37906
-4.36757
-4.35428
-4.34618
-4.34729
-4.3607
-4.38052
-4.39763
-4.40583
-4.40027
-4.37763
-4.33981
-4.28866
-4.23269
-4.17846
-4.13222
-4.10626
-4.09595
-4.09537
-4.10087
-4.10817
-4.12265
-4.15004
-4.18817
-4.22954
-4.26238
-4.28226
-4.29242
-4.29873
-4.30864
-4.32235
-4.33853
-4.35932
-4.38369
-4.41346
-4.4501
-4.49282
-4.53114
-4.55746
-4.56637
-4.55823
-4.5381
-4.5116
-4.48479
-4.46442
-4.44731
-4.43469
-4.42269
-4.40891
-4.39205
-4.37096
-4.34353
-4.31127
-4.27633
-4.2418
-4.21605
-4.20407
-4.20183
-4.20271
-4.20028
-4.19629
-4.19688
-4.21596
-4.25686
-4.31418
-4.37465
-4.42728
-4.46433
-4.48112
-4.48053
-4.46648
-4.4408
-4.40766
-4.36646
-4.31171
-4.24631
-4.17016
-4.10091
-4.04836
-4.02953
-4.055
-4.11323
-4.17319
-4.21553
-4.22399
-4.19799
-4.13551
-4.05433
-3.98105
-3.94201
-3.95227
-3.99749
-4.05251
-4.09501
-4.11114
-4.10686
-4.10588
-4.13982
-4.19805
-4.25229
-4.28616
-4.30125
-4.31003
-4.3222
-4.34446
-4.37836
-4.41586
-4.45351
-4.4824
-4.50013
-4.50412
-4.49162
-4.45943
-4.40902
-4.34329
-4.28099
-4.2346
-4.21087
-4.20333
-4.20037
-4.1977
-4.19986
-4.21296
-4.2368
-4.27458
-4.31863
-4.36134
-4.39453
-4.41197
-4.40878
-4.38488
-4.3425
-4.29003
-4.2442
-4.22541
-4.23877
-4.27553
-4.31704
-4.34916
-4.36144
-4.35239
-4.33351
-4.32172
-4.33013
-4.35466
-4.384
-4.40666
-4.41313
-4.40013
-4.36764
-4.31596
-4.25664
-4.20301
-4.1666
-4.14324
-4.12706
-4.11542
-4.11642
-4.13972
-4.1795
-4.21331
-4.21832
-4.19221
-4.1486
-4.10041
-4.06252
-4.03994
-4.03246
-4.03984
-4.06227
-4.10115
-4.14963
-4.1918
-4.21277
-4.20494
-4.16544
-4.10694
-4.05215
-4.02597
-4.03274
-4.05765
-4.08383
-4.10592
-4.11992
-4.12793
-4.13612
-4.14951
-4.17431
-4.20184
-4.22447
-4.23784
-4.24468
-4.25444
-4.27386
-4.30471
-4.34523
-4.39206
-4.44019
-4.48135
-4.51207
-4.52776
-4.52798
-4.51244
-4.48625
-4.44696
-4.40064
-4.35659
-4.321
-4.30198
-4.29849
-4.31013
-4.33144
-4.35235
-4.36981
-4.37908
-4.38016
-4.37744
-4.37866
-4.3836
-4.39641
-4.41531
-4.43842
-4.46027
-4.47207
-4.46906
-4.44792
-4.41138
-4.36825
-4.32806
-4.29571
-4.27518
-4.2628
-4.25833
-4.26058
-4.26707
-4.28034
-4.29002
-4.28822
-4.26552
-4.21867
-4.16032
-4.11962
-4.11687
-4.14194
-4.17948
-4.21933
-4.25305
-4.28172
-4.30543
-4.32407
-4.33223
-4.32736
-4.30828
-4.27722
-4.24365
-4.21834
-4.21569
-4.24306
-4.30099
-4.37764
-4.45529
-4.51836
-4.5587
-4.57505
-4.56887
-4.53606
-4.47567
-4.39815
-4.31727
-4.24492
-4.19352
-4.16895
-4.16535
-4.17797
-4.20011
-4.22834
-4.26122
-4.29387
-4.32771
-4.36054
-4.3902
-4.41357
-4.42977
-4.43796
-4.43368
-4.41828
-4.38863
-4.34624
-4.30419
-4.27118
-4.25643
-4.26107
-4.28772
-4.34069
-4.40955
-4.47878
-4.53137
-4.55786
-4.55866
-4.53386
-4.49005
-4.43181
-4.36545
-4.30343
-4.25874
-4.23986
-4.248
-4.27736
-4.31875
-4.36218
-4.40249
-4.44047
-4.47621
-4.50468
-4.51615
-4.50394
-4.46393
-4.40697
-4.34869
-4.3043
-4.27919
-4.26898
-4.25899
-4.23839
-4.20123
-4.14863
-4.0838
-4.01066
-3.93537
-3.87359
-3.84327
-3.85818
-3.90316
-3.95843
-4.01512
-4.06617
-4.11044
-4.14734
-4.17246
-4.18529
-4.19153
-4.20202
-4.23385
-4.28745
-4.34771
-4.39971
-4.43001
-4.42849
-4.39833
-4.35667
-4.33055
-4.33007
-4.34246
-4.35178
-4.35562
-4.36108
-4.37177
-4.38425
-4.39384
-4.39743
-4.39051
-4.37897
-4.36568
-4.35566
-4.34748
-4.33968
-4.32966
-4.31375
-4.29322
-4.27315
-4.25638
-4.25378
-4.26567
-4.29411
-4.32807
-4.35883
-4.37118
-4.351
-4.29241
-4.20177
-4.09738
-4.01571
-3.98528
-4.00422
-4.05832
-4.13709
-4.22527
-4.31153
-4.37923
-4.42252
-4.44152
-4.43515
-4.40696
-4.36272
-4.30619
-4.24646
-4.19209
-4.15676
-4.14866
-4.16956
-4.21476
-4.27582
-4.33819
-4.39159
-4.42886
-4.44634
-4.44213
-4.41625
-4.36935
-4.3055
-4.22897
-4.14816
-4.06644
-3.99402
-3.93929
-3.91512
-3.92516
-3.95601
-3.99075
-4.01734
-4.03146
-4.03868
-4.05007
-4.0721
-4.11184
-4.17275
-4.25337
-4.34009
-4.40843
-4.44518
-4.4448
-4.42229
-4.40585
-4.41247
-4.43997
-4.46813
-4.48251
-4.48255
-4.47237
-4.46254
-4.46067
-4.46914
-4.4809
-4.49085
-4.49357
-4.49568
-4.50245
-4.52217
-4.55331
-4.59051
-4.62552
-4.6528
-4.66543
-4.65845
-4.62764
-4.57495
-4.50515
-4.42592
-4.34787
-4.27939
-4.2248
-4.19071
-4.1754
-4.1789
-4.1954
-4.22503
-4.26283
-4.29834
-4.32425
-4.32862
-4.3091
-4.26909
-4.21897
-4.17361
-4.14342
-4.13624
-4.15865
-4.21201
-4.28334
-4.35785
-4.4171
-4.4484
-4.45543
-4.45179
-4.45429
-4.46736
-4.48119
-4.48767
-4.4855
-4.48514
-4.49254
-4.50779
-4.51998
-4.5206
-4.50171
-4.46196
-4.40468
-4.3361
-4.29239
-4.27785
-4.29228
-4.32466
-4.35588
-4.37291
-4.37114
-4.35595
-4.33861
-4.32893
-4.3354
-4.3556
-4.38143
-4.40137
-4.4074
-4.39697
-4.37082
-4.33465
-4.2974
-4.26621
-4.24481
-4.2377
-4.2415
-4.25446
-4.27449
-4.29829
-4.32029
-4.34575
-4.36985
-4.39062
-4.40498
-4.4126
-4.4118
-4.40415
-4.39186
-4.37657
-4.36193
-4.35714
-4.37119
-4.40455
-4.43789
-4.45757
-4.46132
-4.46107
-4.46941
-4.49184
-4.51827
-4.53418
-4.53165
-4.51282
-4.48619
-4.47202
-4.47658
-4.49185
-4.49728
-4.48565
-4.45722
-4.42176
-4.38806
-4.3666
-4.35871
-4.36264
-4.37183
-4.37993
-4.38293
-4.38024
-4.37419
-4.37013
-4.373
-4.39027
-4.4196
-4.4558
-4.49318
-4.5259
-4.55057
-4.56376
-4.56057
-4.53998
-4.50457
-4.46062
-4.41584
-4.37794
-4.3468
-4.32143
-4.30252
-4.28872
-4.28491
-4.29106
-4.30593
-4.32715
-4.35328
-4.38398
-4.41437
-4.44026
-4.45586
-4.46289
-4.46064
-4.4541
-4.44497
-4.43168
-4.41513
-4.39808
-4.38587
-4.37824
-4.37384
-4.37193
-4.37436
-4.38232
-4.39443
-4.4082
-4.41887
-4.42191
-4.41631
-4.40268
-4.38634
-4.37014
-4.35729
-4.35337
-4.35707
-4.36731
-4.37871
-4.38355
-4.37709
-4.36463
-4.35105
-4.34721
-4.357
-4.37989
-4.40502
-4.42407
-4.4225
-4.39974
-4.36386
-4.33073
-4.31519
-4.32234
-4.34903
-4.38725
-4.42618
-4.45482
-4.46174
-4.44013
-4.3903
-4.31895
-4.24374
-4.18599
-4.16104
-4.1718
-4.20561
-4.24849
-4.28915
-4.31864
-4.33173
-4.32935
-4.31953
-4.31329
-4.31876
-4.33451
-4.35212
-4.35855
-4.34735
-4.32345
-4.2932
-4.2696
-4.26772
-4.28816
-4.32882
-4.3842
-4.44462
-4.50046
-4.54482
-4.58004
-4.60231
-4.61285
-4.61188
-4.60173
-4.58075
-4.54678
-4.49961
-4.44219
-4.38924
-4.35838
-4.35163
-4.35957
-4.36889
-4.37174
-4.35858
-4.3322
-4.29541
-4.25721
-4.23469
-4.24029
-4.27715
-4.33703
-4.4088
-4.47624
-4.52847
-4.56236
-4.58066
-4.58849
-4.59046
-4.58764
-4.57513
-4.55381
-4.52943
-4.51352
-4.51455
-4.53459
-4.55949
-4.57484
-4.5691
-4.54222
-4.49774
-4.44647
-4.39725
-4.355
-4.32325
-4.30194
-4.29081
-4.28518
-4.28173
-4.28242
-4.29415
-4.32038
-4.35813
-4.39313
-4.41197
-4.4104
-4.39019
-4.35866
-4.32218
-4.28074
-4.23838
-4.20405
-4.18951
-4.19928
-4.23471
-4.28643
-4.34816
-4.40987
-4.45919
-4.49406
-4.51148
-4.51508
-4.50727
-4.48968
-4.46765
-4.44233
-4.42417
-4.41258
-4.40974
-4.41408
-4.42172
-4.43065
-4.44612
-4.47259
-4.51201
-4.5569
-4.5959
-4.62081
-4.62549
-4.60881
-4.57446
-4.52669
-4.46869
-4.40131
-4.33762
-4.29939
-4.29666
-4.31908
-4.35409
-4.39404
-4.43693
-4.48308
-4.52892
-4.56258
-4.57819
-4.57505
-4.5582
-4.52902
-4.49761
-4.4723
-4.46086
-4.46719
-4.49142
-4.52384
-4.55154
-4.56624
-4.55625
-4.5248
-4.47728
-4.42608
-4.37939
-4.34702
-4.33692
-4.35476
-4.39349
-4.4348
-4.46498
-4.47976
-4.48331
-4.48246
-4.48304
-4.4827
-4.47875
-4.4673
-4.44803
-4.41862
-4.38548
-4.35495
-4.33315
-4.32557
-4.33207
-4.34977
-4.37163
-4.38953
-4.39958
-4.39662
-4.38194
-4.35567
-4.31869
-4.27846
-4.24641
-4.23177
-4.23546
-4.251
-4.2754
-4.30971
-4.35689
-4.41958
-4.4912
-4.56453
-4.63045
-4.67897
-4.70346
-4.70465
-4.68563
-4.6497
-4.60491
-4.56163
-4.5287
-4.51122
-4.51303
-4.5318
-4.57142
-4.62455
-4.67923
-4.72362
-4.74511
-4.73568
-4.69394
-4.62267
-4.53531
-4.44984
-4.38541
-4.35402
-4.35568
-4.3791
-4.40834
-4.43215
-4.43688
-4.4241
-4.39673
-4.35944
-4.31791
-4.28351
-4.26137
-4.25742
-4.2715
-4.29614
-4.32003
-4.33398
-4.34074
-4.33905
-4.33305
-4.32348
-4.31609
-4.32026
-4.33997
-4.36809
-4.39042
-4.39794
-4.38537
-4.36268
-4.34316
-4.33404
-4.33473
-4.34441
-4.3536
-4.36214
-4.36549
-4.36317
-4.35636
-4.34302
-4.32394
-4.31156
-4.31403
-4.33733
-4.37432
-4.41284
-4.43293
-4.42238
-4.38259
-4.32303
-4.25671
-4.20055
-4.18233
-4.21028
-4.25186
-4.27657
-4.28149
-4.27295
-4.27001
-4.28967
-4.32832
-4.37092
-4.40126
-4.40838
-4.39649
-4.38653
-4.39795
-4.43462
-4.48447
-4.53473
-4.5723
-4.59335
-4.59277
-4.56938
-4.52756
-4.47828
-4.43123
-4.39173
-4.35956
-4.32964
-4.29854
-4.26377
-4.22456
-4.18747
-4.16297
-4.15823
-4.17858
-4.22247
-4.28384
-4.35905
-4.43584
-4.5043
-4.556
-4.5868
-4.60169
-4.60524
-4.59916
-4.58745
-4.56813
-4.53801
-4.49874
-4.45588
-4.42052
-4.41269
-4.43147
-4.46671
-4.50275
-4.53225
-4.55254
-4.56369
-4.56686
-4.56556
-4.55667
-4.53517
-4.49906
-4.44969
-4.38821
-4.32261
-4.25854
-4.20362
-4.16868
-4.16108
-4.18111
-4.22562
-4.28387
-4.34536
-4.39928
-4.43688
-4.45903
-4.46557
-4.4532
-4.42152
-4.37234
-4.30659
-4.23753
-4.18381
-4.15694
-4.16049
-4.18679
-4.22372
-4.26074
-4.29612
-4.3303
-4.36767
-4.41045
-4.45339
-4.48729
-4.50532
-4.50564
-4.48931
-4.45582
-4.40728
-4.34424
-4.27801
-4.2255
-4.19984
-4.20991
-4.25189
-4.31068
-4.37441
-4.43034
-4.47235
-4.50065
-4.51618
-4.52044
-4.51679
-4.50449
-4.48195
-4.45276
-4.4197
-4.39454
-4.38794
-4.39897
-4.4119
-4.4125
-4.39803
-4.37957
-4.36938
-4.37304
-4.38932
-4.41735
-4.45353
-4.49422
-4.53211
-4.5652
-4.5934
-4.61523
-4.62599
-4.62155
-4.60145
-4.56785
-4.52604
-4.48618
-4.45482
-4.43709
-4.42492
-4.41168
-4.39731
-4.37848
-4.36008
-4.34379
-4.32676
-4.30882
-4.29012
-4.27554
-4.27846
-4.3011
-4.34116
-4.38315
-4.41585
-4.43274
-4.43042
-4.41558
-4.39749
-4.3833
-4.37682
-4.37701
-4.37977
-4.38693
-4.3979
-4.41314
-4.43678
-4.47056
-4.51787
-4.5752
-4.63426
-4.68568
-4.72154
-4.74056
-4.7422
-4.72983
-4.70672
-4.67252
-4.63247
-4.59958
-4.58786
-4.60473
-4.64464
-4.69304
-4.73536
-4.75864
-4.75933
-4.73769
-4.69248
-4.63039
-4.56198
-4.49713
-4.44895
-4.42457
-4.42881
-4.4536
-4.48776
-4.51756
-4.53407
-4.53313
-4.51959
-4.49942
-4.48802
-4.49398
-4.51532
-4.5384
-4.54691
-4.5357
-4.50056
-4.44732
-4.38225
-4.31239
-4.23906
-4.16824
-4.10518
-4.06298
-4.05385
-4.0889
-4.16603
-4.26462
-4.35613
-4.42073
-4.45361
-4.46078
-4.45908
-4.46815
-4.50585
-4.56704
-4.63288
-4.67899
-4.69342
-4.67273
-4.6258
-4.56462
-4.50473
-4.46151
-4.44224
-4.44489
-4.4544
-4.46076
-4.46255
-4.45462
-4.43726
-4.4103
-4.37042
-4.31856
-4.26361
-4.24168
-4.28851
-4.38687
-4.47865
-4.53472
-4.55767
-4.55258
-4.52618
-4.47746
-4.40408
-4.31537
-4.2243
-4.15718
-4.13597
-4.16556
-4.23672
-4.32878
-4.42034
-4.49844
-4.55566
-4.59268
-4.60729
-4.59353
-4.54963
-4.4741
-4.37725
-4.27626
-4.18894
-4.13747
-4.1215
-4.12451
-4.13461
-4.14359
-4.14804
-4.14741
-4.13991
-4.12705
-4.11459
-4.10998
-4.11348
-4.12531
-4.1421
-4.15902
-4.16803
-4.16824
-4.16824
-4.17923
-4.20784
-4.2446
-4.28302
-4.31299
-4.33813
-4.36605
-4.40102
-4.4355
-4.45878
-4.46484
-4.45437
-4.43745
-4.42267
-4.4112
-4.39397
-4.37198
-4.35645
-4.35521
-4.36627
-4.37773
-4.38191
-4.37065
-4.34837
-4.31919
-4.2917
-4.27831
-4.2875
-4.31975
-4.36323
-4.40788
-4.45265
-4.48765
-4.5107
-4.52444
-4.53693
-4.55502
-4.57765
-4.59297
-4.58825
-4.5572
-4.50732
-4.4563
-4.42476
-4.42294
-4.44536
-4.4794
-4.51136
-4.53426
-4.54385
-4.53936
-4.52425
-4.50697
-4.49586
-4.49629
-4.50315
-4.51003
-4.51327
-4.50704
-4.48956
-4.45963
-4.41937
-4.38017
-4.35074
-4.33487
-4.32795
-4.32927
-4.33358
-4.34547
-4.36491
-4.3838
-4.39781
-4.4011
-4.38921
-4.37068
-4.35362
-4.3484
-4.35909
-4.37218
-4.37358
-4.3576
-4.32933
-4.2957
-4.27536
-4.2776
-4.30579
-4.34872
-4.39425
-4.43722
-4.47774
-4.51128
-4.53069
-4.53604
-4.52361
-4.49686
-4.46315
-4.43171
-4.40898
-4.39883
-4.39676
-4.39703
-4.39546
-4.39409
-4.39126
-4.39366
-4.40736
-4.43206
-4.46098
-4.49112
-4.5206
-4.54818
-4.57645
-4.60555
-4.63383
-4.65563
-4.66794
-4.67164
-4.67231
-4.67179
-4.66895
-4.65939
-4.63899
-4.60541
-4.56038
-4.50491
-4.44729
-4.39138
-4.341
-4.29649
-4.26259
-4.23883
-4.22736
-4.23087
-4.24779
-4.27639
-4.31036
-4.34443
-4.3732
-4.39033
-4.39055
-4.3723
-4.33708
-4.29311
-4.24707
-4.20737
-4.17685
-4.15529
-4.14207
-4.132
-4.1281
-4.13208
-4.14979
-4.18512
-4.2341
-4.28421
-4.32466
-4.35055
-4.36356
-4.37163
-4.38132
-4.38961
-4.38531
-4.36631
-4.33556
-4.30336
-4.27761
-4.25886
-4.2447
-4.23457
-4.2313
-4.24093
-4.26586
-4.30901
-4.36336
-4.42062
-4.47098
-4.50923
-4.53809
-4.56071
-4.57452
-4.57969
-4.57032
-4.54409
-4.50297
-4.44967
-4.39684
-4.35579
-4.33739
-4.34225
-4.36519
-4.39509
-4.4267
-4.45744
-4.48306
-4.49907
-4.50714
-4.50926
-4.5075
-4.50114
-4.48947
-4.47334
-4.45563
-4.44312
-4.44163
-4.45167
-4.46563
-4.47221
-4.46926
-4.45567
-4.43092
-4.39737
-4.35565
-4.31414
-4.28444
-4.27801
-4.29222
-4.32029
-4.35145
-4.37404
-4.38092
-4.36469
-4.32174
-4.25956
-4.20112
-4.16994
-4.18223
-4.23311
-4.30344
-4.37342
-4.42441
-4.45063
-4.45081
-4.43195
-4.40459
-4.37717
-4.35489
-4.34194
-4.33027
-4.31601
-4.29796
-4.28272
-4.27795
-4.28756
-4.30741
-4.33231
-4.35277
-4.36229
-4.35608
-4.33416
-4.3054
-4.27581
-4.24665
-4.21765
-4.18811
-4.16194
-4.14509
-4.14314
-4.15546
-4.16987
-4.184
-4.20822
-4.24754
-4.2997
-4.35273
-4.39663
-4.42468
-4.43892
-4.43944
-4.42773
-4.40064
-4.35938
-4.30852
-4.25463
-4.21042
-4.18627
-4.19005
-4.22154
-4.27103
-4.32632
-4.37685
-4.41831
-4.44661
-4.46473
-4.47188
-4.47046
-4.45787
-4.4401
-4.42039
-4.4031
-4.3884
-4.37266
-4.34861
-4.31137
-4.26573
-4.22265
-4.19977
-4.20601
