1.89818
1.89264
1.88305
1.86871
1.84863
1.82148
1.78559
1.73914
1.68047
1.60851
1.52346
1.42764
1.32596
1.2258
1.13555
1.06251
1.01098
0.981579
0.971871
0.97754
0.993594
1.01518
1.0381
1.05919
1.07637
1.08879
1.09663
1.10096
1.10321
1.10467
1.10603
1.10721
1.10738
1.10528
1.09949
1.08899
1.07362
1.05448
1.03381
1.01423
0.997808
0.985464
0.977099
0.972304
0.970933
0.973183
0.979177
0.988508
1.00009
1.01229
1.02332
1.03158
1.03598
1.03599
1.03181
1.02446
1.01567
1.00749
1.00146
0.998169
0.997421
0.998755
1.00179
1.00621
1.01157
1.01704
1.0216
1.02431
1.02482
1.02367
1.02226
1.02222
1.0247
1.02988
1.03692
1.04443
1.05097
1.05566
1.05847
1.06008
1.06133
1.0625
1.06312
1.06238
1.05999
1.05659
1.05332
1.05113
1.05046
1.05134
1.05352
1.0566
1.06004
1.06315
1.06516
1.06543
1.0635
1.05912
1.05228
1.04308
1.03177
1.0186
1.00387
0.988058
0.972119
0.957625
0.946503
0.940476
0.940606
0.947239
0.959865
0.976894
0.995759
1.01368
1.02845
1.03874
1.04411
1.04483
1.04171
1.03605
1.02942
1.02322
1.01824
1.01437
1.01094
1.00744
1.00413
1.0021
1.00256
1.00635
1.01357
1.02382
1.0364
1.05045
1.0649
1.07843
1.08973
1.09765
1.10171
1.10241
1.10124
1.10012
1.1003
1.10158
1.10255
1.10159
1.09785
1.09179
1.08516
1.08023
1.07854
1.07999
1.08305
1.0856
1.08585
1.08264
1.07554
1.06477
1.05132
1.03731
1.02619
1.02168
1.02516
1.03402
1.04349
1.05006
1.05318
1.05457
1.05663
1.06081
1.06724
1.07515
1.08357
1.09167
1.09918
1.10644
1.11382
1.12069
1.12516
1.12499
1.11884
1.10707
1.09199
1.07747
1.06759
1.06474
1.06845
1.07608
1.08464
1.09216
1.09793
1.1019
1.10397
1.10367
1.10017
1.09269
1.08105
1.06585
1.04827
1.02959
1.01071
0.99242
0.975922
0.962976
0.955175
0.953129
0.956533
0.964854
0.977791
0.995155
1.01643
1.04049
1.06565
1.08991
1.11139
1.12854
1.14038
1.14659
1.14753
1.14398
1.13698
1.12755
1.11657
1.10471
1.09261
1.08091
1.07034
1.06167
1.05565
1.05285
1.05371
1.05839
1.06667
1.0778
1.09055
1.10338
1.1147
1.12317
1.12793
1.12878
1.12605
1.12043
1.11291
1.10477
1.09769
1.09368
1.09431
1.09981
1.10898
1.11996
1.13107
1.141
1.14845
1.15214
1.15098
1.14476
1.13444
1.12196
1.10915
1.09689
1.085
1.07302
1.06086
1.04894
1.03792
1.02842
1.02092
1.01578
1.01321
1.01316
1.0151
1.01796
1.02035
1.02082
1.01821
1.01208
1.00283
0.9918
0.981236
0.97393
0.972607
0.979014
0.993189
1.01318
1.03552
1.0562
1.07176
1.08008
1.08058
1.07423
1.06329
1.051
1.04093
1.03593
1.03709
1.04354
1.05307
1.06337
1.07273
1.08014
1.08492
1.08652
1.08452
1.07898
1.07068
1.061
1.05123
1.04204
1.03335
1.02517
1.01854
1.01573
1.01913
1.0296
1.04553
1.06345
1.07946
1.09053
1.09498
1.09256
1.08429
1.07232
1.05958
1.04916
1.04344
1.04329
1.04775
1.05454
1.06087
1.06422
1.06276
1.05566
1.04329
1.02723
1.00995
0.994068
0.981766
0.974414
0.972581
0.976191
0.98467
0.996942
1.01139
1.02587
1.03808
1.04592
1.04808
1.04456
1.03697
1.02839
1.0224
1.02146
1.02559
1.03258
1.03953
1.04449
1.04718
1.04869
1.05056
1.05397
1.0592
1.06567
1.07234
1.07819
1.08264
1.08553
1.08706
1.08749
1.08705
1.08606
1.08497
1.08439
1.08484
1.08645
1.08889
1.09147
1.09347
1.09435
1.09396
1.09247
1.09029
1.08783
1.08544
1.08341
1.08189
1.08078
1.07974
1.07825
1.07583
1.07224
1.06765
1.06268
1.05818
1.05499
1.05351
1.05341
1.05367
1.0532
1.05172
1.05019
1.0503
1.05316
1.05848
1.065
1.07134
1.07655
1.08017
1.08216
1.08296
1.08344
1.08467
1.08759
1.09258
1.09933
1.10696
1.11434
1.12038
1.12408
1.12474
1.12189
1.11551
1.10602
1.09432
1.0817
1.06966
1.05957
1.05249
1.04898
1.04897
1.05184
1.05643
1.06141
1.06558
1.06815
1.06895
1.06838
1.06729
1.06671
1.06747
1.06981
1.07312
1.07584
1.0759
1.07137
1.06143
1.04717
1.03173
1.01936
1.01355
1.01548
1.02416
1.03771
1.05445
1.0733
1.0934
1.11388
1.13371
1.15173
1.16689
1.1784
1.18576
1.18869
1.187
1.18051
1.16923
1.15345
1.13396
1.11212
1.08982
1.06927
1.05248
1.04061
1.03352
1.03036
1.03043
1.03383
1.04121
1.053
1.0685
1.08552
1.10069
1.1105
1.11274
1.1076
1.09839
1.09041
1.08815
1.09302
1.10345
1.11625
1.12793
1.13549
1.13711
1.13245
1.12241
1.1088
1.09392
1.08024
1.06992
1.06437
1.0639
1.06762
1.07378
1.08037
1.08559
1.08823
1.08778
1.08404
1.07673
1.06563
1.05119
1.03525
1.02102
1.01217
1.01137
1.0193
1.03476
1.05545
1.07862
1.10158
1.12226
1.13966
1.15387
1.1656
1.17565
1.18429
1.19107
1.19493
1.19465
1.18933
1.17861
1.1629
1.14321
1.12089
1.09743
1.07431
1.05301
1.03496
1.02139
1.01297
1.00948
1.00986
1.01272
1.01692
1.02191
1.02782
1.0352
1.04443
1.05504
1.06552
1.07369
1.07758
1.07606
1.06912
1.05783
1.04408
1.03014
1.01771
1.00733
0.998463
0.990315
0.982649
0.976213
0.972667
0.974068
0.981764
0.995512
1.01348
1.03307
1.05187
1.06791
1.07973
1.08622
1.08691
1.08233
1.07408
1.06442
1.05563
1.04927
1.04565
1.04389
1.04244
1.03981
1.0351
1.02814
1.01915
1.00847
0.996401
0.983497
0.971066
0.961418
0.957324
0.960651
0.970996
0.985674
1.00128
1.01533
1.02699
1.03675
1.04572
1.05472
1.06387
1.07259
1.07995
1.0852
1.08801
1.08852
1.08723
1.08469
1.08138
1.07753
1.07302
1.06748
1.06062
1.05255
1.04409
1.03667
1.03199
1.03139
1.03541
1.04341
1.05371
1.06392
1.07139
1.07362
1.06879
1.05619
1.03677
1.01341
0.990317
0.971458
0.958889
0.952367
0.950369
0.951499
0.955149
0.961453
0.970812
0.983404
0.998834
1.01612
1.03399
1.05116
1.06658
1.07924
1.08796
1.09124
1.08784
1.07759
1.06188
1.04377
1.02735
1.01659
1.01408
1.02046
1.03462
1.05426
1.07637
1.09776
1.11542
1.12705
1.1315
1.1289
1.12049
1.10828
1.09476
1.0827
1.07465
1.07214
1.07492
1.08099
1.08761
1.09266
1.09554
1.09721
1.0993
1.10258
1.10615
1.10772
1.10487
1.09627
1.08211
1.06413
1.04522
1.02876
1.01779
1.01418
1.01808
1.02806
1.04168
1.05625
1.06924
1.07862
1.08299
1.08183
1.07568
1.06604
1.05527
1.04605
1.04078
1.04097
1.04688
1.05767
1.07171
1.08705
1.10175
1.11403
1.12248
1.12599
1.12395
1.1163
1.10358
1.08676
1.06703
1.0457
1.02426
1.00452
0.98836
0.977391
0.972201
0.972019
0.975013
0.979131
0.982968
0.98617
0.989355
0.993658
0.999946
1.00791
1.01592
1.0221
1.02603
1.02933
1.03484
1.04475
1.05904
1.07538
1.0903
1.10044
1.10342
1.09819
1.08516
1.06633
1.04527
1.02669
1.0152
1.01371
1.02242
1.03906
1.06002
1.0817
1.1014
1.11758
1.12989
1.13887
1.14542
1.15025
1.15344
1.1544
1.15222
1.14597
1.13488
1.11842
1.0964
1.06929
1.03859
1.00697
0.977953
0.954994
0.940264
0.933802
0.933773
0.937588
0.943034
0.948856
0.954867
0.96168
0.970397
0.982223
0.998037
1.01788
1.04066
1.06437
1.08665
1.10553
1.11962
1.12821
1.13111
1.12847
1.1207
1.1085
1.09311
1.07638
1.06036
1.04656
1.03527
1.0257
1.01677
1.00785
0.999261
0.992097
0.987526
0.986159
0.987733
0.991313
0.995743
0.999878
1.00271
1.00357
1.00268
1.00162
1.00308
1.00958
1.02174
1.03761
1.054
1.06834
1.07964
1.08817
1.09467
1.09987
1.10413
1.10761
1.11032
1.11227
1.11361
1.11466
1.1158
1.11715
1.11849
1.1193
1.11906
1.11742
1.11442
1.11053
1.10673
1.10415
1.10361
1.10517
1.10819
1.11175
1.11495
1.11702
1.11733
1.11525
1.11032
1.10242
1.09206
1.08025
1.06819
1.05659
1.04528
1.03355
1.02123
1.00993
1.00309
1.0039
1.01253
1.02599
1.04062
1.05433
1.06651
1.07701
1.08535
1.09077
1.09263
1.09061
1.08481
1.07565
1.06365
1.04943
1.03369
1.01739
1.0019
0.989117
0.981103
0.979134
0.982903
0.990584
0.999804
1.00855
1.01532
1.01879
1.01781
1.01184
1.00166
0.98955
0.978703
0.97232
0.973009
0.982375
1.00063
1.02632
1.05656
1.08794
1.11732
1.14241
1.16196
1.17544
1.18245
1.18226
1.17391
1.15688
1.13182
1.10085
1.06745
1.0357
1.00919
0.989852
0.977678
0.971254
0.968733
0.968723
0.970796
0.97543
0.983244
0.99405
1.00666
1.01947
1.03151
1.04295
1.05483
1.06832
1.0836
1.09926
1.11269
1.12136
1.12387
1.12045
1.11288
1.10407
1.09727
1.09472
1.09655
1.10052
1.103
1.10071
1.09227
1.07901
1.06447
1.05266
1.04617
1.04562
1.05045
1.05964
1.07192
1.0856
1.0987
1.10917
1.11527
1.11595
1.11111
1.10172
1.08947
1.07626
1.06362
1.05239
1.0427
1.03418
1.02617
1.01787
1.00872
0.998469
0.987388
0.976089
0.96541
0.956245
0.949345
0.945131
0.943658
0.944584
0.947248
0.950773
0.954548
0.958714
0.964234
0.972312
0.983635
0.998007
1.01448
1.03177
1.04861
1.06385
1.07644
1.08545
1.09017
1.09028
1.08593
1.07781
1.06704
1.05503
1.04324
1.03289
1.02461
1.01825
1.01307
1.00804
1.00237
0.995701
0.98816
1.88124
1.84535
1.79358
1.72798
1.65362
1.58059
1.52311
1.4929
1.4918
1.51294
1.54674
1.58346
1.61299
1.62663
1.62076
1.59945
1.57377
1.55717
1.55929
1.58243
1.6224
1.67155
1.72136
1.76423
1.79488
1.81077
1.81178
1.7993
1.7758
1.74465
1.70982
1.67519
1.64365
1.6173
1.59798
1.587
1.58416
1.5879
1.59675
1.61034
1.62836
1.64851
1.66604
1.67616
1.6766
1.66826
1.65451
1.64029
1.63127
1.63249
1.64624
1.67055
1.69951
1.72561
1.74275
1.74823
1.74318
1.73108
1.71525
1.69778
1.67988
1.66215
1.64467
1.62747
1.61059
1.59352
1.5753
1.55592
1.53726
1.52349
1.52041
1.53259
1.5592
1.59377
1.62894
1.66011
1.6854
1.70408
1.71575
1.72053
1.71934
1.71346
1.70378
1.69067
1.67482
1.6583
1.64475
1.63795
1.63995
1.6503
1.66671
1.68629
1.70594
1.72213
1.73145
1.73221
1.72548
1.7145
1.70247
1.69076
1.67888
1.66625
1.65357
1.64203
1.63194
1.6231
1.61734
1.61999
1.63726
1.6704
1.71262
1.75244
1.77981
1.78975
1.78312
1.76479
1.73958
1.70886
1.67184
1.62872
1.58167
1.53374
1.48841
1.4505
1.42654
1.42214
1.4378
1.46835
1.50664
1.54725
1.58703
1.62375
1.65491
1.67785
1.69076
1.69365
1.689
1.68134
1.67576
1.67516
1.67858
1.68192
1.68085
1.6733
1.6607
1.6473
1.63815
1.63672
1.64361
1.65661
1.67179
1.68496
1.69321
1.69585
1.69398
1.68941
1.68384
1.67914
1.67811
1.68423
1.69967
1.72318
1.75018
1.77501
1.79333
1.80299
1.80369
1.79616
1.78141
1.7602
1.73313
1.70142
1.66828
1.63916
1.61951
1.61109
1.61143
1.61696
1.62579
1.63848
1.6573
1.68447
1.71992
1.76064
1.80198
1.83963
1.87033
1.89172
1.90188
1.89906
1.88175
1.84929
1.80306
1.74708
1.68682
1.62704
1.57126
1.52361
1.49004
1.47643
1.48464
1.51058
1.5464
1.58347
1.61416
1.63361
1.64134
1.64042
1.63421
1.62414
1.61049
1.59396
1.57624
1.55958
1.54648
1.53931
1.54026
1.55123
1.57305
1.60423
1.6403
1.67459
1.70029
1.7129
1.71156
1.69877
1.67908
1.65749
1.63827
1.62418
1.61619
1.61389
1.61594
1.62013
1.62398
1.62604
1.62685
1.62794
1.63018
1.63302
1.63533
1.63651
1.63688
1.63724
1.63803
1.63915
1.63987
1.63859
1.63293
1.62109
1.60311
1.58061
1.5551
1.52785
1.50172
1.48203
1.47439
1.48108
1.49972
1.52492
1.55065
1.57228
1.58783
1.59768
1.60296
1.60399
1.60055
1.59364
1.587
1.5865
1.59701
1.61938
1.65008
1.68283
1.71075
1.72822
1.73197
1.72212
1.70276
1.68139
1.66616
1.66294
1.6743
1.69886
1.73097
1.7622
1.78469
1.79376
1.78839
1.77053
1.7443
1.7156
1.69099
1.67588
1.67262
1.6796
1.69183
1.70306
1.70826
1.70519
1.69454
1.67954
1.66472
1.65359
1.64627
1.64018
1.63338
1.62603
1.61884
1.61225
1.6072
1.60533
1.60809
1.61553
1.62599
1.63691
1.64608
1.65251
1.65693
1.66247
1.67404
1.69491
1.72372
1.75597
1.78633
1.80921
1.81948
1.81351
1.78986
1.7514
1.70953
1.68195
1.6759
1.6806
1.68364
1.68273
1.68261
1.68835
1.70127
1.71811
1.73313
1.74137
1.74151
1.73704
1.73403
1.73641
1.74297
1.74895
1.74924
1.74032
1.72069
1.69138
1.65692
1.62554
1.60619
1.6027
1.61087
1.62227
1.6303
1.63266
1.62978
1.62238
1.61041
1.59343
1.57181
1.54832
1.52846
1.51885
1.52422
1.54495
1.57701
1.6141
1.65035
1.68212
1.70849
1.72983
1.7458
1.75459
1.75391
1.74289
1.72339
1.69969
1.67599
1.65437
1.63584
1.62232
1.61539
1.61387
1.61498
1.61733
1.62174
1.62987
1.64249
1.65863
1.67581
1.69104
1.70223
1.70909
1.71338
1.71814
1.72605
1.7376
1.7502
1.75928
1.76073
1.75265
1.73573
1.71292
1.6886
1.6672
1.65145
1.64143
1.63509
1.62978
1.6237
1.61693
1.61137
1.60937
1.61142
1.61543
1.61928
1.62416
1.63356
1.64805
1.66201
1.66755
1.66196
1.64976
1.63776
1.62858
1.62007
1.61035
1.60075
1.59303
1.58576
1.57505
1.55834
1.53735
1.51759
1.50543
1.50412
1.51185
1.52315
1.53276
1.5382
1.54007
1.54106
1.54394
1.54887
1.55279
1.55292
1.55263
1.56032
1.57665
1.59026
1.59156
1.58282
1.57499
1.57868
1.59675
1.62355
1.65067
1.67201
1.68509
1.68955
1.68612
1.67624
1.66186
1.64466
1.62536
1.60426
1.58285
1.5652
1.55666
1.56057
1.57531
1.59518
1.61421
1.62889
1.63802
1.64156
1.64011
1.63486
1.62726
1.61856
1.61002
1.60299
1.59835
1.59588
1.59468
1.59408
1.59437
1.59736
1.60657
1.62529
1.65317
1.68588
1.71817
1.7462
1.76756
1.78082
1.78568
1.78311
1.77486
1.76248
1.7466
1.72701
1.70342
1.6764
1.64805
1.62175
1.60077
1.58646
1.57746
1.57066
1.56314
1.55371
1.54344
1.53507
1.5316
1.53478
1.54454
1.55935
1.57729
1.59682
1.61679
1.636
1.65285
1.66577
1.67378
1.67687
1.67556
1.67012
1.65991
1.64403
1.62317
1.60109
1.58372
1.57623
1.58037
1.59395
1.61212
1.62988
1.64357
1.65154
1.65417
1.65352
1.65201
1.65083
1.64914
1.64472
1.63532
1.62023
1.60139
1.58367
1.57303
1.57302
1.58252
1.59748
1.61481
1.63418
1.65633
1.67999
1.70148
1.71648
1.72203
1.71794
1.70837
1.70169
1.70572
1.72096
1.73995
1.75405
1.75945
1.75751
1.75191
1.74536
1.73798
1.72824
1.71509
1.69888
1.68036
1.65987
1.63792
1.61621
1.5977
1.58596
1.58413
1.59384
1.6146
1.64372
1.67675
1.70814
1.73213
1.74414
1.74242
1.72886
1.70861
1.68809
1.67233
1.66314
1.65983
1.66124
1.66681
1.67602
1.68739
1.69826
1.70557
1.70728
1.70315
1.69443
1.68251
1.66781
1.64939
1.62601
1.59734
1.56454
1.53
1.49622
1.46494
1.43859
1.42383
1.4305
1.46027
1.50134
1.54013
1.57074
1.59322
1.60891
1.61834
1.62141
1.61792
1.60845
1.59567
1.58522
1.58291
1.5894
1.59935
1.60643
1.60734
1.60176
1.59066
1.57528
1.55659
1.535
1.51069
1.48461
1.45949
1.43983
1.43079
1.43604
1.4562
1.48876
1.52951
1.57423
1.61964
1.66358
1.70421
1.73858
1.76223
1.77098
1.76349
1.74234
1.71312
1.68287
1.65779
1.64064
1.62884
1.61637
1.59857
1.5756
1.5523
1.53587
1.53265
1.54482
1.56881
1.59693
1.62035
1.63104
1.62359
1.5983
1.56351
1.53257
1.51505
1.51105
1.51503
1.52246
1.53177
1.5431
1.55731
1.57523
1.59635
1.61821
1.63777
1.65298
1.66317
1.66885
1.67136
1.67236
1.67251
1.67097
1.66617
1.6573
1.64486
1.63002
1.61441
1.60074
1.59315
1.59542
1.608
1.62695
1.646
1.65967
1.66485
1.66019
1.64524
1.62034
1.58698
1.54812
1.50828
1.47305
1.44769
1.43577
1.43915
1.45809
1.48983
1.52777
1.56439
1.59496
1.61842
1.63556
1.64714
1.65304
1.65308
1.64819
1.64086
1.63429
1.63063
1.63007
1.6323
1.63884
1.65207
1.67062
1.6885
1.70069
1.7075
1.71267
1.71795
1.72098
1.71879
1.71157
1.70192
1.69116
1.67769
1.65906
1.63485
1.60712
1.57944
1.5559
1.54059
1.53685
1.54595
1.56654
1.59509
1.62694
1.65744
1.68276
1.70024
1.70892
1.70994
1.70657
1.70281
1.70111
1.70101
1.69995
1.69508
1.68458
1.66791
1.64569
1.61949
1.59152
1.56468
1.54228
1.52655
1.51689
1.51067
1.50659
1.50707
1.51735
1.54155
1.57877
1.6223
1.66225
1.68905
1.69616
1.68177
1.6497
1.60949
1.57408
1.55415
1.55268
1.56521
1.58499
1.60727
1.62959
1.64999
1.66553
1.67298
1.67089
1.66189
1.65273
1.65006
1.6551
1.66358
1.67061
1.67371
1.67244
1.6669
1.65727
1.64421
1.62936
1.61518
1.60379
1.59583
1.59087
1.58877
1.59006
1.59447
1.59992
1.60342
1.60278
1.59729
1.58741
1.5742
1.55894
1.543
1.52778
1.51487
1.50618
1.50414
1.512
1.53223
1.56229
1.59294
1.61393
1.62055
1.61515
1.60468
1.59648
1.59436
1.59804
1.60569
1.6164
1.63049
1.64834
1.66946
1.6922
1.71365
1.72989
1.73709
1.73355
1.72111
1.70455
1.68868
1.67541
1.66413
1.65412
1.64525
1.63675
1.62641
1.61216
1.59415
1.5753
1.56003
1.55275
1.55676
1.57328
1.60007
1.6312
1.65896
1.67686
1.6816
1.67343
1.65514
1.63073
1.60428
1.57953
1.55947
1.5457
1.53781
1.5341
1.53303
1.53389
1.53648
1.54083
1.54748
1.55757
1.57174
1.58844
1.60357
1.612
1.61
1.59777
1.58067
1.56752
1.56504
1.57285
1.58515
1.5961
1.60276
1.6045
1.60168
1.59481
1.58451
1.57248
1.56269
1.56059
1.56951
1.58758
1.60868
1.62673
1.63945
1.64897
1.65924
1.67218
1.68552
1.69379
1.69145
1.67608
1.65084
1.62418
1.60521
1.59834
1.60279
1.61503
1.62939
1.63952
1.64182
1.63729
1.62894
1.61803
1.60424
1.58891
1.57651
1.57262
1.58044
1.59864
1.62189
1.6437
1.65981
1.67023
1.67833
1.68668
1.69359
1.6947
1.68672
1.66907
1.64351
1.61401
1.58756
1.57346
1.57791
1.59752
1.62126
1.64029
1.65434
1.66706
1.67678
1.67548
1.65657
1.62054
1.57433
1.52729
1.48719
1.45961
1.45034
1.46494
1.50222
1.55122
1.5986
1.63628
1.66223
1.67794
1.68651
1.69132
1.69534
1.70036
1.70613
1.71062
1.71151
1.70723
1.69732
1.68268
1.6654
1.64784
1.63147
1.6173
1.60779
1.60727
1.61777
1.91427
1.92299
1.92073
1.90765
1.88692
1.86323
1.84244
1.83058
1.83085
1.8405
1.85164
1.8564
1.85102
1.83663
1.81771
1.79978
1.78704
1.78095
1.78079
1.78504
1.792
1.80001
1.80798
1.81571
1.82332
1.83051
1.83577
1.83641
1.83015
1.8167
1.798
1.7771
1.75717
1.74105
1.73038
1.72462
1.72145
1.71849
1.71534
1.71459
1.71957
1.73011
1.74142
1.74829
1.74932
1.74733
1.74654
1.74941
1.75534
1.76204
1.76761
1.77057
1.76805
1.75601
1.73282
1.70245
1.67413
1.6584
1.66141
1.68072
1.7071
1.73064
1.74489
1.74728
1.73818
1.71979
1.69516
1.66819
1.64413
1.62909
1.62665
1.63424
1.64522
1.65423
1.65981
1.66326
1.66653
1.67004
1.67326
1.67703
1.68434
1.69788
1.71696
1.73739
1.75425
1.76367
1.76311
1.75213
1.73395
1.7157
1.70579
1.70935
1.72565
1.74965
1.77552
1.7991
1.8185
1.8337
1.84528
1.85277
1.85489
1.8515
1.84506
1.83976
1.83922
1.84469
1.85473
1.86611
1.87505
1.87875
1.87699
1.87257
1.86941
1.86978
1.87428
1.88377
1.89887
1.91701
1.93174
1.93611
1.92642
1.90386
1.87357
1.8426
1.81775
1.8041
1.80372
1.81476
1.83096
1.84299
1.84252
1.82679
1.80048
1.77343
1.75486
1.74797
1.7496
1.75474
1.76127
1.77091
1.78687
1.81059
1.83978
1.86873
1.89058
1.89991
1.89389
1.87292
1.84186
1.81029
1.78828
1.78146
1.79193
1.82071
1.86454
1.91288
1.95184
1.97162
1.97088
1.95628
1.93805
1.92365
1.91409
1.90628
1.89684
1.8838
1.86705
1.84901
1.83489
1.8307
1.84013
1.86223
1.8915
1.91971
1.93929
1.94666
1.94341
1.93498
1.92821
1.92865
1.93842
1.95572
1.97609
1.99431
2.0059
2.00782
1.99816
1.97565
1.94005
1.89379
1.84339
1.79808
1.76519
1.74616
1.7379
1.7365
1.73926
1.74433
1.75029
1.75575
1.75901
1.75881
1.75578
1.75299
1.75489
1.76463
1.78156
1.80119
1.81769
1.82645
1.82502
1.81305
1.79235
1.76737
1.7458
1.73726
1.749
1.78108
1.82592
1.87301
1.91404
1.94426
1.96137
1.96433
1.95361
1.93194
1.90392
1.87429
1.84677
1.82429
1.80933
1.80285
1.80309
1.80663
1.81074
1.81453
1.81779
1.8196
1.81824
1.8121
1.80076
1.78519
1.76753
1.75195
1.74584
1.75719
1.78725
1.82652
1.86029
1.87726
1.87315
1.85008
1.8153
1.77979
1.75495
1.74655
1.75051
1.75552
1.75031
1.72956
1.69579
1.65873
1.63217
1.62733
1.64598
1.68027
1.7204
1.76178
1.80408
1.84577
1.88173
1.9057
1.91341
1.90399
1.88014
1.84758
1.813
1.78071
1.7518
1.72743
1.71144
1.70883
1.7222
1.75013
1.78787
1.82939
1.86934
1.90388
1.93029
1.94618
1.94983
1.94145
1.9244
1.90446
1.88792
1.87903
1.87807
1.88122
1.88269
1.8777
1.86443
1.84438
1.82191
1.80288
1.7927
1.79419
1.80634
1.8246
1.84228
1.85297
1.85275
1.84156
1.82339
1.8053
1.79509
1.79811
1.81492
1.84141
1.87093
1.89645
1.91208
1.91389
1.90107
1.87656
1.84629
1.81536
1.78401
1.7497
1.71566
1.69412
1.69492
1.71496
1.7462
1.78464
1.82739
1.86852
1.90042
1.91728
1.91697
1.90093
1.87311
1.83882
1.80334
1.77073
1.74326
1.72253
1.71131
1.71397
1.73414
1.77067
1.81544
1.85664
1.88514
1.89852
1.90065
1.89762
1.893
1.88604
1.87369
1.85404
1.82855
1.80188
1.77929
1.76392
1.75626
1.75537
1.75979
1.76741
1.7761
1.78517
1.79614
1.81083
1.82848
1.84556
1.85941
1.8708
1.88208
1.8939
1.90475
1.91196
1.91252
1.90353
1.8831
1.85243
1.81742
1.78807
1.7732
1.77474
1.78875
1.81072
1.83711
1.86363
1.88543
1.89917
1.90384
1.90024
1.89044
1.87702
1.86191
1.84543
1.82668
1.80481
1.78048
1.75714
1.74054
1.73621
1.74685
1.77182
1.80806
1.8507
1.89367
1.93112
1.95891
1.9755
1.98163
1.97939
1.97129
1.95985
1.94725
1.93462
1.92148
1.90648
1.88928
1.8718
1.85685
1.84555
1.8364
1.82737
1.81774
1.80819
1.80032
1.79666
1.79916
1.80558
1.80963
1.80638
1.79657
1.78515
1.77569
1.76641
1.75278
1.73408
1.71609
1.70709
1.71253
1.73226
1.76074
1.79003
1.81399
1.83016
1.83875
1.84105
1.83937
1.83833
1.84439
1.86132
1.88633
1.9131
1.93565
1.94863
1.94914
1.93936
1.92607
1.91608
1.91175
1.91049
1.90769
1.89997
1.88631
1.86742
1.84445
1.81819
1.78903
1.75828
1.72968
1.70856
1.69853
1.69942
1.70876
1.72334
1.73919
1.75191
1.75803
1.7561
1.74726
1.73479
1.72278
1.71486
1.71349
1.71953
1.73196
1.74823
1.76544
1.78119
1.79384
1.80262
1.80816
1.81291
1.81979
1.82969
1.84047
1.84892
1.85355
1.85519
1.85533
1.85477
1.85416
1.85465
1.85705
1.86027
1.86156
1.85927
1.85436
1.84888
1.84378
1.83841
1.83116
1.82073
1.80692
1.79102
1.77577
1.76509
1.76317
1.77262
1.79267
1.81921
1.84706
1.87197
1.89113
1.90257
1.90503
1.89876
1.88639
1.87275
1.86368
1.86445
1.87741
1.8997
1.92404
1.94286
1.95168
1.94964
1.93846
1.92106
1.9005
1.87901
1.85775
1.83714
1.81728
1.79825
1.77994
1.76211
1.74505
1.73123
1.7259
1.73407
1.75597
1.78626
1.81759
1.84451
1.86494
1.87937
1.88893
1.89386
1.89346
1.88725
1.87642
1.8644
1.85581
1.85435
1.86142
1.87606
1.89557
1.91594
1.93237
1.94056
1.93845
1.92718
1.91087
1.89477
1.88287
1.87605
1.87207
1.86727
1.85919
1.8476
1.83344
1.81745
1.80105
1.78795
1.7833
1.78955
1.80296
1.81512
1.81831
1.80891
1.78754
1.75761
1.72434
1.69392
1.67276
1.66639
1.67799
1.70642
1.74523
1.78511
1.8182
1.84088
1.85356
1.85841
1.85684
1.84867
1.83333
1.81201
1.78867
1.7686
1.75483
1.74636
1.73994
1.73266
1.72301
1.71144
1.70058
1.69422
1.69633
1.7119
1.74401
1.78667
1.82675
1.85438
1.86779
1.87069
1.86767
1.86109
1.85072
1.83531
1.81444
1.78981
1.76562
1.74623
1.73165
1.71671
1.69567
1.66679
1.63373
1.60442
1.58837
1.59216
1.6154
1.65096
1.68855
1.71895
1.73648
1.73956
1.73031
1.71369
1.69635
1.68502
1.68426
1.69396
1.70984
1.72807
1.74881
1.77406
1.803
1.83088
1.85242
1.865
1.86884
1.86515
1.85485
1.83871
1.81828
1.79635
1.77677
1.7636
1.76002
1.76665
1.781
1.79906
1.81718
1.8332
1.84673
1.8588
1.87057
1.88216
1.89261
1.90054
1.90495
1.90536
1.9015
1.89281
1.87835
1.85822
1.83551
1.81628
1.80602
1.80554
1.81047
1.81422
1.81124
1.79906
1.78001
1.76225
1.75762
1.77523
1.81495
1.86702
1.91792
1.95688
1.97849
1.98178
1.9687
1.94321
1.91091
1.87821
1.85107
1.83427
1.83006
1.83516
1.84157
1.84307
1.83897
1.832
1.82427
1.81515
1.80219
1.78369
1.76062
1.73722
1.71954
1.71288
1.71907
1.73511
1.75456
1.77068
1.77939
1.78057
1.77762
1.77607
1.78148
1.79688
1.82101
1.84894
1.875
1.89537
1.90856
1.91414
1.91109
1.89741
1.87153
1.83502
1.79442
1.75955
1.73696
1.72502
1.71708
1.70835
1.69949
1.69506
1.6988
1.71062
1.72787
1.7479
1.76922
1.79132
1.81419
1.83788
1.86121
1.88145
1.89574
1.90274
1.90304
1.89835
1.89029
1.88004
1.86936
1.86221
1.86423
1.87892
1.90377
1.93139
1.95425
1.96859
1.97488
1.97601
1.97468
1.9717
1.96597
1.95535
1.93756
1.91094
1.87505
1.83175
1.78698
1.75057
1.73186
1.73435
1.7546
1.78461
1.81523
1.83903
1.85185
1.85328
1.84622
1.83611
1.8304
1.83575
1.85304
1.87585
1.89498
1.90376
1.89986
1.88489
1.86346
1.84159
1.82476
1.81613
1.81585
1.82141
1.82889
1.83441
1.83494
1.82867
1.81528
1.79611
1.77417
1.75399
1.74086
1.73905
1.74963
1.76974
1.79408
1.81741
1.8371
1.85427
1.87267
1.89629
1.92733
1.96526
2.0066
2.04547
2.07528
2.09057
2.08817
2.06757
2.03125
1.98522
1.93842
1.89943
1.87189
1.85338
1.83898
1.82531
1.81082
1.79438
1.77566
1.7571
1.74436
1.74387
1.75864
1.78578
1.81765
1.84531
1.86201
1.86541
1.85785
1.84512
1.83422
1.83049
1.83494
1.84317
1.84765
1.84187
1.82292
1.79179
1.75268
1.71215
1.67739
1.65406
1.64543
1.65231
1.672
1.69974
1.73131
1.76313
1.79155
1.81338
1.82734
1.83462
1.83829
1.84183
1.84745
1.85554
1.86543
1.87637
1.88738
1.89683
1.90196
1.89931
1.88617
1.86286
1.83405
1.80793
1.79279
1.79189
1.8014
1.8139
1.82289
1.82438
1.81642
1.79885
1.77411
1.74806
1.72879
1.72317
1.73331
1.75552
1.7822
1.80543
1.81986
1.8236
1.81799
1.80687
1.79448
1.78272
1.77109
1.75932
1.74867
1.73975
1.7307
1.71982
1.7099
1.70472
1.70081
1.69329
1.68717
1.69158
1.70853
1.7329
1.75909
1.78468
1.80921
1.83106
1.84628
1.85024
1.84032
1.81797
1.78951
1.76454
1.75158
1.75294
1.76367
1.77609
1.78507
1.78993
1.79299
1.79697
1.80277
1.80852
1.81055
1.80536
1.79116
1.76904
1.74318
1.71947
1.70307
1.69735
1.7045
1.72499
1.75583
1.79084
1.82357
1.85044
1.87101
1.88594
1.89515
1.89815
1.89585
1.89158
1.8891
1.88908
1.88844
1.8833
1.8719
1.85493
1.83441
1.81203
1.7887
1.7658
1.74686
1.73719
1.74065
1.75676
1.78055
1.80539
1.82607
1.84069
1.85028
1.85702
1.90288
1.90341
1.9001
1.89277
1.88515
1.8852
1.89874
1.92187
1.94379
1.95592
1.95565
1.94467
1.92665
1.9057
1.88522
1.8674
1.85392
1.84662
1.84608
1.84966
1.85386
1.85888
1.86907
1.88835
1.91616
1.9483
1.97987
2.00655
2.02511
2.03441
2.03543
2.03003
2.01959
2.00561
1.99008
1.97321
1.9518
1.92238
1.88515
1.84386
1.80302
1.76571
1.733
1.70526
1.68413
1.67319
1.67589
1.69203
1.71713
1.74547
1.77196
1.79166
1.80107
1.80131
1.79891
1.80156
1.81241
1.8274
1.83765
1.83466
1.81501
1.78202
1.74394
1.70884
1.68004
1.65597
1.63412
1.61439
1.59862
1.58835
1.58375
1.58451
1.59025
1.59974
1.61095
1.62275
1.63678
1.65681
1.68477
1.71736
1.74802
1.77108
1.78437
1.78915
1.78916
1.7892
1.79311
1.80166
1.8118
1.81903
1.82226
1.82557
1.83318
1.8438
1.85272
1.85699
1.85643
1.85246
1.84765
1.84559
1.8493
1.85916
1.87207
1.88261
1.88549
1.87787
1.86081
1.83935
1.82044
1.80937
1.80679
1.81001
1.81714
1.82811
1.84142
1.85215
1.85389
1.84213
1.81733
1.78636
1.75994
1.74665
1.74885
1.76365
1.78583
1.81044
1.8342
1.85516
1.87214
1.88525
1.89668
1.90912
1.92199
1.9304
1.92852
1.91402
1.8905
1.86733
1.85598
1.86331
1.8873
1.91976
1.95189
1.97665
1.98919
1.98754
1.97324
1.95122
1.92958
1.91629
1.91167
1.90776
1.89809
1.88464
1.87597
1.87996
1.89711
1.92161
1.94771
1.97333
1.99908
2.02498
2.04823
2.06441
2.07041
2.06582
2.05222
2.03189
2.00762
1.9832
1.96335
1.95143
1.94641
1.94247
1.93245
1.91202
1.88113
1.8433
1.80491
1.77486
1.76223
1.77068
1.79438
1.82212
1.84621
1.86698
1.88882
1.91294
1.93536
1.95033
1.95415
1.94645
1.92981
1.90829
1.8863
1.86869
1.86005
1.86111
1.86633
1.86806
1.8629
1.85274
1.84115
1.83113
1.82565
1.82708
1.83484
1.84516
1.85345
1.85704
1.85597
1.85209
1.84804
1.84649
1.84967
1.8591
1.8752
1.89692
1.92159
1.94534
1.96404
1.97463
1.97595
1.96881
1.95529
1.93793
1.91955
1.90315
1.8916
1.88656
1.88767
1.89268
1.89842
1.90187
1.9011
1.89625
1.88955
1.88413
1.88215
1.88407
1.88861
1.8926
1.89236
1.88644
1.8759
1.86269
1.84847
1.83448
1.82163
1.81098
1.80445
1.80431
1.81173
1.82591
1.84459
1.86519
1.88536
1.9028
1.91516
1.92033
1.91738
1.90759
1.89493
1.88465
1.87936
1.87647
1.8711
1.86045
1.84501
1.82771
1.813
1.80475
1.80342
1.80545
1.80582
1.80145
1.79307
1.78473
1.78139
1.78576
1.79684
1.81083
1.82383
1.83422
1.84215
1.84622
1.84289
1.8301
1.80972
1.78635
1.76505
1.75004
1.74424
1.74871
1.76241
1.78352
1.81155
1.84552
1.87955
1.90414
1.91349
1.91
1.90251
1.90077
1.90947
1.92599
1.94301
1.953
1.95096
1.93483
1.90556
1.86797
1.83049
1.80142
1.78525
1.78366
1.79626
1.81863
1.84312
1.86294
1.87518
1.88117
1.8841
1.88503
1.88165
1.87116
1.85305
1.82922
1.80273
1.77745
1.758
1.74904
1.75395
1.77361
1.80577
1.84569
1.88791
1.92792
1.96256
1.98923
2.00569
2.01128
2.00825
2.00161
1.99719
1.9989
2.00695
2.01738
2.02371
2.02018
2.00375
1.97419
1.93396
1.88822
1.8427
1.80022
1.76004
1.72125
1.68541
1.6555
1.63433
1.62457
1.62811
1.64219
1.65849
1.67003
1.67794
1.69167
1.72139
1.76795
1.82159
1.87067
1.90888
1.93532
1.95175
1.96031
1.96282
1.9607
1.95532
1.94807
1.93975
1.93019
1.91848
1.90403
1.88767
1.87249
1.8634
1.86421
1.87425
1.88855
1.9018
1.91145
1.91784
1.92318
1.93023
1.94063
1.95395
1.96819
1.9807
1.98867
1.98976
1.98254
1.96669
1.94275
1.91144
1.87317
1.82833
1.77886
1.73054
1.69196
1.66867
1.66006
1.6633
1.67756
1.70401
1.74325
1.79273
1.84634
1.89646
1.93655
1.963
1.97524
1.9748
1.9642
1.94676
1.92696
1.90935
1.89512
1.88011
1.85775
1.82426
1.78194
1.73918
1.70669
1.69156
1.69369
1.7073
1.72533
1.7431
1.75901
1.77252
1.78187
1.78421
1.77844
1.76746
1.75773
1.7563
1.76723
1.78961
1.81762
1.84267
1.85677
1.85578
1.84193
1.8247
1.81708
1.82653
1.84894
1.87426
1.89639
1.91431
1.92711
1.93279
1.93143
1.92713
1.9259
1.93143
1.94309
1.95695
1.96779
1.971
1.9646
1.95124
1.93778
1.92984
1.92538
1.91614
1.89657
1.86981
1.84534
1.83145
1.83019
1.83899
1.85404
1.87134
1.88652
1.89537
1.89527
1.88632
1.87092
1.85208
1.83236
1.81392
1.79813
1.78513
1.77464
1.76728
1.76495
1.76971
1.78258
1.80303
1.82894
1.85642
1.88033
1.89575
1.89987
1.89267
1.87603
1.85219
1.82315
1.79167
1.76266
1.74266
1.73735
1.74922
1.77652
1.81361
1.85227
1.88439
1.90442
1.91067
1.90519
1.89264
1.87865
1.86731
1.85923
1.85189
1.84359
1.837
1.83751
1.8479
1.86553
1.88478
1.90089
1.91208
1.91906
1.92295
1.92353
1.91889
1.90634
1.88364
1.85075
1.81215
1.77769
1.75792
1.75636
1.76815
1.78623
1.80587
1.82398
1.83689
1.84015
1.83025
1.80648
1.77125
1.72998
1.6911
1.66468
1.65725
1.66718
1.68736
1.71125
1.73484
1.75573
1.77243
1.78434
1.79245
1.79949
1.80858
1.82162
1.83913
1.86125
1.88781
1.91677
1.94328
1.96101
1.9652
1.95493
1.93394
1.90932
1.88815
1.87448
1.86881
1.86965
1.87519
1.88392
1.89502
1.91017
1.93424
1.96974
2.01171
2.05158
2.08373
2.10607
2.11765
2.11775
2.10662
2.08629
2.06044
2.03352
2.00921
1.98896
1.97166
1.95516
1.93827
1.9218
1.90828
1.90061
1.89999
1.90451
1.9093
1.90885
1.89925
1.87953
1.8516
1.81977
1.7898
1.76716
1.75517
1.75393
1.76144
1.77582
1.79644
1.82303
1.85376
1.88473
1.91134
1.93031
1.94117
1.94656
1.95096
1.95735
1.96399
1.96536
1.95596
1.93295
1.89658
1.84974
1.79725
1.74541
1.70138
1.67213
1.66233
1.6724
1.69865
1.73554
1.77688
1.81568
1.84509
1.86071
1.86162
1.84929
1.8258
1.79276
1.75226
1.70939
1.67325
1.65349
1.65428
1.67171
1.69704
1.72206
1.74268
1.75908
1.77368
1.78838
1.80226
1.8121
1.8161
1.81582
1.81521
1.81965
1.83455
1.8613
1.89398
1.92136
1.93249
1.92326
1.90276
1.8886
1.88881
1.89843
1.91105
1.92293
1.93215
1.93853
1.9429
1.94571
1.94623
1.94246
1.9318
1.91308
1.88896
1.86627
1.85195
1.84795
1.85149
1.85881
1.86709
1.87403
1.87747
1.87592
1.86982
1.86207
1.85741
1.86081
1.87546
1.90112
1.93368
1.96637
1.99222
2.00609
2.00565
1.99217
1.97079
1.94977
1.9375
1.93786
1.94798
1.9607
1.96931
1.97132
1.96875
1.96491
1.96106
1.95564
1.94478
1.92575
1.90015
1.87216
1.84497
1.8198
1.79744
1.78056
1.77389
1.7813
1.80213
1.83024
1.85698
1.87569
1.88414
1.88405
1.87888
1.87155
1.8629
1.85237
1.84031
1.82902
1.82124
1.81806
1.8189
1.8229
1.83035
1.843
1.86314
1.89156
1.92601
1.96144
1.99158
2.01009
2.01148
1.99304
1.95736
1.9131
1.87189
1.84343
1.83233
1.83635
1.84698
1.85301
1.84559
1.82186
1.78653
1.75004
1.72367
1.71442
1.72354
1.74772
1.78072
1.81563
1.84801
1.87747
1.90632
1.93653
1.96684
1.99221
2.00616
2.00384
1.98435
1.95141
1.91236
1.8743
1.83946
1.80425
1.76397
1.71984
1.68145
1.66027
1.65897
1.66983
1.68359
1.69578
1.70673
1.7198
1.7388
1.76381
1.7888
1.80543
1.80995
1.8058
1.80138
1.80459
1.81862
1.8417
1.86961
1.89796
1.92333
1.94379
1.95854
1.96718
1.96894
1.96285
1.94871
1.92807
1.90443
1.88246
1.86669
1.86005
1.86284
1.87239
1.88433
1.89459
1.90047
1.90103
1.89709
1.89098
1.88588
1.88455
1.88766
1.89228
1.89312
1.88618
1.8723
1.85828
1.85366
1.86428
1.88848
1.91928
1.94841
1.96843
1.97369
1.96136
1.93296
1.8947
1.85513
1.82058
1.79221
1.76775
1.74564
1.72745
1.71646
1.71343
1.71417
1.71275
1.70852
1.70962
1.72664
1.76166
1.80709
1.85298
1.89194
1.92015
1.93664
1.94235
1.93915
1.92904
1.91387
1.89588
1.87866
1.86655
1.86204
1.86409
1.87016
1.88007
1.89651
1.92167
1.95392
1.98867
2.0212
2.04839
2.06833
2.07907
2.0778
2.06205
2.03202
1.99166
1.94742
1.90563
1.87001
1.84091
1.81617
1.7929
1.76971
1.74852
1.73402
1.73022
1.73682
1.74886
1.75987
1.76503
1.76255
1.75392
1.74388
1.73896
1.74351
1.75531
1.76669
1.77051
1.7646
1.75186
1.73819
1.72995
1.73164
1.74433
1.76579
1.79225
1.82053
1.8485
1.87462
1.89762
1.91647
1.93029
1.93802
1.93842
1.9306
1.91511
1.89424
1.87142
1.84973
1.83038
1.81295
1.79725
1.78482
1.77827
1.77962
1.78924
1.80559
1.82554
1.8453
1.86188
1.8739
1.88124
1.88399
1.88215
1.87678
1.87064
1.86762
1.87117
1.88134
1.89303
1.89873
1.89303
1.87519
1.84963
1.82479
1.80985
1.80929
1.8196
1.83343
1.84661
1.86046
1.87832
1.90075
1.92368
1.94036
1.94491
1.93522
1.91413
1.88839
1.86567
1.85041
1.8412
1.83249
1.81844
1.79541
1.76264
1.72369
1.68842
1.67069
1.679
1.70898
1.74798
1.78485
1.81453
1.83675
1.85294
1.86383
1.86874
1.86665
1.8576
1.88347
1.86177
1.83728
1.81136
1.78581
1.76397
1.75035
1.74855
1.75924
1.77999
1.80667
1.83498
1.86112
1.88234
1.89807
1.90986
1.91969
1.92837
1.9353
1.93925
1.93904
1.93418
1.92539
1.91419
1.90167
1.88754
1.87041
1.84915
1.82458
1.79968
1.7782
1.7627
1.75369
1.75023
1.75117
1.75576
1.76325
1.77236
1.7819
1.7926
1.80758
1.82937
1.85604
1.88087
1.89562
1.89458
1.87767
1.85157
1.82694
1.81238
1.80984
1.81596
1.82656
1.83923
1.85288
1.86603
1.87631
1.88141
1.88018
1.87274
1.85995
1.84328
1.82512
1.80901
1.79872
1.7959
1.79835
1.80133
1.80183
1.80118
1.80277
1.80835
1.81746
1.82906
1.8414
1.8507
1.85171
1.84097
1.82082
1.79986
1.78759
1.78902
1.80493
1.83343
1.86974
1.9062
1.93495
1.95155
1.95661
1.95488
1.95251
1.95293
1.95454
1.95315
1.94604
1.93435
1.92312
1.91851
1.92312
1.93331
1.94167
1.94191
1.93209
1.91532
1.89783
1.88555
1.88188
1.88734
1.90024
1.9176
1.93585
1.95108
1.95963
1.95939
1.95094
1.93801
1.92594
1.91884
1.91808
1.92308
1.93149
1.93739
1.93391
1.92329
1.92053
1.93473
1.95461
1.96478
1.95945
1.93928
1.90607
1.86159
1.80882
1.75316
1.70195
1.66204
1.63735
1.62895
1.637
1.66153
1.70088
1.75036
1.80301
1.85137
1.88893
1.91199
1.9206
1.9179
1.90784
1.89312
1.87522
1.85717
1.84576
1.84886
1.86842
1.89754
1.92512
1.94252
1.94645
1.93843
1.92281
1.90459
1.88774
1.87456
1.86588
1.86145
1.86023
1.86089
1.8623
1.86397
1.86612
1.86914
1.87273
1.87601
1.87883
1.88263
1.88904
1.89805
1.90826
1.91841
1.92788
1.93457
1.93438
1.92437
1.9054
1.88175
1.8595
1.84498
1.843
1.85488
1.87805
1.90788
1.93902
1.96568
1.98243
1.98577
1.97558
1.95513
1.9297
1.90391
1.87912
1.85376
1.82707
1.80362
1.794
1.80835
1.84643
1.89563
1.94025
1.97012
1.9819
1.97645
1.95634
1.9247
1.88513
1.84295
1.80671
1.78527
1.78172
1.79426
1.82246
1.86449
1.9116
1.95213
1.97872
1.99079
1.99239
1.98809
1.98011
1.96793
1.94987
1.92447
1.89152
1.85385
1.81885
1.79423
1.78143
1.77634
1.7747
1.77422
1.77484
1.77913
1.7911
1.81275
1.84133
1.87076
1.89575
1.91365
1.92271
1.9201
1.90268
1.87051
1.82948
1.78951
1.75822
1.73789
1.7284
1.73029
1.74412
1.76885
1.80125
1.83646
1.86901
1.89467
1.91173
1.92078
1.92346
1.92161
1.91655
1.90844
1.89734
1.88526
1.87549
1.8694
1.86728
1.87149
1.883
1.89712
1.90714
1.90883
1.90089
1.88469
1.86433
1.8456
1.83351
1.83027
1.83497
1.8447
1.85617
1.86681
1.87498
1.87957
1.87969
1.87453
1.86335
1.84596
1.82432
1.80385
1.79213
1.79429
1.80839
1.82596
1.83718
1.83549
1.81914
1.79157
1.76132
1.73967
1.7359
1.75248
1.78361
1.81913
1.85179
1.88103
1.90885
1.93241
1.94335
1.93598
1.91553
1.89514
1.88243
1.87479
1.86838
1.86401
1.86448
1.87073
1.88098
1.89238
1.90264
1.91066
1.91616
1.91893
1.91859
1.915
1.90884
1.90159
1.89446
1.88692
1.87657
1.86167
1.84451
1.83189
1.82981
1.83931
1.8589
1.88633
1.91668
1.94225
1.95568
1.95335
1.93696
1.91278
1.88878
1.87111
1.86209
1.86042
1.86249
1.86389
1.86175
1.85775
1.85962
1.87604
1.90727
1.94424
1.97723
2.00074
2.01247
2.01231
2.00284
1.98938
1.97749
1.97023
1.96795
1.96964
1.97399
1.98021
1.98792
1.9964
2.00391
2.00724
2.0021
1.98464
1.95395
1.91398
1.87404
1.84598
1.83786
1.84853
1.86872
1.88768
1.89912
1.90248
1.90039
1.8951
1.88729
1.87699
1.86396
1.84813
1.83135
1.81794
1.81281
1.81963
1.84005
1.87281
1.9137
1.95689
1.99627
2.02696
2.04616
2.05234
2.04374
2.01799
1.9737
1.91315
1.8435
1.77502
1.71792
1.67994
1.66529
1.67437
1.70424
1.74922
1.80191
1.85453
1.89955
1.9305
1.94372
1.94058
1.92718
1.9111
1.89844
1.8936
1.89901
1.91326
1.93139
1.9481
1.95986
1.96507
1.96409
1.95924
1.9539
1.95049
1.94887
1.94714
1.94388
1.93926
1.93402
1.92828
1.92157
1.91295
1.90083
1.88347
1.86102
1.83754
1.8207
1.81715
1.82761
1.84866
1.87615
1.90382
1.92414
1.93343
1.9337
1.92947
1.9239
1.91682
1.90532
1.88616
1.85815
1.82464
1.79401
1.77553
1.77161
1.77624
1.78183
1.78477
1.78539
1.78583
1.78827
1.79362
1.80016
1.80346
1.79861
1.78327
1.75979
1.7352
1.71888
1.71856
1.73633
1.76656
1.79839
1.82239
1.83737
1.85112
1.87118
1.89571
1.917
1.92954
1.93183
1.925
1.91181
1.89582
1.8803
1.86734
1.85775
1.85121
1.84661
1.84276
1.8392
1.83625
1.83435
1.83303
1.8307
1.82566
1.81778
1.81032
1.81027
1.82528
1.85743
1.90033
1.94453
1.98459
2.01914
2.04673
2.06403
2.06795
2.05832
2.03858
2.01441
1.99149
1.97352
1.96069
1.94988
1.93693
1.91939
1.89766
1.87428
1.85304
1.83879
1.83594
1.84552
1.86497
1.89055
1.91862
1.94532
1.96652
1.9783
1.97757
1.96337
1.93854
1.91009
1.88573
1.86888
1.85907
1.85628
1.86215
1.8777
1.90082
1.92589
1.94596
1.95591
1.95411
1.94214
1.923
1.89981
1.87542
1.85331
1.83811
1.83403
1.84162
1.85676
1.8725
1.88241
1.88327
1.87634
1.86676
1.8598
1.85606
1.85148
1.84274
1.83102
1.82085
1.81644
1.81839
1.82268
1.82228
1.81089
1.78707
1.75752
1.73716
1.74168
1.7747
1.82544
1.87968
1.92815
1.96697
1.99502
2.01213
2.01817
2.01322
1.99814
1.9755
1.94987
1.92634
1.90748
1.89181
1.87612
1.86017
1.84931
1.85175
1.87119
1.90177
1.93167
1.95158
1.96079
1.96714
1.97862
1.9938
2.00509
2.00869
2.00655
2.00219
1.99752
1.9924
1.9858
1.97708
1.96571
1.95131
1.93564
1.92422
1.92308
1.93272
1.94745
1.96058
1.96772
1.96735
1.96012
1.94808
1.93339
1.91711
1.89923
1.87973
1.85985
1.84195
1.82747
1.81479
1.79977
1.77898
1.75293
1.72694
1.70908
1.70649
1.7218
1.75154
1.78812
1.82369
1.85308
1.87454
1.88921
1.89972
1.90783
1.9125
1.90981
1.89564
1.86944
1.83639
1.80592
1.78651
1.78143
1.78924
1.80735
1.83379
1.86555
1.89633
1.91734
1.92188
1.91035
1.89118
1.87574
1.87112
1.87726
1.88977
1.90425
1.91847
1.93145
1.94206
1.94861
1.94878
1.94099
1.92784
1.91536
1.90547
1.89509
1.88396
1.87687
1.87777
1.88477
1.89196
1.89431
1.88954
1.87822
1.86439
1.85363
1.84672
1.83791
1.82175
1.79828
1.77168
1.74667
1.72631
1.71186
1.70455
1.7074
1.72433
1.75639
1.79969
1.84726
1.89233
1.93005
1.95793
1.97635
1.98845
1.99836
2.00863
2.01854
2.0239
2.01889
1.99906
1.96451
1.92163
1.88112
1.85247
1.83943
1.84019
1.85049
1.86586
1.88174
1.89329
1.89609
1.88821
1.87274
1.85771
1.84938
1.8461
1.8423
1.83678
1.83497
1.84393
1.86589
1.8968
1.92979
1.95816
1.97675
1.98296
1.97731
1.96289
1.94375
1.92362
1.90495
1.88818
1.87235
1.85709
1.84318
1.83089
1.81898
1.80557
1.78955
1.77128
1.75293
1.73832
1.73193
1.73679
1.75254
1.77571
1.80208
1.82899
1.85534
1.88034
1.9031
1.92363
1.94334
1.96317
1.98133
1.99402
1.99857
1.99528
1.98667
1.97542
1.96319
1.95056
1.93706
1.92065
1.8984
1.87047
1.84472
1.83156
1.82989
1.82695
1.81306
1.78842
1.75984
1.7357
1.72218
1.72181
1.73418
1.75696
1.78636
1.81782
1.84699
1.87059
1.88737
1.89897
1.90966
1.92442
1.9462
1.97413
2.00373
2.02881
2.04403
2.0466
2.03656
2.01643
1.99081
1.96561
1.94586
1.93313
1.92524
1.91915
1.91347
1.90793
1.90243
1.89732
1.89271
1.88709
1.87848
1.86725
1.85672
1.85063
1.85094
1.85827
1.87273
1.89365
1.91902
1.94578
1.97024
1.98775
1.99278
1.98068
1.94999
1.90434
1.85277
1.80747
1.77912
1.77291
1.78801
1.81869
1.85549
1.88774
1.90811
1.91596
1.91613
1.91422
1.91316
1.91353
1.9153
1.9189
1.92505
1.93423
1.94634
1.9605
1.97473
1.98616
1.99207
1.99136
1.98504
1.97564
1.96568
1.95633
1.94737
1.93828
1.92906
1.92023
1.91205
1.90349
1.89175
1.8748
1.85725
1.85141
1.86424
1.88857
1.9136
1.93443
1.95092
1.96278
1.967
1.96018
1.94244
1.91897
1.89821
1.88742
1.88837
1.8969
1.90662
1.91323
1.91612
1.91768
1.92141
1.92989
1.9431
1.9583
1.97181
1.9807
1.98327
1.97863
1.96627
1.94695
1.92387
1.90247
1.88741
1.87967
1.87736
1.879
1.88561
1.89942
1.92068
1.94568
1.96806
1.98221
1.98542
1.97795
1.96176
1.93971
1.91598
1.89631
1.88537
1.88284
1.88392
1.88388
1.88189
1.88067
1.88254
1.88595
1.88626
1.87915
1.86318
1.84014
1.81358
1.78747
1.76612
1.75498
1.75987
1.78385
1.82447
1.87445
1.92473
1.96745
1.99712
2.01087
2.00819
1.99045
1.96013
1.92007
1.87419
1.8293
1.7947
1.77688
1.77359
1.775
1.77109
1.75832
1.74174
1.73221
1.73977
1.7683
1.81355
1.86367
1.90418
1.92535
1.92517
1.90805
1.8824
1.85772
1.84164
1.83752
1.84352
1.85355
1.86029
1.85925
1.85091
1.83999
1.8326
1.83252
1.83865
1.84569
1.84783
1.84188
1.82778
1.80731
1.78292
1.7575
1.87475
1.85321
1.84205
1.84513
1.86285
1.8909
1.92162
1.94773
1.96536
1.97362
1.97193
1.95891
1.93409
1.90043
1.86473
1.83447
1.81381
1.80242
1.79725
1.79496
1.79477
1.8005
1.81797
1.84808
1.88411
1.91659
1.93871
1.94762
1.9439
1.93102
1.91425
1.89855
1.88645
1.87777
1.87015
1.85905
1.83936
1.80934
1.77426
1.74673
1.74213
1.76826
1.81793
1.87605
1.93179
1.98179
2.02594
2.06367
2.09376
2.1154
2.12896
2.1364
2.14116
2.14653
2.15295
2.15678
2.15239
2.13623
2.11
2.08017
2.05428
2.03676
2.02725
2.02198
2.01684
2.00923
1.99801
1.9828
1.9652
1.95133
1.94914
1.95982
1.97433
1.98054
1.9732
1.95574
1.9344
1.91336
1.89502
1.88226
1.8786
1.88689
1.90835
1.94238
1.98644
2.0362
2.08646
2.1322
2.16942
2.19588
2.2109
2.2146
2.20748
2.19047
2.165
2.13304
2.09716
2.06062
2.02712
1.99996
1.98085
1.96945
1.96412
1.96235
1.96118
1.95921
1.95866
1.96398
1.978
1.99921
2.02232
2.04178
2.05517
2.06295
2.0652
2.0604
2.04697
2.02398
1.99203
1.95722
1.93513
1.93966
1.96402
1.99063
2.01264
2.03341
2.05621
2.07876
2.09384
2.09298
2.07122
2.03154
1.98595
1.94929
1.93043
1.9301
1.94383
1.96438
1.98377
1.99654
2.00312
2.00752
2.01127
2.01328
2.01373
2.01249
2.0066
1.99283
1.97125
1.94554
1.92049
1.89924
1.88315
1.875
1.88033
1.90246
1.93738
1.97666
2.01402
2.04767
2.07698
2.09938
2.11128
2.11182
2.10514
2.09775
2.09273
2.08695
2.07533
2.05667
2.03372
2.00876
1.98134
1.95113
1.92182
1.90038
1.89199
1.89615
1.90707
1.91654
1.91838
1.91258
1.90577
1.90627
1.91778
1.93745
1.95833
1.97326
1.97721
1.96813
1.94776
1.92307
1.90391
1.89507
1.89257
1.88969
1.88282
1.8722
1.86077
1.85277
1.8521
1.8609
1.87914
1.90438
1.93155
1.95359
1.96413
1.96107
1.94754
1.92933
1.91032
1.89026
1.8671
1.84151
1.81842
1.80436
1.80382
1.81768
1.8436
1.87729
1.91367
1.94824
1.97791
2.0013
2.01791
2.02716
2.02847
2.02251
2.01205
2.00198
1.99852
2.00609
2.02247
2.03769
2.04231
2.03693
2.03063
2.03093
2.03763
2.04524
2.04768
2.04065
2.02228
1.9937
1.96038
1.93199
1.91769
1.91936
1.93027
1.94039
1.94184
1.93119
1.91028
1.88635
1.86989
1.86939
1.88706
1.91944
1.96119
2.00751
2.05423
2.09721
2.13197
2.15314
2.15527
2.13609
2.10015
2.05781
2.02042
1.99764
1.99331
2.00082
2.0098
2.01478
2.01559
2.01429
2.01204
2.00826
2.00387
2.00426
2.01495
2.03405
2.05218
2.05983
2.05331
2.03556
2.01315
1.99218
1.97493
1.95943
1.94174
1.91968
1.89562
1.87638
1.8699
1.87978
1.9023
1.92844
1.94774
1.95063
1.93089
1.8894
1.83641
1.78822
1.7591
1.75477
1.77294
1.80833
1.85526
1.90667
1.95378
1.98841
2.00585
2.00595
1.99227
1.97062
1.94745
1.92845
1.91747
1.91564
1.92137
1.9311
1.94029
1.94477
1.94262
1.93609
1.93163
1.93632
1.95232
1.97554
1.99982
2.02063
2.03561
2.04364
2.04364
2.03483
2.01867
2.00007
1.98636
1.98441
1.99664
2.0187
2.04211
2.0585
2.06214
2.05129
2.02896
2.00209
1.97883
1.96538
1.96431
1.97445
1.99224
2.01433
2.03908
2.06507
2.08801
2.10073
2.09678
2.07495
2.04206
2.01136
1.99536
1.99832
2.01603
2.04113
2.06664
2.08602
2.09363
2.08677
2.06671
2.03808
2.00816
1.98619
1.98109
1.99772
2.03314
2.07718
2.11799
2.14726
2.16145
2.16095
2.14909
2.13095
2.11103
2.09097
2.06949
2.04427
2.01409
1.98017
1.94666
1.91974
1.90537
1.90623
1.9202
1.9416
1.96378
1.98148
1.99272
1.99902
2.00389
2.00996
2.01682
2.02069
2.01615
1.99925
1.97164
1.94203
1.92027
1.9106
1.91363
1.92697
1.94347
1.95806
1.97231
1.98967
2.00967
2.02735
2.03657
2.03407
2.02185
2.00624
1.99441
1.99078
1.99611
2.00904
2.02743
2.0484
2.06787
2.08093
2.08305
2.07143
2.0461
2.00975
1.9665
1.92051
1.8756
1.83526
1.80214
1.77804
1.76528
1.76763
1.78798
1.82499
1.87263
1.92193
1.96387
1.99331
2.01093
2.02035
2.02386
2.02111
2.01132
1.99533
1.97523
1.95253
1.92942
1.91156
1.90628
1.91681
1.94104
1.97442
2.0112
2.04483
2.07032
2.08651
2.09535
2.09954
2.10193
2.10507
2.10816
2.10613
2.09393
2.07009
2.0367
1.99768
1.95754
1.92091
1.89255
1.87598
1.87053
1.87116
1.87331
1.87819
1.88985
1.90771
1.92779
1.94767
1.96538
1.97678
1.97653
1.96185
1.93584
1.90864
1.89496
1.90619
1.93969
1.97873
2.00675
2.019
2.02102
2.01968
2.01701
2.01151
2.00264
1.99308
1.98728
1.98883
1.99797
2.01118
2.02299
2.02855
2.02475
2.01026
1.98555
1.95275
1.91554
1.87899
1.84928
1.83116
1.82449
1.8247
1.82757
1.83274
1.8431
1.86166
1.88757
1.91475
1.93614
1.94899
1.95557
1.96028
1.96659
1.97553
1.98651
1.99937
2.01521
2.03556
2.06069
2.08836
2.1138
2.13155
2.13799
2.13278
2.11875
2.10079
2.08362
2.06984
2.05944
2.05102
2.04292
2.03383
2.0228
2.00894
1.99135
1.96975
1.94565
1.92284
1.90577
1.89698
1.89518
1.89586
1.89455
1.89129
1.89229
1.90531
1.93308
1.97139
2.012
2.04678
2.07058
2.08167
2.08098
2.0708
2.05399
2.0323
2.00483
1.96893
1.92392
1.87377
1.82629
1.79126
1.77932
1.7964
1.8342
1.87426
1.90148
1.90802
1.89039
1.84954
1.79493
1.74539
1.72037
1.72701
1.75694
1.79391
1.82264
1.8343
1.83157
1.83213
1.85435
1.89316
1.92891
1.95109
1.96146
1.96712
1.97544
1.99098
2.01378
2.03998
2.06458
2.08384
2.09576
2.09872
2.09049
2.06892
2.03421
1.9912
1.94937
1.91835
1.90202
1.89658
1.89521
1.89444
1.89599
1.90392
1.92082
1.9458
1.97497
2.00303
2.02485
2.03628
2.03445
2.01831
1.98967
1.95489
1.92525
1.91252
1.92133
1.94573
1.9738
1.9945
2.00178
1.99606
1.98418
1.97673
1.98153
1.99787
2.01793
2.03293
2.03735
2.02878
2.00672
1.97307
1.93393
1.89879
1.87411
1.85853
1.84744
1.83969
1.83985
1.85458
1.88109
1.90373
1.90787
1.89107
1.8613
1.82968
1.80452
1.78917
1.78378
1.7883
1.80376
1.82998
1.86209
1.8905
1.90508
1.89935
1.87282
1.83313
1.79651
1.77886
1.78266
1.79886
1.81771
1.83315
1.84278
1.84782
1.85248
1.86171
1.87744
1.89608
1.91158
1.92069
1.92556
1.93187
1.94451
1.96498
1.99219
2.02361
2.0555
2.08344
2.10361
2.11398
2.11432
2.10507
2.0866
2.06011
2.02923
1.99956
1.97634
1.96306
1.96113
1.9692
1.983
1.99724
2.00797
2.01375
2.01538
2.01498
2.01519
2.01849
2.02652
2.03932
2.05482
2.06908
2.07715
2.07474
2.06014
2.03558
2.00664
1.97964
1.95878
1.94499
1.93704
1.93366
1.93465
1.94019
1.94873
1.95578
1.95458
1.93873
1.9067
1.86761
1.84059
1.83844
1.85606
1.88159
1.90735
1.93003
1.94925
1.96555
1.97788
1.98342
1.97977
1.96664
1.94634
1.92397
1.9074
1.90544
1.92398
1.9623
2.01269
2.06405
2.10659
2.1347
2.1465
2.14137
2.11849
2.07874
2.02727
1.97295
1.92522
1.89106
1.87357
1.87126
1.87958
1.89403
1.91225
1.93326
1.95613
1.9794
2.00139
2.02055
2.03553
2.04552
2.05007
2.04823
2.03816
2.0187
1.99185
1.96372
1.94192
1.93159
1.93478
1.95346
1.98867
2.03517
2.08152
2.11677
2.13504
2.13528
2.11925
2.08984
2.05051
2.00627
1.96463
1.93444
1.92195
1.92778
1.94755
1.97483
2.00379
2.03096
2.05588
2.079
2.09798
2.10652
2.09829
2.07222
2.03456
1.99632
1.96763
1.9521
1.94528
1.93862
1.92468
1.89991
1.86455
1.82092
1.77186
1.72157
1.67969
1.66039
1.66992
1.69979
1.73724
1.77443
1.80816
1.83717
1.86046
1.8767
1.88505
1.88831
1.89551
1.91653
1.95176
1.99212
2.02689
2.04718
2.04707
2.02738
1.99982
1.98201
1.98158
1.98993
1.99594
1.99821
2.00175
2.00897
2.01749
2.02369
2.02517
2.02137
2.01368
2.00492
1.99774
1.99278
1.98829
1.98151
1.9708
1.95691
1.94283
1.93277
1.93063
1.93865
1.9565
1.98004
2.00085
2.00847
1.99431
1.95465
1.89322
1.82404
1.76991
1.74892
1.76184
1.79891
1.85102
1.9099
1.96619
2.01163
2.04129
2.05366
2.04951
2.03093
2.00093
1.96355
1.92393
1.8885
1.86445
1.85794
1.87136
1.9017
1.9418
1.98337
2.01927
2.04442
2.05597
2.05286
2.03521
2.00394
1.96107
1.91015
1.85578
1.80221
1.75393
1.71795
1.70224
1.70822
1.72798
1.75053
1.76805
1.77797
1.78319
1.79008
1.80467
1.83117
1.87238
1.92673
1.98443
2.03089
2.05488
2.05464
2.04025
2.0293
2.03381
2.05112
2.06979
2.08029
2.07991
2.07263
2.06557
2.06433
2.06957
2.07741
2.08304
2.08485
2.08575
2.09118
2.10483
2.12599
2.15089
2.17483
2.19301
2.20113
2.19597
2.17563
2.1404
2.09357
2.04086
1.98873
1.94287
1.90729
1.88416
1.87395
1.87558
1.88708
1.90653
1.93122
1.9559
1.97317
1.97668
1.96417
1.93811
1.905
1.87386
1.85343
1.84955
1.8654
1.90077
1.94932
1.99929
2.03839
2.05946
2.06425
2.06233
2.0641
2.07251
2.08203
2.08594
2.084
2.08266
2.08739
2.09684
2.10497
2.10517
2.09258
2.06558
2.0273
1.86139
1.83206
1.82247
1.83258
1.85376
1.87436
1.88571
1.88494
1.87512
1.86336
1.85732
1.86113
1.87368
1.88989
1.90328
1.90831
1.90206
1.88503
1.86093
1.83559
1.8147
1.80154
1.7968
1.79973
1.80878
1.82183
1.83678
1.85246
1.86843
1.88378
1.89683
1.90599
1.91047
1.91014
1.90544
1.89745
1.88746
1.8778
1.87421
1.88367
1.9048
1.92682
1.94004
1.94274
1.94168
1.94724
1.9628
1.98071
1.99122
1.98963
1.97688
1.95974
1.94959
1.95293
1.9628
1.96682
1.95886
1.94042
1.91708
1.89563
1.88163
1.87707
1.87999
1.88632
1.89202
1.89432
1.89242
1.88809
1.88519
1.88801
1.89922
1.91837
1.9424
1.96722
1.98923
2.00567
2.01416
2.01254
1.99962
1.97652
1.94722
1.91747
1.89171
1.87104
1.85444
1.84133
1.83273
1.83019
1.83409
1.8434
1.85704
1.87466
1.89543
1.91649
1.93385
1.94475
1.94884
1.94764
1.94308
1.93619
1.92702
1.9161
1.90513
1.89619
1.89029
1.88716
1.88629
1.88791
1.89281
1.90099
1.91037
1.91748
1.9195
1.91567
1.90709
1.89599
1.885
1.87673
1.87341
1.87598
1.88301
1.8905
1.89373
1.89033
1.88213
1.87399
1.87122
1.87735
1.892
1.90975
1.92185
1.921
1.90583
1.88212
1.86014
1.84938
1.85394
1.87183
1.8972
1.92275
1.94114
1.94575
1.93194
1.89893
1.85177
1.80174
1.76304
1.74621
1.75258
1.77501
1.80379
1.83089
1.85066
1.85999
1.85921
1.85276
1.848
1.85095
1.86145
1.87298
1.87776
1.87161
1.85568
1.83582
1.82059
1.81784
1.83116
1.85886
1.89568
1.93526
1.97208
2.00266
2.02543
2.03998
2.0465
2.04575
2.03859
2.025
2.00315
1.97131
1.93284
1.89794
1.87707
1.87226
1.87735
1.88406
1.88556
1.87769
1.8598
1.83518
1.81082
1.79612
1.79935
1.82321
1.86333
1.91077
1.95572
1.99095
2.01365
2.02555
2.03067
2.03198
2.02939
2.02106
2.00674
1.9906
1.98009
1.98118
1.99343
2.00961
2.01975
2.01632
1.9978
1.96845
1.93478
1.90217
1.8742
1.85324
1.83994
1.83271
1.82866
1.82605
1.82652
1.83434
1.85233
1.87749
1.90132
1.91478
1.91364
1.89977
1.87815
1.85272
1.82509
1.79726
1.77468
1.76469
1.7717
1.79482
1.8297
1.87074
1.91128
1.94466
1.9672
1.97902
1.98192
1.97743
1.9667
1.95162
1.93534
1.92183
1.9141
1.91271
1.91581
1.9209
1.92726
1.93737
1.95501
1.98089
2.01061
2.03721
2.05431
2.05764
2.04621
2.02261
1.99027
1.95069
1.90568
1.86343
1.83784
1.83602
1.85176
1.8749
1.90073
1.92963
1.9613
1.99125
2.01329
2.02349
2.0214
2.00896
1.98981
1.96897
1.95231
1.94498
1.94991
1.96616
1.98817
2.00744
2.01592
2.00917
1.9877
1.95643
1.9224
1.89218
1.87121
1.86468
1.87587
1.90097
1.92901
1.94953
1.95908
1.96085
1.96019
1.96037
1.96095
1.95901
1.95178
1.93813
1.91893
1.89684
1.87598
1.86105
1.8555
1.85983
1.87132
1.88539
1.89732
1.90361
1.90224
1.89246
1.87454
1.85029
1.82408
1.80292
1.79296
1.79501
1.80547
1.82174
1.84472
1.87657
1.91776
1.96581
2.01529
2.05924
2.09148
2.10841
2.10931
2.09592
2.07197
2.04272
2.01438
1.99263
1.98107
1.98128
1.99399
2.01909
2.0536
2.09035
2.11994
2.13416
2.12798
2.09984
2.05244
1.9937
1.93623
1.89327
1.87265
1.87355
1.88885
1.90875
1.92392
1.92837
1.92056
1.90242
1.87776
1.85118
1.82775
1.81279
1.81026
1.81984
1.83597
1.85128
1.86119
1.86489
1.86366
1.85896
1.85258
1.84816
1.85095
1.86368
1.88242
1.89821
1.90332
1.89605
1.88133
1.86752
1.86114
1.8631
1.86976
1.87679
1.88167
1.88381
1.88317
1.87882
1.86973
1.85772
1.84887
1.85032
1.86524
1.8901
1.91537
1.92906
1.92232
1.8951
1.85529
1.81118
1.77335
1.76121
1.77993
1.80763
1.82431
1.82629
1.82061
1.81915
1.83166
1.85782
1.88722
1.90744
1.91178
1.90356
1.89623
1.90404
1.92909
1.96272
1.99572
2.02167
2.03591
2.03552
2.02023
1.99305
1.96011
1.92834
1.90191
1.88036
1.86061
1.83977
1.81619
1.79015
1.76533
1.7485
1.74594
1.75981
1.78877
1.83008
1.87941
1.9302
1.97533
2.0096
2.03114
2.04127
2.04314
2.03979
2.03238
2.0199
2.00053
1.97405
1.94458
1.92161
1.91528
1.9277
1.95119
1.97601
1.99629
2.00991
2.01715
2.01956
2.01829
2.01227
1.99874
1.97557
1.94276
1.90238
1.85804
1.81463
1.77812
1.75483
1.74956
1.76331
1.79288
1.83201
1.8728
1.90794
1.93311
1.94727
1.95083
1.94338
1.92336
1.88997
1.84615
1.80022
1.76381
1.7462
1.74906
1.76669
1.79091
1.81568
1.83897
1.86196
1.88697
1.91478
1.94261
1.965
1.97722
1.97743
1.96605
1.94372
1.91085
1.86943
1.82559
1.78978
1.77268
1.77929
1.80657
1.84605
1.88824
1.92552
1.95383
1.9724
1.98255
1.9861
1.98396
1.97576
1.96083
1.94027
1.91813
1.90126
1.89625
1.9032
1.91262
1.91352
1.90408
1.89178
1.88499
1.88732
1.89868
1.91757
1.94169
1.96811
1.99387
2.01684
2.03605
2.0504
2.05757
2.05501
2.04161
2.01891
1.99114
1.96437
1.94397
1.93124
1.92302
1.915
1.90482
1.89277
1.8806
1.86944
1.85849
1.84623
1.83336
1.82455
1.8264
1.8421
1.86809
1.89608
1.91768
1.92773
1.92587
1.91609
1.90433
1.89538
1.89095
1.89038
1.89252
1.89689
1.9038
1.91427
1.93012
1.95335
1.98469
2.02231
2.06157
2.09635
2.12136
2.13425
2.13574
2.1278
2.11169
2.08859
2.0621
2.04018
2.03247
2.04371
2.07001
2.10187
2.12947
2.14569
2.14655
2.13112
2.10108
2.06039
2.0149
1.97197
1.93965
1.9243
1.92723
1.94375
1.96581
1.98547
1.99678
1.99686
1.98703
1.97349
1.96549
1.96956
1.98378
1.99886
2.00493
1.99666
1.97363
1.93875
1.89608
1.8492
1.80061
1.7529
1.71107
1.68304
1.67766
1.70143
1.75294
1.81856
1.87915
1.92182
1.94344
1.94842
1.9471
1.95356
1.97829
2.01928
2.06265
2.09319
2.1023
2.08902
2.05774
2.01666
1.97653
1.94783
1.93558
1.93664
1.94317
1.94852
1.94931
1.94433
1.93305
1.91498
1.88919
1.85502
1.8183
1.80239
1.8335
1.89844
1.95931
1.99691
2.0117
2.00892
1.99122
1.95834
1.91022
1.85088
1.79079
1.74585
1.73091
1.75103
1.79876
1.85983
1.92066
1.97232
2.01087
2.03535
2.04469
2.03602
2.00645
1.9565
1.89204
1.82381
1.76601
1.73069
1.71913
1.72183
1.72847
1.73425
1.73782
1.7376
1.7326
1.72443
1.71674
1.71296
1.71509
1.72327
1.73517
1.74614
1.75185
1.75199
1.7519
1.75922
1.77759
1.803
1.8277
1.84718
1.86355
1.88236
1.90577
1.92916
1.94498
1.94892
1.94265
1.93218
1.92263
1.91407
1.90308
1.88923
1.87868
1.87816
1.88603
1.89417
1.89585
1.88864
1.87329
1.85324
1.83482
1.82609
1.83262
1.85321
1.88159
1.91196
1.94069
1.96412
1.97939
1.98795
1.99578
2.00814
2.02363
2.03424
2.03119
2.01069
1.97715
1.94274
1.92152
1.9203
1.93544
1.95813
1.98014
1.9956
2.0014
1.99759
1.98753
1.97661
1.96981
1.96909
1.97296
1.97784
1.9799
1.97605
1.96419
1.94384
1.9175
1.89137
1.87195
1.86107
1.85636
1.85573
1.85931
1.86774
1.88009
1.89318
1.90262
1.90461
1.89799
1.88564
1.87448
1.87191
1.87882
1.88744
1.88837
1.87782
1.85848
1.83717
1.82311
1.82481
1.8437
1.87221
1.90216
1.93091
1.95792
1.98048
1.99463
1.99769
1.98931
1.97168
1.94941
1.92845
1.9138
1.90714
1.90626
1.90715
1.9067
1.90448
1.9027
1.9049
1.91384
1.9295
1.94907
1.96917
1.98812
2.0065
2.02556
2.04515
2.0632
2.07683
2.08454
2.0873
2.08775
2.08761
2.08591
2.07974
2.06634
2.04435
2.01403
1.97756
1.93884
1.90167
1.86819
1.83942
1.81642
1.80058
1.79334
1.79557
1.80696
1.82562
1.84837
1.87138
1.89066
1.90217
1.90252
1.89025
1.86698
1.83716
1.80657
1.78001
1.75976
1.74569
1.73627
1.72996
1.72676
1.72921
1.74122
1.76468
1.79672
1.83022
1.85748
1.87455
1.88342
1.88971
1.89657
1.90129
1.89852
1.88576
1.86567
1.84441
1.82714
1.81473
1.8054
1.79854
1.79636
1.80238
1.81941
1.84797
1.8846
1.92257
1.95585
1.98205
2.00179
2.01637
2.02588
2.02882
2.02287
2.00619
1.97878
1.94375
1.90783
1.87997
1.8673
1.87073
1.88542
1.90535
1.92683
1.94762
1.9649
1.97608
1.98126
1.98258
1.9813
1.97686
1.96858
1.95732
1.94562
1.93728
1.93629
1.94318
1.95258
1.95747
1.9549
1.94554
1.92954
1.90627
1.87765
1.84969
1.83029
1.82531
1.83507
1.85439
1.87546
1.89112
1.89591
1.88529
1.85696
1.81541
1.77495
1.75387
1.76216
1.79627
1.84375
1.8901
1.92429
1.94127
1.9415
1.92913
1.91019
1.89121
1.87705
1.86822
1.86084
1.85092
1.8385
1.82814
1.82526
1.83167
1.8451
1.86129
1.87513
1.88148
1.87724
1.86333
1.84396
1.82363
1.80439
1.78556
1.76637
1.74872
1.73759
1.7368
1.7442
1.75411
1.76474
1.78059
1.8065
1.84097
1.87652
1.90548
1.92428
1.93327
1.93372
1.92541
1.90725
1.87944
1.84484
1.80901
1.77934
1.76324
1.76556
1.78595
1.81874
1.85559
1.88938
1.91621
1.93518
1.94686
1.95193
1.95068
1.94349
1.93185
1.91871
1.90719
1.89799
1.8881
1.87246
1.84784
1.81661
1.7878
1.77245
1.77529
