           1           0           0           0
           1           1           0           0
           1           2           0           0
           1           3           0           0
           1           4           0           0
           1           5           0           0
           1           6           0           0
           1           7           0           0
           1           8           0           0
           1           9           0           0
           1          10           0           0
           1          11           0           0
           1          12           0           0
           1          13           0           0
           1          14           0           0
           1          15           0           0
           1          16           0           0
           1          17           0           0
           1          18           0           0
           1          19           0           0
           1          20           0           0
           1          21           0           0
           1          22           0           0
           1          23           0           0
           1          24           0           0
           1          25           0           0
           1          26           0           0
           1          27           0           0
           1          28           0           0
           1          29           0           0
           1          30           0           0
           1          31           0           0
           1          32           0           0
           1          33  0.00905094  0.00905094
           1          34    0.564184    0.564184
           1          35     2.26416     2.26416
           1          36     5.53876     5.53876
           1          37     10.5895     10.5895
           1          38     15.5011     15.5011
           1          39     19.2572     19.2572
           1          40     20.7424     20.7424
           1          41     21.5552     21.5552
           1          42     19.9038     19.9038
           1          43     18.1598     18.1598
           1          44      17.464      17.464
           1          45     15.5302     15.5302
           1          46     16.0053     16.0053
           1          47     13.6575     13.6575
           1          48     12.0253     12.0253
           1          49     11.9466     11.9466
           1          50     10.3458     10.3458
           1          51     9.47074     9.47074
           1          52     8.51402     8.51402
           1          53     8.48374     8.48374
           1          54     8.08285     8.08285
           1          55     7.97139     7.97139
           1          56     7.19799     7.19799
           1          57     7.46715     7.46715
           1          58     6.73441     6.73441
           1          59      6.9257      6.9257
           1          60     6.92449     6.92449
           1          61     6.82879     6.82879
           1          62     7.26466     7.26466
           1          63     7.48138     7.48138
           1          64     7.89503     7.89503
           1          65     8.18316     8.18316
           1          66      8.0418      8.0418
           1          67     8.35518     8.35518
           1          68     8.62055     8.62055
           1          69     8.93697     8.93697
           1          70     8.97955     8.97955
           1          71     9.22752     9.22752
           1          72     9.67613     9.67613
           1          73     9.87621     9.87621
           1          74     9.80911     9.80911
           1          75     10.2612     10.2612
           1          76     10.3551     10.3551
           1          77     10.3989     10.3989
           1          78     10.8634     10.8634
           1          79     10.7731     10.7731
           1          80     11.1526     11.1526
           1          81     10.9282     10.9282
           1          82     10.9354     10.9354
           1          83     10.6524     10.6524
           1          84      10.499      10.499
           1          85      10.118      10.118
           1          86      10.199      10.199
           1          87     10.1404     10.1404
           1          88     9.91106     9.91106
           1          89     10.0037     10.0037
           1          90     10.0783     10.0783
           1          91     9.49519     9.49519
           1          92     9.43859     9.43859
           1          93     9.23627     9.23627
           1          94     9.76916     9.76916
           1          95     9.67418     9.67418
           1          96     9.04496     9.04496
           1          97     9.12763     9.12763
           1          98     9.05934     9.05934
           1          99     8.74982     8.74982
           2           0           0           0
           2           1           0           0
           2           2           0           0
           2           3           0           0
           2           4           0           0
           2           5           0           0
           2           6           0           0
           2           7           0           0
           2           8           0           0
           2           9           0           0
           2          10           0           0
           2          11           0           0
           2          12           0           0
           2          13           0           0
           2          14           0           0
           2          15           0           0
           2          16           0           0
           2          17           0           0
           2          18           0           0
           2          19           0           0
           2          20           0           0
           2          21           0           0
           2          22           0           0
           2          23           0           0
           2          24           0           0
           2          25           0           0
           2          26           0           0
           2          27           0           0
           2          28           0           0
           2          29           0           0
           2          30           0           0
           2          31           0           0
           2          32           0           0
           2          33           0  0.00452547
           2          34    0.247899    0.406042
           2          35     1.56874     1.91645
           2          36     5.73028     5.63452
           2          37     11.8251     11.2073
           2          38     16.5851     16.0431
           2          39      19.382     19.3196
           2          40     20.3233     20.5329
           2          41     21.3584     21.4568
           2          42     20.0575     19.9807
           2          43     19.9224     19.0411
           2          44     17.8023     17.6331
           2          45       16.99     16.2601
           2          46     15.7331     15.8692
           2          47     14.2208     13.9392
           2          48     11.4141     11.7197
           2          49     10.8567     11.4017
           2          50     9.28967     9.81773
           2          51     8.93525       9.203
           2          52     8.30701     8.41051
           2          53     8.44384     8.46379
           2          54     7.69812     7.89049
           2          55      7.2593     7.61534
           2          56     7.17518     7.18659
           2          57     6.82495     7.14605
           2          58     6.99612     6.86526
           2          59     6.44299     6.68434
           2          60      6.2779     6.60119
           2          61     7.19836     7.01357
           2          62     7.53184     7.39825
           2          63     7.99153     7.73646
           2          64     7.90005     7.89754
           2          65     7.63014     7.90665
           2          66     7.76752     7.90466
           2          67     8.18757     8.27137
           2          68     8.53579     8.57817
           2          69     8.45793     8.69745
           2          70     9.12707     9.05331
           2          71     9.64155     9.43453
           2          72     9.61232     9.64422
           2          73     9.85874     9.86748
           2          74     10.6558     10.2325
           2          75      11.132     10.6966
           2          76     11.3381     10.8466
           2          77     11.2661     10.8325
           2          78     10.8072     10.8353
           2          79     11.1006     10.9368
           2          80     11.0018     11.0772
           2          81       11.02     10.9741
           2          82     10.6093     10.7723
           2          83     10.6223     10.6373
           2          84     10.5064     10.5027
           2          85     10.1281     10.1231
           2          86     10.2019     10.2005
           2          87     10.1074     10.1239
           2          88     9.93662     9.92384
           2          89     9.66562     9.83465
           2          90     9.32812     9.70322
           2          91     9.32772     9.41146
           2          92     9.19582      9.3172
           2          93     9.60422     9.42025
           2          94     9.24703      9.5081
           2          95     9.25421      9.4642
           2          96     9.22062     9.13279
           2          97     8.92775     9.02769
           2          98     9.01146      9.0354
           2          99     9.10076     8.92529
           3           0           0           0
           3           1           0           0
           3           2           0           0
           3           3           0           0
           3           4           0           0
           3           5           0           0
           3           6           0           0
           3           7           0           0
           3           8           0           0
           3           9           0           0
           3          10           0           0
           3          11           0           0
           3          12           0           0
           3          13           0           0
           3          14           0           0
           3          15           0           0
           3          16           0           0
           3          17           0           0
           3          18           0           0
           3          19           0           0
           3          20           0           0
           3          21           0           0
           3          22           0           0
           3          23           0           0
           3          24           0           0
           3          25           0           0
           3          26           0           0
           3          27           0           0
           3          28           0           0
           3          29           0           0
           3          30           0           0
           3          31           0           0
           3          32           0           0
           3          33   0.0633566   0.0241358
           3          34    0.307737    0.373273
           3          35     1.78707     1.87332
           3          36       5.217     5.49535
           3          37     9.79003     10.7349
           3          38     15.3699     15.8187
           3          39       18.41     19.0164
           3          40     21.9872     21.0177
           3          41     22.1696     21.6944
           3          42     21.0197      20.327
           3          43     19.5634     19.2152
           3          44     17.7502     17.6722
           3          45          17     16.5067
           3          46     14.3436     15.3607
           3          47     12.9201     13.5995
           3          48     12.0736     11.8377
           3          49     10.9834     11.2623
           3          50     10.1589     9.93146
           3          51     9.96324     9.45641
           3          52     8.93935     8.58679
           3          53     8.16093     8.36284
           3          54     8.08635     7.95577
           3          55       8.184      7.8049
           3          56     7.16215     7.17844
           3          57     7.42937     7.24049
           3          58     7.80863     7.17972
           3          59      7.2112     6.85996
           3          60     7.04127     6.74788
           3          61     6.73226      6.9198
           3          62     6.64747     7.14799
           3          63     7.11107     7.52799
           3          64     7.52087     7.77199
           3          65     7.77631      7.8632
           3          66     7.69422     7.83451
           3          67     7.60438     8.04904
           3          68     7.43174     8.19602
           3          69     8.11545     8.50345
           3          70     8.95637       9.021
           3          71     9.84446     9.57118
           3          72     9.55648     9.61497
           3          73     10.0412     9.92539
           3          74     10.3062      10.257
           3          75     10.6368     10.6767
           3          76     10.4484     10.7138
           3          77     10.9951     10.8867
           3          78     10.8242     10.8316
           3          79     11.0607     10.9781
           3          80     10.8996      11.018
           3          81     11.2258      11.058
           3          82     11.0713      10.872
           3          83     11.2137     10.8295
           3          84     11.1224     10.7093
           3          85     10.8739     10.3734
           3          86     10.8928     10.4312
           3          87     10.3812     10.2097
           3          88     10.0496     9.96576
           3          89     9.56434     9.74455
           3          90     9.41305      9.6065
           3          91     9.77598     9.53296
           3          92     9.20198     9.27879
           3          93     8.98896     9.27648
           3          94     9.19506     9.40375
           3          95     8.99391     9.30743
           3          96     9.07896     9.11485
           3          97     8.98883     9.01474
           3          98      8.9342     9.00167
           3          99     8.92156     8.92405
           4           0           0           0
           4           1           0           0
           4           2           0           0
           4           3           0           0
           4           4           0           0
           4           5           0           0
           4           6           0           0
           4           7           0           0
           4           8           0           0
           4           9           0           0
           4          10           0           0
           4          11           0           0
           4          12           0           0
           4          13           0           0
           4          14           0           0
           4          15           0           0
           4          16           0           0
           4          17           0           0
           4          18           0           0
           4          19           0           0
           4          20           0           0
           4          21           0           0
           4          22           0           0
           4          23           0           0
           4          24           0           0
           4          25           0           0
           4          26           0           0
           4          27           0           0
           4          28           0           0
           4          29           0           0
           4          30           0           0
           4          31           0           0
           4          32           0           0
           4          33   0.0181019   0.0226274
           4          34    0.410316    0.382534
           4          35     1.80324      1.8558
           4          36     5.50811     5.49854
           4          37     10.2625     10.6168
           4          38     15.6322     15.7721
           4          39     18.9945     19.0109
           4          40     21.2866     21.0849
           4          41     20.9826     21.5165
           4          42      21.367      20.587
           4          43      19.003     19.1621
           4          44     18.3174     17.8335
           4          45     16.6363     16.5391
           4          46     14.6635     15.1864
           4          47     13.5705     13.5922
           4          48     12.3682     11.9703
           4          49     11.1102     11.2242
           4          50     10.4676     10.0655
           4          51     10.2798     9.66227
           4          52     9.33832     8.77467
           4          53     8.29151       8.345
           4          54     7.54423     7.85289
           4          55     6.99943     7.60353
           4          56     7.10024     7.15889
           4          57     7.13031     7.21294
           4          58      6.9809     7.13002
           4          59     7.11702     6.92423
           4          60      7.2549     6.87464
           4          61     6.96393     6.93083
           4          62     6.97343     7.10435
           4          63     6.90649     7.37262
           4          64      6.8956     7.55289
           4          65     7.49615     7.77144
           4          66      7.3821     7.72141
           4          67     7.74444     7.97289
           4          68     8.52241     8.27762
           4          69     8.93697     8.61183
           4          70     9.23455     9.07439
           4          71     9.79322     9.62669
           4          72     9.76986      9.6537
           4          73     9.98685     9.94075
           4          74     10.3969      10.292
           4          75     10.7068     10.6842
           4          76     10.6995     10.7103
           4          77     10.5772     10.8093
           4          78     10.6503     10.7863
           4          79     10.7997     10.9335
           4          80      10.752     10.9515
           4          81     11.0422     11.0541
           4          82     10.7731     10.8473
           4          83     10.6901     10.7946
           4          84      10.698     10.7065
           4          85       10.73     10.4625
           4          86     10.4158     10.4274
           4          87     10.4142     10.2608
           4          88     10.1626      10.015
           4          89     10.3194     9.88826
           4          90     10.2752     9.77368
           4          91     9.62614     9.55626
           4          92     9.62591     9.36557
           4          93     9.13976      9.2423
           4          94     8.94581     9.28926
           4          95      9.3109      9.3083
           4          96     9.04383     9.09709
           4          97     8.77563     8.95496
           4          98     8.66759     8.91815
           4          99     9.02609     8.94956
           5           0           0           0
           5           1           0           0
           5           2           0           0
           5           3           0           0
           5           4           0           0
           5           5           0           0
           5           6           0           0
           5           7           0           0
           5           8           0           0
           5           9           0           0
           5          10           0           0
           5          11           0           0
           5          12           0           0
           5          13           0           0
           5          14           0           0
           5          15           0           0
           5          16           0           0
           5          17           0           0
           5          18           0           0
           5          19           0           0
           5          20           0           0
           5          21           0           0
           5          22           0           0
           5          23           0           0
           5          24           0           0
           5          25           0           0
           5          26           0           0
           5          27           0           0
           5          28           0           0
           5          29           0           0
           5          30           0           0
           5          31           0           0
           5          32           0           0
           5          33           0   0.0181019
           5          34    0.256447    0.357317
           5          35      1.6496     1.81456
           5          36      5.5694     5.51271
           5          37     11.7306     10.8395
           5          38     17.1375     16.0451
           5          39     19.5003     19.1088
           5          40     22.0498     21.2779
           5          41     21.1437     21.4419
           5          42     19.4426     20.3581
           5          43     19.6178     19.2533
           5          44     17.5785     17.7825
           5          45     16.6163     16.5546
           5          46     14.4105     15.0312
           5          47     13.6483     13.6035
           5          48     12.2451     12.0253
           5          49     11.2538     11.2302
           5          50     10.7114     10.1947
           5          51     8.77109     9.48403
           5          52     8.42369     8.70448
           5          53       7.635       8.203
           5          54     7.36235     7.75478
           5          55     6.93869     7.47056
           5          56     6.73529     7.07417
           5          57     6.91624      7.1536
           5          58     7.19392      7.1428
           5          59     7.04638     6.94866
           5          60     7.47423     6.99456
           5          61     7.02736     6.95014
           5          62     7.48375     7.18023
           5          63     7.36226     7.37055
           5          64     7.10151     7.46261
           5          65     7.55218     7.72759
           5          66     7.61619     7.70036
           5          67     8.27252     8.03282
           5          68     8.21015     8.26413
           5          69     8.56848     8.60316
           5          70     9.25773     9.11105
           5          71     9.61695     9.62474
           5          72     9.98524     9.72001
           5          73     10.4547     10.0435
           5          74     10.5216     10.3379
           5          75     10.6331      10.674
           5          76     10.7246     10.7131
           5          77     10.7853     10.8045
           5          78     11.0151      10.832
           5          79     10.8895     10.9247
           5          80     10.8136     10.9239
           5          81     11.0897     11.0612
           5          82     10.8226     10.8423
           5          83     11.0855     10.8528
           5          84     10.5373     10.6726
           5          85     10.5673     10.4835
           5          86     10.6113     10.4642
           5          87     10.0015     10.2089
           5          88     9.81154     9.97428
           5          89     9.48673     9.80795
           5          90     9.56103     9.73115
           5          91     9.70043     9.58509
           5          92     9.16377     9.32521
           5          93       9.299     9.25364
           5          94     9.31673     9.29476
           5          95     9.28082      9.3028
           5          96     9.01889     9.08145
           5          97     8.85891     8.93575
           5          98     9.09743     8.95401
           5          99     8.85436     8.93052
           6           0           0           0
           6           1           0           0
           6           2           0           0
           6           3           0           0
           6           4           0           0
           6           5           0           0
           6           6           0           0
           6           7           0           0
           6           8           0           0
           6           9           0           0
           6          10           0           0
           6          11           0           0
           6          12           0           0
           6          13           0           0
           6          14           0           0
           6          15           0           0
           6          16           0           0
           6          17           0           0
           6          18           0           0
           6          19           0           0
           6          20           0           0
           6          21           0           0
           6          22           0           0
           6          23           0           0
           6          24           0           0
           6          25           0           0
           6          26           0           0
           6          27           0           0
           6          28           0           0
           6          29           0           0
           6          30           0           0
           6          31           0           0
           6          32           0           0
           6          33   0.0271528   0.0196104
           6          34    0.333382    0.353327
           6          35       2.062      1.8558
           6          36     5.34724     5.48513
           6          37     10.2625     10.7434
           6          38     16.4884      16.119
           6          39     18.8632     19.0679
           6          40     19.9918     21.0635
           6          41     19.7838     21.1656
           6          42     21.1165     20.4845
           6          43     19.8463     19.3521
           6          44     17.5889     17.7502
           6          45     16.7808     16.5923
           6          46     15.3941     15.0917
           6          47     13.2957     13.5522
           6          48     12.3286     12.0758
           6          49     11.1482     11.2165
           6          50     10.3702     10.2239
           6          51     10.4557     9.64598
           6          52     9.12754     8.77499
           6          53     8.26249     8.21292
           6          54     7.66664     7.74009
           6          55     7.50566     7.47641
           6          56     7.69002     7.17681
           6          57     7.56159      7.2216
           6          58     7.43737     7.19189
           6          59     7.37603     7.01989
           6          60      7.2606      7.0389
           6          61     6.88119     6.93865
           6          62      6.9574     7.14309
           6          63     7.22242     7.34586
           6          64     6.76251     7.34593
           6          65     7.26471     7.65044
           6          66     7.46249     7.66072
           6          67     7.70081     7.97748
           6          68     7.98265     8.21721
           6          69     8.57715     8.59882
           6          70     8.89315     9.07474
           6          71     8.84833     9.49534
           6          72     9.55448     9.69242
           6          73     9.94609     10.0273
           6          74     9.92818     10.2696
           6          75     10.4048     10.6291
           6          76     10.2582     10.6373
           6          77     11.6105     10.9389
           6          78     11.2674     10.9046
           6          79     11.0773     10.9501
           6          80     11.1981     10.9696
           6          81     11.1957     11.0836
           6          82     11.1548     10.8944
           6          83     11.0176     10.8803
           6          84     11.2433     10.7677
           6          85      11.339      10.626
           6          86     10.6395     10.4934
           6          87     10.4486     10.2489
           6          88     10.5324     10.0673
           6          89     10.3523     9.89867
           6          90     9.84542     9.75019
           6          91      9.5443     9.57829
           6          92      9.2143     9.30673
           6          93     8.78507     9.17555
           6          94     8.85131     9.22085
           6          95     8.77525     9.21488
           6          96     8.71857     9.02097
           6          97      8.7512     8.90499
           6          98     8.49674     8.87779
           6          99     8.61969     8.87871
           7           0           0           0
           7           1           0           0
           7           2           0           0
           7           3           0           0
           7           4           0           0
           7           5           0           0
           7           6           0           0
           7           7           0           0
           7           8           0           0
           7           9           0           0
           7          10           0           0
           7          11           0           0
           7          12           0           0
           7          13           0           0
           7          14           0           0
           7          15           0           0
           7          16           0           0
           7          17           0           0
           7          18           0           0
           7          19           0           0
           7          20           0           0
           7          21           0           0
           7          22           0           0
           7          23           0           0
           7          24           0           0
           7          25           0           0
           7          26           0           0
           7          27           0           0
           7          28           0           0
           7          29           0           0
           7          30           0           0
           7          31           0           0
           7          32           0           0
           7          33           0   0.0168089
           7          34    0.307737    0.346814
           7          35      1.8275     1.85176
           7          36     5.97542     5.55517
           7          37     10.8584     10.7598
           7          38      15.073     15.9696
           7          39     19.1719     19.0827
           7          40     20.0231     20.9149
           7          41     21.4359     21.2042
           7          42     20.4561     20.4805
           7          43     19.4437     19.3652
           7          44     17.2819     17.6833
           7          45     15.6747     16.4612
           7          46     14.1908      14.963
           7          47     13.1858     13.4998
           7          48     13.0189     12.2106
           7          49      11.351     11.2357
           7          50      10.427     10.2529
           7          51     9.66227     9.64831
           7          52     9.66202     8.90171
           7          53     8.85733     8.30498
           7          54     8.57601     7.85951
           7          55     8.36962     7.60401
           7          56     8.10385     7.30925
           7          57     7.53011     7.26567
           7          58     7.47693     7.23261
           7          59     7.86463     7.14056
           7          60     7.00424     7.03395
           7          61     6.60263     6.89065
           7          62     6.62342     7.06885
           7          63      7.1033     7.31121
           7          64      7.1442     7.31711
           7          65     7.40114     7.61483
           7          66     7.40811     7.62463
           7          67     7.61356     7.92549
           7          68     7.73507     8.14834
           7          69     7.96155     8.50778
           7          70     7.91111      8.9085
           7          71     8.35232     9.33205
           7          72     9.36503     9.64565
           7          73     9.94997     10.0162
           7          74     10.1228     10.2487
           7          75     10.3828     10.5939
           7          76     11.0206     10.6921
           7          77      11.135     10.9669
           7          78     11.5299     10.9939
           7          79     11.7506     11.0645
           7          80     11.8971     11.1021
           7          81      12.003      11.215
           7          82     11.3294     10.9566
           7          83     10.3929     10.8106
           7          84     10.1291     10.6765
           7          85     10.4722     10.6041
           7          86     10.4974     10.4939
           7          87     10.1611     10.2363
           7          88     10.2123      10.088
           7          89     9.80243     9.88492
           7          90     9.52371     9.71784
           7          91       9.572     9.57739
           7          92     9.66534     9.35796
           7          93     8.68735     9.10581
           7          94     8.91746     9.17751
           7          95     8.93722     9.17521
           7          96     9.14129     9.03816
           7          97     9.08654     8.93093
           7          98     8.77641     8.86331
           7          99     9.15729     8.91851
           8           0           0           0
           8           1           0           0
           8           2           0           0
           8           3           0           0
           8           4           0           0
           8           5           0           0
           8           6           0           0
           8           7           0           0
           8           8           0           0
           8           9           0           0
           8          10           0           0
           8          11           0           0
           8          12           0           0
           8          13           0           0
           8          14           0           0
           8          15           0           0
           8          16           0           0
           8          17           0           0
           8          18           0           0
           8          19           0           0
           8          20           0           0
           8          21           0           0
           8          22           0           0
           8          23           0           0
           8          24           0           0
           8          25           0           0
           8          26           0           0
           8          27           0           0
           8          28           0           0
           8          29           0           0
           8          30           0           0
           8          31           0           0
           8          32           0           0
           8          33   0.0181019   0.0169705
           8          34    0.188061     0.32697
           8          35      1.8275     1.84873
           8          36     5.66899      5.5694
           8          37     10.9384     10.7821
           8          38      16.516     16.0379
           8          39     20.0979     19.2096
           8          40     20.6611     20.8832
           8          41     22.2769     21.3383
           8          42     20.0803     20.4304
           8          43     18.9105     19.3084
           8          44     16.4024     17.5232
           8          45     14.6682     16.2371
           8          46     13.6847     14.8032
           8          47      13.401     13.4875
           8          48     12.1044     12.1973
           8          49     11.0553     11.2132
           8          50     11.3694     10.3925
           8          51     9.84598     9.67302
           8          52     9.59427     8.98828
           8          53     9.31071     8.43069
           8          54     9.14611     8.02033
           8          55     8.04901     7.65964
           8          56     7.42935     7.32426
           8          57     7.17753     7.25465
           8          58     7.30347     7.24147
           8          59      7.1023     7.13578
           8          60     6.43171     6.95867
           8          61     6.95841     6.89912
           8          62     6.67686     7.01985
           8          63     7.26644     7.30561
           8          64     7.33254     7.31904
           8          65     7.18919     7.56162
           8          66     7.72259     7.63688
           8          67     7.63193      7.8888
           8          68     8.19454     8.15411
           8          69     8.68769     8.53027
           8          70      8.7646     8.89052
           8          71     9.09224     9.30207
           8          72     9.55448     9.63425
           8          73     10.3692     10.0604
           8          74     10.7125     10.3066
           8          75     10.5392     10.5871
           8          76     10.8914      10.717
           8          77     10.3849     10.8941
           8          78     10.4185      10.922
           8          79     10.7365     11.0235
           8          80     10.8639     11.0723
           8          81      10.705     11.1512
           8          82     11.1996     10.9869
           8          83     10.7943     10.8086
           8          84     10.7378     10.6842
           8          85     10.6479     10.6096
           8          86     10.8295     10.5359
           8          87     10.0785     10.2166
           8          88     10.3778     10.1242
           8          89     10.2181     9.92657
           8          90     10.1401     9.77062
           8          91      10.053     9.63684
           8          92     9.83171     9.41718
           8          93     9.45101     9.14896
           8          94     9.21278     9.18192
           8          95     9.23223     9.18234
           8          96      8.9135     9.02258
           8          97     8.89444     8.92637
           8          98     9.17905     8.90278
           8          99     8.78929     8.90236
           9           0           0           0
           9           1           0           0
           9           2           0           0
           9           3           0           0
           9           4           0           0
           9           5           0           0
           9           6           0           0
           9           7           0           0
           9           8           0           0
           9           9           0           0
           9          10           0           0
           9          11           0           0
           9          12           0           0
           9          13           0           0
           9          14           0           0
           9          15           0           0
           9          16           0           0
           9          17           0           0
           9          18           0           0
           9          19           0           0
           9          20           0           0
           9          21           0           0
           9          22           0           0
           9          23           0           0
           9          24           0           0
           9          25           0           0
           9          26           0           0
           9          27           0           0
           9          28           0           0
           9          29           0           0
           9          30           0           0
           9          31           0           0
           9          32           0           0
           9          33  0.00905094   0.0160906
           9          34    0.230803    0.316285
           9          35     1.90837     1.85535
           9          36     5.56174     5.56855
           9          37     12.1812     10.9376
           9          38     16.9718     16.1417
           9          39     19.3295     19.2229
           9          40     21.0239     20.8988
           9          41     21.1854     21.3213
           9          42     20.3365       20.42
           9          43     17.9748     19.1602
           9          44      17.719      17.545
           9          45     16.6911     16.2875
           9          46     14.1574     14.7315
           9          47     12.9293     13.4254
           9          48     12.0033     12.1757
           9          49     11.7945     11.2777
           9          50     9.97614     10.3462
           9          51       9.588     9.66357
           9          52     8.83396     8.97113
           9          53     8.40757     8.42813
           9          54     7.79955      7.9958
           9          55      7.7284     7.66728
           9          56     7.40979     7.33376
           9          57     7.42622     7.27372
           9          58     7.03264     7.21827
           9          59     6.62548     7.07908
           9          60     6.94158     6.95677
           9          61     6.75708     6.88334
           9          62     6.81312     6.99688
           9          63      6.9531     7.26644
           9          64     7.13667     7.29877
           9          65     7.93223      7.6028
           9          66     8.33028     7.71392
           9          67     8.83963     7.99445
           9          68     8.75437     8.22081
           9          69       8.614     8.53958
           9          70     9.00063     8.90275
           9          71     9.60875     9.33615
           9          72     9.99322     9.67414
           9          73     9.80439     10.0319
           9          74     10.2003     10.2948
           9          75      9.8857     10.5092
           9          76     10.9632     10.7443
           9          77     10.9566     10.9011
           9          78     10.9214     10.9219
           9          79     11.0906      11.031
           9          80     11.0034     11.0647
           9          81     10.8238     11.1148
           9          82     11.0389     10.9927
           9          83      11.007     10.8306
           9          84     10.7879     10.6957
           9          85     10.6335     10.6122
           9          86     10.0203     10.4786
           9          87     9.68238     10.1572
           9          88     9.63535     10.0699
           9          89     10.0629     9.94171
           9          90     9.48253     9.73861
           9          91     9.38061     9.60837
           9          92     9.63207     9.44105
           9          93       9.147     9.14874
           9          94     9.16671     9.18023
           9          95      9.0344      9.1659
           9          96     8.82623     9.00076
           9          97     9.14206     8.95033
           9          98      8.8232     8.89394
           9          99     8.63889     8.87308
          10           0           0           0
          10           1           0           0
          10           2           0           0
          10           3           0           0
          10           4           0           0
          10           5           0           0
          10           6           0           0
          10           7           0           0
          10           8           0           0
          10           9           0           0
          10          10           0           0
          10          11           0           0
          10          12           0           0
          10          13           0           0
          10          14           0           0
          10          15           0           0
          10          16           0           0
          10          17           0           0
          10          18           0           0
          10          19           0           0
          10          20           0           0
          10          21           0           0
          10          22           0           0
          10          23           0           0
          10          24           0           0
          10          25           0           0
          10          26           0           0
          10          27           0           0
          10          28           0           0
          10          29           0           0
          10          30           0           0
          10          31           0           0
          10          32           0           0
          10          33   0.0271528   0.0171968
          10          34     0.34193     0.31885
          10          35     1.52831     1.82265
          10          36     5.59238     5.57093
          10          37     10.7785     10.9217
          10          38     15.9637     16.1239
          10          39     19.7301     19.2737
          10          40     21.8871     20.9976
          10          41     21.7998     21.3691
          10          42     21.2247     20.5005
          10          43     19.4654     19.1907
          10          44     17.8335     17.5738
          10          45     15.3359     16.1923
          10          46     13.7802     14.6363
          10          47     13.0117     13.3841
          10          48     12.4605     12.2042
          10          49     10.9032     11.2403
          10          50     9.65119     10.2767
          10          51     9.37303     9.63452
          10          52     8.88665     8.96268
          10          53     8.80655     8.46597
          10          54     8.47108     8.04333
          10          55     8.01526     7.70208
          10          56     7.62811      7.3632
          10          57      6.8218     7.22853
          10          58     7.35216     7.23166
          10          59     7.55263     7.12644
          10          60     7.09254     6.97034
          10          61     6.74881     6.86988
          10          62     6.95206      6.9924
          10          63     6.95828     7.23563
          10          64     6.98349     7.26725
          10          65     7.43768     7.58629
          10          66     7.36791     7.67932
          10          67     8.39421     8.03442
          10          68      8.5001     8.24874
          10          69     8.54247     8.53987
          10          70     8.98166     8.91064
          10          71     9.21522     9.32406
          10          72      9.4448      9.6512
          10          73     9.58117     9.98685
          10          74     10.6672     10.3321
          10          75     10.4527     10.5035
          10          76     10.3623     10.7061
          10          77     10.8535     10.8963
          10          78     10.7611     10.9059
          10          79     11.1255     11.0404
          10          80     11.3667     11.0949
          10          81     11.3113     11.1345
          10          82     11.0095     10.9944
          10          83     10.8395     10.8315
          10          84     10.6435     10.6905
          10          85     10.4564     10.5966
          10          86     10.5157     10.4823
          10          87      10.571     10.1986
          10          88     9.99445     10.0624
          10          89     10.0524     9.95278
          10          90      9.9741     9.76216
          10          91     9.25092     9.57263
          10          92     9.39792     9.43674
          10          93     9.28453     9.16232
          10          94     9.08402     9.17061
          10          95     8.99969     9.14928
          10          96     9.16282     9.01697
          10          97     8.80006      8.9353
          10          98     8.92114     8.89666
          10          99     9.39729      8.9255
