           0   0.0256496           0           0
           1   0.0512993           0           0
           2   0.0769489           0           0
           3    0.102599           0           0
           4    0.128248           0           0
           5    0.153898           0           0
           6    0.179547           0           0
           7    0.205197           0           0
           8    0.230847           0           0
           9    0.256496           0           0
          10    0.282146           0           0
          11    0.307796           0           0
          12    0.333445           0           0
          13    0.359095           0           0
          14    0.384745           0           0
          15    0.410394           0           0
          16    0.436044           0           0
          17    0.461694           0           0
          18    0.487343           0           0
          19    0.512993           0           0
          20    0.538642           0           0
          21    0.564292           0           0
          22    0.589942           0           0
          23    0.615591           0           0
          24    0.641241           0           0
          25    0.666891           0           0
          26     0.69254           0           0
          27     0.71819           0           0
          28     0.74384           0           0
          29    0.769489           0           0
          30    0.795139           0           0
          31    0.820788           0           0
          32    0.846438           0           0
          33    0.872088   0.0171968  0.00610147
          34    0.897737     0.31885   0.0338841
          35    0.923387     1.82265    0.070104
          36    0.949037     5.57093   0.0649318
          37    0.974686     10.9217    0.243625
          38     1.00034     16.1239    0.225436
          39     1.02599     19.2737    0.147461
          40     1.05164     20.9976    0.248468
          41     1.07728     21.3691    0.222026
          42     1.10293     20.5005    0.205506
          43     1.12858     19.1907     0.21294
          44     1.15423     17.5738     0.15615
          45     1.17988     16.1923    0.258701
          46     1.20553     14.6363    0.255059
          47     1.23118     13.3841    0.128568
          48     1.25683     12.2042     0.12898
          49     1.28248     11.2403    0.115705
          50     1.30813     10.2767    0.180282
          51     1.33378     9.63452    0.169188
          52     1.35943     8.96268    0.149104
          53     1.38508     8.46597    0.143076
          54     1.41073     8.04333    0.173832
          55     1.43638     7.70208    0.159187
          56     1.46203      7.3632     0.12012
          57     1.48768     7.22853   0.0928749
          58     1.51333     7.23166   0.0978489
          59     1.53898     7.12644    0.131719
          60     1.56463     6.97034    0.116083
          61     1.59028     6.86988   0.0546649
          62     1.61593      6.9924    0.105229
          63     1.64158     7.23563    0.102581
          64     1.66723     7.26725    0.124553
          65     1.69288     7.58629   0.0966498
          66     1.71853     7.67932   0.0985951
          67     1.74418     8.03442    0.136637
          68     1.76983     8.24874    0.134204
          69     1.79547     8.53987    0.098106
          70     1.82112     8.91064     0.12078
          71     1.84677     9.32406    0.149223
          72     1.87242      9.6512   0.0664122
          73     1.89807     9.98685   0.0814837
          74     1.92372     10.3321    0.100023
          75     1.94937     10.5035    0.102167
          76     1.97502     10.7061     0.11093
          77     2.00067     10.8963    0.122111
          78     2.02632     10.9059   0.0985611
          79     2.05197     11.0404   0.0921441
          80     2.07762     11.0949    0.107322
          81     2.10327     11.1345    0.112784
          82     2.12892     10.9944   0.0681854
          83     2.15457     10.8315   0.0792786
          84     2.18022     10.6905    0.100845
          85     2.20587     10.5966    0.112271
          86     2.23152     10.4823   0.0887204
          87     2.25717     10.1986   0.0825822
          88     2.28282     10.0624   0.0844407
          89     2.30847     9.95278   0.0978754
          90     2.33412     9.76216    0.107685
          91     2.35977     9.57263   0.0744195
          92     2.38542     9.43674   0.0760741
          93     2.41107     9.16232   0.0892198
          94     2.43672     9.17061   0.0824565
          95     2.46237     9.14928   0.0803755
          96     2.48802     9.01697   0.0494063
          97     2.51366      8.9353   0.0460343
          98     2.53931     8.89666   0.0661624
          99     2.56496      8.9255   0.0779813
