0.490352   -0.492399   -0.489005
-0.334769   -0.356422   -0.481841
-0.488463   -0.337166   -0.314954
-0.346553   0.494454   -0.315955
-0.164759   -0.498955   0.489376
0.000563019   -0.329193   -0.499832
-0.165231   -0.368669   -0.329499
0.00401072   -0.487644   -0.331562
0.160388   0.493013   -0.486946
0.355583   -0.337064   -0.488868
0.180146   -0.342094   -0.326329
0.335536   0.478832   -0.31889
-0.492903   -0.16908   -0.482242
-0.326093   0.00418525   -0.492519
-0.478395   0.00883154   -0.321901
-0.334096   -0.160728   -0.328982
-0.175328   -0.200214   -0.492761
-0.00281996   -0.0204123   0.487582
-0.169023   -0.013792   -0.348587
0.0136451   -0.171082   -0.334393
0.163568   -0.174696   -0.499759
0.330441   -0.000547268   0.487578
0.161613   -0.00411352   -0.324086
0.335704   -0.143144   -0.343221
0.484783   0.17451   -0.489872
-0.340878   0.318913   0.480987
0.487847   0.325942   -0.352121
-0.327367   0.15824   -0.324138
-0.163581   0.164946   -0.475836
0.0127397   0.315344   -0.486991
-0.166715   0.349813   -0.318503
-0.00352348   0.157376   -0.325119
0.164018   0.148813   -0.467052
0.336334   0.351605   0.496132
0.171779   0.29872   -0.303025
0.328688   0.132849   -0.322288
0.489924   0.498662   -0.161516
-0.326754   -0.350813   -0.157946
-0.484047   -0.334727   -0.00569237
-0.357496   0.475278   0.0143971
-0.170691   -0.497689   -0.145058
0.0119167   -0.312878   -0.167729
-0.152653   -0.333561   0.0117528
0.00669493   -0.479709   -0.00264216
0.153728   0.497718   -0.166302
0.339992   -0.329521   -0.179234
0.18015   -0.328253   -0.018113
0.322931   -0.498724   -0.0192108
-0.496979   -0.170289   -0.15242
-0.330852   0.0025873   -0.168495
0.497694   0.000901213   0.0132751
-0.326298   -0.154567   0.00344435
-0.172044   -0.190561   -0.183462
0.0102422   -0.0224472   -0.164014
-0.160341   -0.0086779   -0.00870912
-0.00596536   -0.158384   -0.000909378
0.169286   -0.173813   -0.165479
0.322595   -0.0232552   -0.156983
0.153654   -0.00292468   0.00409256
0.342842   -0.19149   -0.00472084
0.493097   0.162653   -0.165753
-0.346257   0.313358   -0.165232
0.492944   0.321555   0.00326354
-0.331126   0.150546   -0.00747584
-0.160643   0.158358   -0.165084
-0.00158412   0.326443   -0.146258
-0.17426   0.333024   0.00523224
-0.022344   0.151124   0.00669505
0.155012   0.156075   -0.145343
0.333041   0.317243   -0.151383
0.189091   0.338315   0.00568141
0.339624   0.166328   0.00645478
0.498221   0.498112   0.187698
-0.332742   -0.34561   0.158357
-0.499736   -0.341447   0.346354
-0.334739   -0.497651   0.328283
-0.170158   0.498044   0.145057
0.0217641   -0.31432   0.166773
-0.165661   -0.337111   0.303695
0.0140798   0.495097   0.321174
0.155035   0.499217   0.164097
0.326936   -0.352126   0.150422
0.153702   -0.337127   0.354727
0.316153   0.498052   0.327955
0.49425   -0.183304   0.175448
-0.325264   -0.0086462   0.177461
-0.499553   -0.0216013   0.341236
-0.318105   -0.166794   0.330768
-0.146426   -0.1423   0.164795
0.00646831   0.0226628   0.167631
-0.17013   0.00619013   0.347438
0.0238867   -0.164951   0.334175
0.195038   -0.182224   0.163945
0.346104   0.000950724   0.173312
0.182308   0.0100618   0.343193
0.342891   -0.18296   0.33917
-0.492603   0.167711   0.163243
-0.339792   0.317476   0.187778
0.496836   0.360311   0.347307
-0.310862   0.170773   0.338756
-0.164472   0.157702   0.186323
0.0110736   0.326482   0.156108
-0.160925   0.328961   0.349472
0.00896868   0.157915   0.348193
0.182368   0.166444   0.176677
0.342831   0.331425   0.174028
0.154664   0.329419   0.321203
0.354763   0.17127   0.329489
