           1    0.239213    0.239213           0
           2    0.233361    0.236287  0.00206922
           3    0.232794    0.235123  0.00167534
           4    0.236096    0.235366  0.00127405
           5    0.240812    0.236455  0.00140999
           6    0.236071    0.236391  0.00117644
           7    0.232616    0.235852  0.00112522
           8    0.232734    0.235462  0.00104988
           9    0.235783    0.235498  0.00093383
          10    0.235018     0.23545 0.000841677
          11    0.242197    0.236063 0.000963048
          12     0.23466    0.235946 0.000889861
          13     0.23501    0.235874 0.000824317
          14    0.241101    0.236248 0.000845763
          15     0.24014    0.236507 0.000828221
          16    0.240007    0.236726  0.00080482
          17    0.233972    0.236564 0.000773608
          18    0.235453    0.236502 0.000733086
          19    0.234825    0.236414 0.000699795
          20    0.239058    0.236546 0.000677177
