           1     1.76801     1.76801           0
           2     1.76287     1.76544  0.00181593
           3     1.72746     1.75278    0.010408
           4     1.69789     1.73906    0.014217
           5     1.72028      1.7353   0.0118591
           6     1.82322     1.74995   0.0166311
           7     1.82362     1.76048   0.0172666
           8     1.77053     1.76173   0.0151539
           9     1.71973     1.75707   0.0141707
          10     1.73764     1.75512   0.0128861
          11     1.78195     1.75756   0.0119431
          12     1.69322      1.7522   0.0120918
          13     1.72324     1.74997   0.0113651
          14     1.78846     1.75272   0.0108807
          15     1.77441     1.75417   0.0102509
          16      1.7493     1.75386  0.00961475
          17     1.75595     1.75399  0.00904996
          18     1.73054     1.75268  0.00864041
          19     1.78846     1.75457  0.00838831
          20     1.78072     1.75587  0.00807021
