           1     3.62362     3.62362           0
           2     3.72304     3.67333   0.0351526
           3     3.65949     3.66872   0.0237359
           4     3.71734     3.68087   0.0206812
           5     3.72015     3.68873   0.0179754
           6     3.54796     3.66527    0.026136
           7     3.36282     3.62206   0.0458478
           8     3.47855     3.60412    0.043485
           9     3.57073     3.60041   0.0388113
          10     3.38792     3.57916   0.0403295
          11     3.75415     3.59507   0.0396768
          12     3.60468     3.59587   0.0363785
          13     3.86868     3.61686    0.039168
          14       3.557     3.61258   0.0366029
          15     3.60432     3.61203   0.0341668
          16     3.93398     3.63215   0.0374911
          17     3.60797     3.63073   0.0353128
          18     3.53238     3.62527    0.033771
          19     3.64016     3.62605   0.0320027
          20     3.77844     3.63367   0.0312965
