           1    0.227948    0.227948           0
           2    0.221896    0.224922  0.00213954
           3    0.225506    0.225117   0.0014352
           4    0.220915    0.224066  0.00140933
           5    0.226231    0.224499  0.00119208
           6    0.221323     0.22397   0.0011047
           7    0.222421    0.223749  0.00096879
           8    0.217738    0.222997  0.00110111
           9    0.222703    0.222965 0.000979253
          10    0.223311    0.222999 0.000881941
          11    0.221611    0.222873  0.00081075
          12    0.225542    0.223095  0.00077309
          13    0.223899    0.223157 0.000716088
          14    0.221394    0.223031 0.000675918
          15     0.22662    0.223271 0.000671868
          16    0.224835    0.223368 0.000636953
          17    0.223249    0.223361 0.000599524
          18     0.22445    0.223422 0.000569262
          19    0.218525    0.223164 0.000594796
          20    0.219575    0.222985 0.000591507
