           1    0.250127    0.250127           0
           2    0.251087    0.250607 0.000339268
           3    0.250751    0.250655 0.000229553
           4    0.254512    0.251619 0.000852679
           5    0.255646    0.252424  0.00099207
           6    0.246395    0.251419  0.00123496
           7    0.249715    0.251176  0.00108227
           8    0.248817    0.250881 0.000986353
           9    0.248174     0.25058 0.000921484
          10    0.249997    0.250522 0.000831183
          11    0.253755    0.250816 0.000805903
          12    0.255129    0.251175 0.000814977
          13    0.250055    0.251089 0.000756827
          14    0.251863    0.251144 0.000704782
          15    0.254427    0.251363 0.000690939
          16    0.254855    0.251581 0.000681353
          17    0.250912    0.251542 0.000642411
          18    0.248125    0.251352 0.000634145
          19    0.249695    0.251265 0.000606736
          20    0.251163     0.25126  0.00057642
