           1    0.299093    0.299093           0
           2    0.314196    0.306644  0.00533985
           3    0.299006    0.304098  0.00412248
           4    0.312267     0.30614  0.00356192
           5    0.309213    0.306755  0.00290208
           6    0.301044    0.305803  0.00256975
           7    0.303184    0.305429   0.0022297
           8     0.30604    0.305505   0.0019523
           9    0.301915    0.305107  0.00177567
          10     0.30628    0.305224  0.00160197
          11    0.301486    0.304884  0.00149195
          12    0.298491    0.304351  0.00145964
          13    0.299495    0.303978  0.00139434
          14    0.302732    0.303889  0.00129758
          15     0.30674    0.304079  0.00122492
          16    0.314595    0.304736  0.00131291
          17    0.306223    0.304824  0.00123859
          18    0.304412    0.304801  0.00116999
          19    0.310893    0.305121  0.00115151
          20    0.300523    0.304891  0.00111665
