           1     2.80986     2.80986           0
           2     2.86619     2.83802   0.0199171
           3     2.71567     2.79724    0.035851
           4     2.74115     2.78321   0.0295034
           5     2.67421     2.76141   0.0306161
           6     2.76648     2.76226   0.0255251
           7     2.68614     2.75138   0.0240838
           8     2.67874      2.7423   0.0227206
           9     2.77667     2.74612   0.0205144
          10     2.76275     2.74778   0.0185303
          11     2.81981     2.75433   0.0179653
          12     2.72533     2.75192     0.01663
          13     2.66254     2.74504   0.0167115
          14       2.836     2.75154   0.0167333
          15     2.89842     2.76133   0.0182595
          16     2.78237     2.76265   0.0171655
          17     2.71273     2.75971    0.016405
          18     2.68366     2.75548   0.0160284
          19     2.81286      2.7585   0.0154667
          20     2.72153     2.75666   0.0148034
