           1     1.64118     1.64118           0
           2     1.65341      1.6473  0.00432531
           3     1.61298     1.63586  0.00977327
           4     1.56833     1.61898   0.0163555
           5     1.54858      1.6049   0.0181603
           6     1.60343     1.60465   0.0151352
           7     1.62252     1.60721   0.0131866
           8      1.5999     1.60629   0.0115698
           9     1.56439     1.60164    0.011182
          10     1.65802     1.60727   0.0113968
          11     1.59619     1.60627   0.0104052
          12     1.52899     1.59983   0.0113575
          13     1.60204         1.6   0.0104852
          14     1.63744     1.60267   0.0100715
          15     1.63293     1.60469  0.00960003
          16     1.62657     1.60606  0.00909695
          17     1.64831     1.60854  0.00889497
          18     1.62486     1.60945  0.00844687
          19     1.61128     1.60954  0.00800285
          20      1.6079     1.60946  0.00760313
