           1    0.270029    0.270029           0
           2    0.268345    0.269187 0.000595559
           3    0.265477     0.26795  0.00108505
           4    0.272304    0.269039  0.00124534
           5    0.274893     0.27021  0.00144546
           6    0.261928    0.268829   0.0017432
           7    0.266125    0.268443  0.00153638
           8    0.270051    0.268644  0.00135742
           9    0.267041    0.268466  0.00121822
          10    0.270141    0.268633  0.00110786
          11     0.26992     0.26875  0.00101329
          12    0.269457    0.268809 0.000930565
          13    0.268321    0.268772 0.000859742
          14    0.267915    0.268711 0.000800507
          15    0.266871    0.268588 0.000756473
          16      0.2734    0.268889  0.00076666
          17    0.269392    0.268918 0.000722133
          18    0.271169    0.269043 0.000692758
          19    0.267203    0.268947 0.000663031
          20    0.268757    0.268937 0.000629947
