           1     4.40304     4.40304           0
           2     4.66534     4.53419   0.0927391
           3     4.15454     4.40764    0.120413
           4     4.42097     4.41097   0.0903557
           5     4.15038     4.35885   0.0860122
           6     4.46297     4.37621   0.0734065
           7     4.56714     4.40348   0.0677982
           8     4.16053     4.37311   0.0657743
           9     4.07399     4.33988   0.0663337
          10     4.19467     4.32536    0.061269
          11     4.37127     4.32953   0.0558411
          12     4.17566     4.31671   0.0526393
          13     4.70704     4.34673   0.0565082
          14     4.29393     4.34296   0.0525976
          15     4.22156     4.33487   0.0497099
          16     4.65931     4.35515     0.05057
          17     4.33575       4.354   0.0476081
          18     4.62651     4.36914   0.0473091
          19     4.35709     4.36851   0.0448234
          20     4.33165     4.36667   0.0426201
