           1   -0.532752   -0.532752           0
           2    -0.53612   -0.534436  0.00119077
           3   -0.530424   -0.533099     0.00135
           4   -0.530288   -0.532396   0.0011813
           5   -0.532416     -0.5324 0.000945043
           6   -0.533504   -0.532584 0.000805249
           7      -0.535   -0.532929 0.000760593
           8   -0.533224   -0.532966 0.000666411
           9    -0.53288   -0.532956 0.000592434
          10    -0.53136   -0.532797 0.000554283
          11   -0.529912   -0.532535 0.000562524
          12   -0.530512   -0.532366 0.000540308
          13    -0.53296   -0.532412 0.000500674
          14   -0.533392   -0.532482 0.000469783
          15   -0.533216   -0.532531 0.000441007
          16   -0.531592   -0.532472 0.000417328
          17   -0.529912   -0.532321 0.000419068
          18   -0.528672   -0.532119 0.000442119
          19   -0.530472   -0.532032  0.00042726
          20   -0.532192    -0.53204 0.000405971
