           1   -0.025176   -0.025176           0
           2     -0.0038   -0.014488  0.00755756
           3   -0.009848  -0.0129413  0.00519422
           4    0.015592   -0.005808  0.00730339
           5     0.01192  -0.0022624  0.00664788
           6   -0.005284   -0.002766  0.00555894
           7   -0.007116 -0.00338743  0.00479942
           8    0.015868  -0.0009805  0.00476496
           9   -0.001628 -0.00105244  0.00423607
          10   -0.013872  -0.0023344  0.00400174
          11      0.0014 -0.00199491  0.00365232
          12    -0.01052 -0.00270533  0.00341635
          13     0.00628 -0.00201415  0.00322271
          14   -0.003892 -0.00214829  0.00299531
          15   -0.004068 -0.00227627  0.00279836
          16   -0.001036 -0.00219875  0.00262453
          17   -0.002868 -0.00223812  0.00247044
          18    0.009264 -0.00159911  0.00241443
          19    0.018164-0.000558947  0.00250139
          20   -0.008852  -0.0009736  0.00241045
