           1     1.89222     1.89222           0
           2     1.97652     1.93437   0.0298039
           3     1.93139     1.93338   0.0198858
           4     1.94392     1.93601   0.0150881
           5     1.99359     1.94753   0.0158683
           6     1.95381     1.94858   0.0132581
           7     1.95397     1.94935   0.0113865
           8     1.99549     1.95511   0.0113302
           9     2.01512     1.96178   0.0118721
          10     1.94406     1.96001   0.0108163
          11     1.91152      1.9556   0.0106935
          12     1.92489     1.95304   0.0101041
          13     1.87957     1.94739   0.0107925
          14     1.83594     1.93943   0.0126207
          15     1.94807        1.94   0.0117925
          16     1.91866     1.93867   0.0111307
          17     1.84619     1.93323   0.0117302
          18     1.92894     1.93299   0.0110809
          19     1.86731     1.92954   0.0110238
          20     1.99971     1.93304   0.0110168
