           1   -0.651088   -0.651088           0
           2   -0.653976   -0.652532  0.00102106
           3   -0.649512   -0.651525  0.00106722
           4    -0.64872   -0.650824  0.00100477
           5   -0.649032   -0.650466 0.000865378
           6   -0.648304   -0.650105   0.0007926
           7   -0.651912   -0.650363 0.000720168
           8    -0.64836   -0.650113  0.00067228
           9   -0.650864   -0.650196 0.000602739
          10     -0.6512   -0.650297 0.000550756
          11   -0.650984   -0.650359 0.000504218
          12   -0.649824   -0.650315 0.000464169
          13   -0.652272   -0.650465 0.000452224
          14   -0.653176   -0.650659 0.000459509
          15   -0.649544   -0.650585 0.000434844
          16    -0.65012   -0.650556 0.000408634
          17   -0.648672   -0.650445 0.000399335
          18    -0.64584   -0.650189 0.000451717
          19   -0.651408   -0.650253 0.000432475
          20   -0.648424   -0.650162  0.00042041
