           1    0.216134    0.216134           0
           2    0.207341    0.211738  0.00310885
           3    0.214355     0.21261  0.00219159
           4    0.208492    0.211581  0.00186996
           5    0.209391    0.211143  0.00154639
           6    0.212661    0.211396  0.00130919
           7    0.207184    0.210794   0.0012528
           8    0.202442     0.20975  0.00146813
           9    0.206386    0.209376  0.00135175
          10    0.208913     0.20933  0.00121737
          11    0.208791    0.209281  0.00110769
          12    0.205357    0.208954  0.00106255
          13    0.210816    0.209097 0.000990417
          14    0.211656     0.20928 0.000936391
          15    0.210532    0.209363 0.000877677
          16     0.21307    0.209595 0.000852844
          17    0.207477     0.20947 0.000811727
          18    0.214947    0.209775 0.000821679
          19    0.209977    0.209785 0.000778502
          20     0.21361    0.209977 0.000762707
