           1   -0.493992   -0.493992           0
           2   -0.496112   -0.495052 0.000749533
           3   -0.495896   -0.495333 0.000549959
           4   -0.492792   -0.494698 0.000687653
           5    -0.49404   -0.494566 0.000562574
           6    -0.49432   -0.494525 0.000470308
           7   -0.497888   -0.495006 0.000600255
           8   -0.497056   -0.495262 0.000577349
           9    -0.49616   -0.495362 0.000521749
          10   -0.495504   -0.495376 0.000469768
          11   -0.493192   -0.495177 0.000467139
          12   -0.493024   -0.494998 0.000461394
          13   -0.496536   -0.495116 0.000440809
          14   -0.498152   -0.495333  0.00045957
          15   -0.495568   -0.495349 0.000429198
          16   -0.495512   -0.495359 0.000402495
          17   -0.495224   -0.495351 0.000378897
          18   -0.494768   -0.495319 0.000359229
          19   -0.493744   -0.495236 0.000349752
          20    -0.49408   -0.495178 0.000337005
