           1     2.48111     2.48111           0
           2     2.50552     2.49331  0.00862992
           3     2.40133     2.46265    0.025686
           4     2.42087     2.45221   0.0212824
           5     2.38274     2.43831   0.0210783
           6     2.48304     2.44577   0.0188373
           7     2.39573     2.43862     0.01745
           8     2.58935     2.45746   0.0233182
           9      2.4938      2.4615    0.021074
          10      2.5198     2.46733   0.0197565
          11       2.414     2.46248   0.0185459
          12     2.40584     2.45776   0.0175908
          13     2.43726     2.45618   0.0163082
          14     2.42171     2.45372   0.0153281
          15      2.4683     2.45469    0.014337
          16     2.50531     2.45786   0.0137855
          17     2.34152     2.45101   0.0145744
          18     2.35366      2.4456   0.0147342
          19     2.41758     2.44413   0.0140323
          20     2.39891     2.44187   0.0135116
