           1    -0.00452    -0.00452           0
           2   -0.015456   -0.009988  0.00386646
           3   -0.001388 -0.00712133  0.00348177
           4    0.012276   -0.002272  0.00494531
           5    0.004976  -0.0008224  0.00416329
           6   -0.012292   -0.002734  0.00388355
           7    0.002068   -0.002048   0.0033888
           8    0.004564  -0.0012215  0.00306433
           9   -0.015504 -0.00280844  0.00310772
          10   -0.008824    -0.00341  0.00285458
          11   -0.008348 -0.00385891  0.00263013
          12   -0.006452   -0.004075  0.00241981
          13   -0.001464 -0.00387415  0.00224199
          14   -0.005404 -0.00398343  0.00208451
          15    0.015644 -0.00267493  0.00232016
          16    -6.4e-05 -0.00251175  0.00218089
          17    0.006896 -0.00195835  0.00212165
          18   -0.023148 -0.00313556  0.00230737
          19    0.004104 -0.00275453  0.00221717
          20   -0.005912  -0.0029124  0.00211192
