           1   -0.624456   -0.624456           0
           2   -0.625288   -0.624872 0.000294156
           3   -0.621376   -0.623707 0.000971489
           4   -0.620192   -0.622828  0.00105353
           5   -0.623608   -0.622984 0.000854295
           6   -0.626128   -0.623508  0.00085769
           7   -0.627704   -0.624107 0.000921113
           8    -0.62324   -0.623999 0.000812331
           9   -0.623344   -0.623926 0.000725324
          10   -0.621968    -0.62373 0.000678711
          11     -0.6222   -0.623591 0.000631109
          12   -0.623864   -0.623614 0.000578926
          13   -0.624496   -0.623682 0.000538354
          14    -0.62372   -0.623685 0.000499907
          15   -0.623136   -0.623648 0.000467915
          16    -0.61988   -0.623413 0.000494395
          17   -0.624032   -0.623449 0.000466654
          18   -0.622528   -0.623398 0.000443524
          19   -0.623944   -0.623427 0.000421112
          20   -0.624208   -0.623466 0.000401865
