           1   -0.676432   -0.676432           0
           2   -0.683048    -0.67974  0.00233911
           3   -0.677912   -0.679131  0.00163685
           4   -0.676344   -0.678434  0.00136788
           5   -0.677648   -0.678277   0.0011033
           6    -0.67864   -0.678337 0.000921077
           7   -0.679968    -0.67857 0.000818423
           8   -0.678552   -0.678568 0.000716123
           9   -0.678968   -0.678612 0.000637931
          10   -0.678856   -0.678637 0.000574603
          11   -0.680272   -0.678785 0.000541254
          12   -0.678352   -0.678749 0.000497353
          13    -0.68084    -0.67891 0.000484399
          14   -0.679176   -0.678929 0.000450171
          15     -0.6774   -0.678827 0.000431548
          16   -0.681264    -0.67898 0.000430613
          17   -0.675928     -0.6788 0.000441111
          18   -0.677624   -0.678735 0.000421415
          19     -0.6796    -0.67878 0.000401689
          20   -0.681528   -0.678918 0.000404418
