           1   -0.577248   -0.577248           0
           2    -0.57676   -0.577004 0.000172534
           3   -0.573544   -0.575851 0.000948691
           4   -0.573936   -0.575372 0.000823468
           5   -0.574832   -0.575264 0.000665819
           6   -0.575976   -0.575383 0.000565325
           7   -0.578888   -0.575883 0.000670628
           8   -0.575928   -0.575889 0.000586823
           9   -0.576968   -0.576009 0.000533726
          10    -0.57504   -0.575912 0.000489069
          11   -0.574328   -0.575768 0.000465325
          12   -0.574784   -0.575686 0.000433713
          13   -0.577072   -0.575793 0.000413247
          14    -0.57672   -0.575859 0.000389002
          15   -0.576688   -0.575914 0.000366975
          16   -0.573336   -0.575753 0.000377762
          17     -0.5714   -0.575497 0.000433726
          18   -0.572552   -0.575333 0.000439406
          19   -0.577336   -0.575439 0.000428735
          20   -0.576608   -0.575497 0.000411265
