           1    0.006892    0.006892           0
           2   -0.006552     0.00017  0.00475317
           3    0.013956  0.00476533  0.00491113
           4    0.007644    0.005485  0.00373571
           5     0.01032    0.006452  0.00311121
           6    0.009408  0.00694467  0.00263139
           7   -0.009912  0.00453657  0.00317138
           8    -0.00624   0.0031895  0.00304765
           9    0.001004  0.00294667  0.00271868
          10   -0.005908   0.0020612  0.00258699
          11    0.012748  0.00303273  0.00252766
          12      0.0001  0.00278833  0.00232881
          13    0.011228  0.00343754  0.00223833
          14    0.004012  0.00347857  0.00207883
          15   -0.009096  0.00264027  0.00210248
          16    0.011248  0.00317825  0.00203875
          17    0.016048  0.00393529  0.00205457
          18    0.005716  0.00403422  0.00194281
          19   -0.003364  0.00364484  0.00187917
          20    0.001544   0.0035398  0.00178815
