           1    0.317722    0.317722           0
           2    0.326768    0.322245  0.00319812
           3    0.325747    0.323412  0.00233537
           4    0.325386    0.323906   0.0018029
           5    0.326432    0.324411  0.00151147
           6     0.31572    0.322963  0.00182615
           7    0.319692    0.322495  0.00162393
           8    0.324295     0.32272  0.00143643
           9    0.324012    0.322864  0.00128398
          10    0.328137    0.323391  0.00125923
          11    0.323233    0.323377  0.00114484
          12    0.323134    0.323357  0.00104961
          13     0.32794    0.323709  0.00102639
          14    0.332819     0.32436  0.00114082
          15    0.319041    0.324005  0.00111852
          16    0.335614    0.324731  0.00126219
          17    0.324474    0.324716  0.00118804
          18    0.327267    0.324857  0.00113046
          19    0.326518    0.324945  0.00107433
          20    0.320693    0.324732  0.00104144
