           1    -0.00708    -0.00708           0
           2    0.003136   -0.001972   0.0036119
           3   -0.000836 -0.00159333   0.0024277
           4   -0.004752   -0.002383  0.00194497
           5   -0.003368    -0.00258  0.00156592
           6    0.001448 -0.00190867  0.00144168
           7       0.013 0.000221143  0.00232703
           8    0.005904   0.0009315  0.00214183
           9    0.002716  0.00112978  0.00191301
          10    0.006648   0.0016816  0.00179954
          11    0.011332  0.00255891  0.00183739
          12    0.003016    0.002597  0.00168467
          13   -0.004008  0.00208892   0.0016299
          14    0.000508    0.001976  0.00151738
          15    0.008792   0.0024304   0.0014827
          16    0.009156  0.00285075  0.00144839
          17   -0.007808  0.00222376  0.00149274
          18    0.008776  0.00258778  0.00145352
          19   -0.005644  0.00215453  0.00144014
          20   -0.004348   0.0018294  0.00140435
