           1   -0.006452   -0.006452           0
           2   -0.036144   -0.021298   0.0104977
           3     -0.0219  -0.0214987  0.00700039
           4    -0.00104   -0.016384  0.00686916
           5     0.01124  -0.0108592  0.00739036
           6   -0.019808  -0.0123507  0.00630734
           7    -0.01148  -0.0122263  0.00540751
           8   -0.009024   -0.011826  0.00474637
           9   -0.019964  -0.0127302  0.00430426
          10   -0.004328    -0.01189  0.00395499
          11      -0.018  -0.0124455  0.00363425
          12    0.001212  -0.0113073  0.00350507
          13    0.019172 -0.00896277  0.00394237
          14   -0.001028   -0.008396  0.00370129
          15    0.002484 -0.00767067  0.00352489
          16   -0.014772  -0.0081145  0.00333241
          17   -0.003156 -0.00782282  0.00314913
          18    0.013448 -0.00664111  0.00318819
          19    0.002208 -0.00617537  0.00305422
          20   -0.006548   -0.006194  0.00290157
