           1     2.28456     2.28456           0
           2     2.18568     2.23512   0.0349575
           3     2.14096     2.20373   0.0346382
           4     2.06406     2.16881   0.0398666
           5     2.12608     2.16027   0.0327968
           6     2.18935     2.16511   0.0276865
           7     2.14661     2.16247   0.0238572
           8      2.1499      2.1609   0.0209267
           9      2.2002     2.16527   0.0190516
          10     2.22235     2.17097   0.0179814
          11     2.12152     2.16648   0.0168994
          12     2.08976     2.16008   0.0166567
          13     2.22529      2.1651    0.016113
          14     2.16201     2.16488   0.0149635
          15     2.18874     2.16647   0.0140503
          16      2.1926      2.1681   0.0132667
          17     2.19148     2.16948   0.0125574
          18     2.13845     2.16775   0.0119775
          19     2.14347     2.16648   0.0114151
          20     2.16772     2.16654   0.0108445
