           1     0.00354     0.00354           0
           2    0.000744    0.002142 0.000988535
           3   -0.003164 0.000373333  0.00158738
           4    0.003768    0.001222  0.00139912
           5     0.00436   0.0018496  0.00125217
           6    0.000204  0.00157533  0.00107309
           7   -0.008224 0.000175429  0.00158927
           8   -0.006964   -0.000717  0.00162194
           9    -0.00172-0.000828444  0.00144555
          10    0.008852   0.0001396  0.00159248
          11   -0.000484 8.29091e-05  0.00144871
          12   -0.005312-0.000366667    0.001396
          13    -0.00484-0.000710769  0.00133035
          14    0.003108   -0.000438  0.00126298
          15    0.002716-0.000227733  0.00119616
          16    0.011932  0.00053225  0.00134127
          17     0.00582 0.000843294  0.00129794
          18   -0.008736 0.000311111  0.00133047
          19   -0.003608 0.000104842  0.00127633
          20    0.001432   0.0001712  0.00121424
