           1     1.49429     1.49429           0
           2     1.54007     1.51718   0.0161868
           3     1.47811     1.50416     0.01515
           4     1.45379     1.49156   0.0157493
           5     1.44096     1.48144   0.0155138
           6     1.49496      1.4837   0.0130906
           7     1.43773     1.47713   0.0127618
           8     1.46362     1.47544   0.0112777
           9     1.44316     1.47185   0.0105795
          10     1.53586     1.47826    0.011293
          11     1.42827     1.47371   0.0111432
          12     1.40753      1.4682   0.0114986
          13     1.50873     1.47131   0.0110286
          14     1.52854      1.4754   0.0109723
          15      1.4759     1.47543   0.0102408
          16     1.53149     1.47894   0.0101824
          17     1.50848     1.48068  0.00973063
          18     1.46255     1.47967  0.00924201
          19     1.43561     1.47735  0.00904184
          20     1.54969     1.48097   0.0092851
