           1   -0.478392   -0.478392           0
           2    -0.47972   -0.479056 0.000469519
           3   -0.478568   -0.478893 0.000340025
           4    -0.47524    -0.47798 0.000831064
           5   -0.475088   -0.477402 0.000842416
           6   -0.477392     -0.4774 0.000702015
           7   -0.479632   -0.477719  0.00067024
           8   -0.478584   -0.477827  0.00059512
           9   -0.480432   -0.478116 0.000595236
          10   -0.479288   -0.478234  0.00054712
          11   -0.476344   -0.478062 0.000523656
          12   -0.475848   -0.477877 0.000511484
          13   -0.480952   -0.478114 0.000523975
          14   -0.480536   -0.478287 0.000514319
          15    -0.47972   -0.478382 0.000488825
          16   -0.477816   -0.478347 0.000459554
          17   -0.477968   -0.478325 0.000433061
          18   -0.478224   -0.478319 0.000409039
          19    -0.47624    -0.47821 0.000401881
          20   -0.477104   -0.478154 0.000385571
