           1   -0.461192   -0.461192           0
           2   -0.464248    -0.46272  0.00108046
           3    -0.46072   -0.462053 0.000902849
           4   -0.459008   -0.461292 0.000945112
           5    -0.46132   -0.461298 0.000756106
           6   -0.461648   -0.461356  0.00063234
           7   -0.462936   -0.461582 0.000580895
           8      -0.462   -0.461634  0.00051063
           9   -0.464104   -0.461908 0.000522466
          10   -0.461888   -0.461906 0.000470223
          11   -0.462088   -0.461923 0.000427765
          12    -0.46088   -0.461836  0.00040085
          13   -0.463928   -0.461997 0.000401018
          14   -0.465048   -0.462215  0.00042751
          15   -0.463904   -0.462327 0.000413575
          16   -0.463448   -0.462398 0.000393611
          17    -0.46184   -0.462365 0.000371821
          18   -0.463816   -0.462445   0.0003598
          19   -0.460296   -0.462332 0.000358205
          20    -0.46184   -0.462308 0.000341139
