           1     3.12096     3.12096           0
           2     3.20645      3.1637   0.0302267
           3     3.14494     3.15745   0.0207884
           4     3.00105     3.11835   0.0372779
           5     3.26066     3.14681   0.0392105
           6     3.15449     3.14809   0.0326963
           7     3.27742     3.16657   0.0328332
           8     3.10634     3.15904   0.0295797
           9     3.08272     3.15056   0.0274818
          10     2.97355     3.13286   0.0298953
          11     3.17861     3.13702   0.0274653
          12     3.13574     3.13691   0.0251768
          13     3.21662     3.14304   0.0239752
          14     3.17988     3.14567   0.0224066
          15     3.11077     3.14335   0.0210333
          16     3.17752     3.14548   0.0198268
          17     3.25138     3.15171   0.0196147
          18     3.01314     3.14401   0.0199787
          19     3.23452     3.14878   0.0194868
          20     3.16921      3.1498   0.0185392
