           1   -0.599224   -0.599224           0
           2   -0.601992   -0.600608 0.000978636
           3   -0.596112   -0.599109  0.00138672
           4    -0.59604   -0.598342  0.00123421
           5   -0.597824   -0.598238 0.000991709
           6   -0.600352   -0.598591 0.000886785
           7   -0.601616   -0.599023 0.000858987
           8   -0.600264   -0.599178 0.000765496
           9   -0.599672   -0.599233 0.000682406
          10   -0.596128   -0.598922 0.000681147
          11   -0.597312   -0.598776 0.000634763
          12   -0.598544   -0.598757  0.00058216
          13   -0.601008    -0.59893 0.000562548
          14   -0.598264   -0.598882 0.000524372
          15    -0.59816   -0.598834  0.00049162
          16   -0.596792   -0.598707 0.000477174
          17   -0.596496   -0.598576 0.000466485
          18   -0.598464    -0.59857 0.000440611
          19   -0.598312   -0.598557 0.000417631
          20    -0.59756   -0.598507 0.000399711
