           1    0.361805    0.361805           0
           2    0.372513    0.367159  0.00378604
           3    0.375258    0.369859   0.0033511
           4     0.37648    0.371514  0.00289337
           5    0.374891     0.37219  0.00239222
           6    0.369426    0.371729  0.00203737
           7    0.352412    0.368969  0.00309462
           8    0.355726    0.367314  0.00311932
           9    0.357814    0.366258  0.00294593
          10     0.36737     0.36637  0.00265343
          11    0.361538     0.36593  0.00244829
          12    0.354329    0.364964  0.00242766
          13    0.367915    0.365191  0.00225151
          14    0.363373    0.365061  0.00209442
          15    0.366529    0.365159  0.00195708
          16    0.369697    0.365442   0.0018552
          17    0.371828    0.365818   0.0017837
          18     0.38015    0.366614  0.00185382
          19      0.3635     0.36645  0.00176347
          20    0.365675    0.366411  0.00167573
