           1   -0.511648   -0.511648           0
           2   -0.515032    -0.51334  0.00119642
           3   -0.512952   -0.513211 0.000804577
           4   -0.510608    -0.51256 0.000825625
           5   -0.512176   -0.512483 0.000664062
           6      -0.514   -0.512736 0.000599576
           7   -0.516712   -0.513304  0.00073529
           8   -0.513008   -0.513267 0.000644309
           9    -0.51364   -0.513308  0.00057405
          10   -0.513048   -0.513282 0.000517236
          11   -0.511304   -0.513103 0.000500508
          12    -0.51016   -0.512857 0.000515378
          13   -0.514384   -0.512975 0.000488931
          14    -0.51516   -0.513131 0.000478273
          15   -0.514176   -0.513201 0.000451435
          16   -0.512672   -0.513167 0.000424428
          17    -0.51232   -0.513118 0.000402378
          18   -0.510696   -0.512983 0.000401886
          19   -0.512744   -0.512971 0.000380931
          20   -0.513448   -0.512994 0.000362632
