           1     0.00024     0.00024           0
           2    0.011372    0.005806  0.00393576
           3    0.008488      0.0067  0.00272348
           4   -0.000984    0.004779  0.00263438
           5     -0.0052   0.0027832  0.00276191
           6    0.000172    0.002348  0.00233563
           7    -0.00646  0.00108971  0.00231624
           8    -0.00666    0.000121  0.00222006
           9    -0.00672-0.000639111  0.00209948
          10     0.00408  -0.0001672  0.00194185
          11   -0.002192-0.000351273  0.00177402
          12     -0.0011-0.000413667  0.00162728
          13    0.005888 7.10769e-05  0.00157265
          14    0.000412 9.54286e-05   0.0014605
          15   -0.006868  -0.0003688  0.00143502
          16    0.001896 -0.00022725  0.00135229
          17   -0.006096-0.000572471  0.00131607
          18    0.000712-0.000501111  0.00124489
          19    0.007304-9.03158e-05  0.00124531
          20    0.001636      -4e-06  0.00118603
