           1    0.004932    0.004932           0
           2    -0.01152   -0.003294  0.00581666
           3    0.000172 -0.00213867  0.00399086
           4    -0.00012   -0.001634  0.00302489
           5     0.00984   0.0006608  0.00317315
           6   -0.013152 -0.00164133  0.00337769
           7    0.004604-0.000749143  0.00301069
           8    -0.00324  -0.0010605   0.0026504
           9   -0.008052 -0.00183733  0.00246713
          10   -0.006656  -0.0023192  0.00226699
          11    -0.00936 -0.00295927  0.00214936
          12   -0.010468   -0.003585  0.00205932
          13   -0.002384 -0.00349262  0.00190298
          14     0.00652 -0.00277743  0.00189669
          15    -0.00416  -0.0028696  0.00177248
          16     -0.0004 -0.00271525  0.00166841
          17    0.002352 -0.00241718  0.00159667
          18    0.004724 -0.00202044  0.00155648
          19    0.006024 -0.00159705  0.00153106
          20    0.002276  -0.0014034   0.0014667
