           1   -0.000156   -0.000156           0
           2     1.2e-05    -7.2e-05  5.9397e-05
           3    0.000256 3.73333e-05 9.76585e-05
           4    0.006572    0.001671  0.00141669
           5    -0.00414   0.0005088  0.00153787
           6      -8e-05 0.000410667  0.00128469
           7   -0.003056-8.45714e-05   0.0011928
           8     0.00462   0.0005035  0.00117979
           9    0.007604  0.00129244  0.00128571
          10    0.003564   0.0015196  0.00117704
          11     0.00888  0.00218873  0.00124579
          12   -0.005032    0.001587  0.00127907
          13   -0.004936  0.00108523  0.00127531
          14    0.005292  0.00138571   0.0012191
          15    0.008472  0.00185813  0.00122595
          16    0.002916  0.00192425  0.00115111
          17    0.001608  0.00190565  0.00108355
          18   -0.001848  0.00169711  0.00104322
          19    -0.00058  0.00157726 0.000995177
          20     4.8e-05   0.0015008 0.000948351
