           1     1.38353     1.38353           0
           2     1.38178     1.38265  0.00062084
           3     1.35979     1.37503  0.00623709
           4      1.3162     1.36032   0.0135693
           5     1.32973      1.3542   0.0121571
           6     1.35286     1.35398    0.010133
           7     1.35453     1.35406  0.00868575
           8     1.36932     1.35597   0.0078066
           9     1.35929     1.35634  0.00694792
          10     1.33716     1.35442  0.00651246
          11     1.34052     1.35315  0.00604179
          12     1.29102     1.34798   0.0074327
          13     1.33487     1.34697  0.00692897
          14      1.3966     1.35051   0.0072846
          15     1.42396     1.35541  0.00828254
          16     1.33214     1.35395  0.00789153
          17     1.37472     1.35518  0.00752123
          18     1.35845     1.35536  0.00710558
          19      1.3235     1.35368  0.00692656
          20     1.33991     1.35299  0.00661436
