           1    0.283445    0.283445           0
           2    0.291082    0.287263  0.00269983
           3     0.27941    0.284645  0.00279437
           4    0.290827    0.286191  0.00248661
           5    0.290081    0.286969  0.00210751
           6     0.28166    0.286084  0.00193309
           7    0.287997    0.286357  0.00167615
           8    0.289303    0.286726  0.00150652
           9    0.283871    0.286408  0.00137212
          10    0.286843    0.286452  0.00123559
          11    0.281084    0.285964  0.00121583
          12    0.280689    0.285524  0.00119133
          13    0.287613    0.285685  0.00111048
          14    0.288555     0.28589  0.00104992
          15    0.281765    0.285615  0.00101529
          16    0.292854    0.286067   0.0010478
          17    0.280805    0.285758  0.00103088
          18     0.28274     0.28559 0.000987148
          19    0.291072    0.285879 0.000976447
          20    0.286877    0.285929   0.0009289
