           1   -0.554736   -0.554736           0
           2   -0.556168   -0.555452 0.000506288
           3   -0.552248   -0.554384 0.000935061
           4   -0.549264   -0.553104  0.00131172
           5   -0.552952   -0.553074  0.00104973
           6    -0.55436   -0.553288 0.000896403
           7   -0.555088   -0.553545 0.000804382
           8   -0.553232   -0.553506 0.000704786
           9   -0.553504   -0.553506 0.000626477
          10   -0.551752    -0.55333 0.000587865
          11   -0.551232    -0.55314 0.000564526
          12   -0.551408   -0.552995 0.000535608
          13   -0.557128   -0.553313  0.00058114
          14     -0.5546   -0.553405  0.00054685
          15   -0.552952   -0.553375 0.000511227
          16   -0.552168     -0.5533 0.000484809
          17   -0.552384   -0.553246 0.000459272
          18    -0.54996   -0.553063 0.000468629
          19   -0.554408   -0.553134 0.000449278
          20   -0.552592   -0.553107 0.000427631
