           1    0.340101    0.340101           0
           2    0.346393    0.343247   0.0022243
           3     0.35274    0.346411  0.00297903
           4    0.342051    0.345321  0.00242556
           5    0.347465     0.34575  0.00197799
           6    0.336605    0.344226  0.00215701
           7    0.341995    0.343907  0.00187226
           8    0.343506    0.343857   0.0016389
           9    0.346408     0.34414   0.0014811
          10    0.346146    0.344341  0.00134651
          11    0.350293    0.344882  0.00132839
          12     0.34055    0.344521   0.0012658
          13    0.350624    0.344991  0.00125247
          14    0.341696    0.344755  0.00118492
          15    0.335671     0.34415  0.00125116
          16    0.353151    0.344712  0.00129328
          17    0.345386    0.344752  0.00121782
          18      0.3487    0.344971  0.00116975
          19    0.345389    0.344993  0.00110839
          20    0.348169    0.345152  0.00106429
