           1    0.207578    0.207578           0
           2    0.196018    0.201798  0.00408701
           3    0.204602    0.202733  0.00282947
           4      0.1975    0.201424  0.00240561
           5     0.19655     0.20045   0.0021128
           6    0.199886    0.200356  0.00176275
           7    0.193176     0.19933  0.00178454
           8    0.196446     0.19897  0.00159747
           9    0.196025    0.198642  0.00145308
          10    0.195211    0.198299  0.00134767
          11    0.200022    0.198456  0.00123421
          12    0.192982       0.198  0.00121272
          13    0.196259    0.197866   0.0011268
          14    0.197173    0.197816   0.0010474
          15    0.200729    0.198011 0.000995418
          16    0.201023    0.198199 0.000950847
          17    0.195638    0.198048 0.000906773
          18    0.200102    0.198162 0.000863545
          19    0.194187    0.197953 0.000843062
          20    0.196166    0.197864 0.000805632
