           1    0.001432    0.001432           0
           2   -0.002072    -0.00032  0.00123885
           3     0.00566  0.00167333  0.00182511
           4   -0.000552    0.001117  0.00145115
           5   -0.004596   -2.56e-05  0.00154666
           6   -0.005144-0.000878667  0.00150587
           7    0.003232-0.000291429  0.00140058
           8    0.001816    -2.8e-05  0.00125003
           9    0.008052 0.000869778  0.00139681
          10   -0.000852   0.0006976   0.0012677
          11      0.0013 0.000752364  0.00115364
          12    0.001836 0.000842667  0.00106103
          13    0.000516 0.000817538 0.000979707
          14      0.0087  0.00138057  0.00105923
          15    0.002224   0.0014368 0.000990106
          16    -0.00162  0.00124575 0.000946477
          17    0.002896  0.00134282 0.000895767
          18   -0.007584 0.000846889 0.000973656
          19   -0.005916 0.000490947 0.000985326
          20    0.002752    0.000604 0.000942523
