           1   -0.002232   -0.002232           0
           2    0.003216    0.000492  0.00192616
           3   -0.000112 0.000290667  0.00129459
           4    0.001552    0.000606  0.00100861
           5      0.0035   0.0011848 0.000958686
           6   -0.003348 0.000429333  0.00105539
           7   -0.011464 -0.00126971  0.00181458
           8   -0.012484  -0.0026715  0.00205921
           9    -0.00982 -0.00346578  0.00197767
          10    -5.6e-05  -0.0031248  0.00180906
          11     9.2e-05 -0.00283236  0.00166807
          12   -0.002464 -0.00280167  0.00152935
          13   -0.015216 -0.00375662  0.00168365
          14   -0.003916   -0.003768  0.00156343
          15    0.004504 -0.00321653  0.00155342
          16    0.012612 -0.00222725   0.0017431
          17    0.017468 -0.00106871  0.00198865
          18   -0.003264 -0.00119067  0.00188191
          19   -0.011408 -0.00172842   0.0018581
          20    0.000616  -0.0016112  0.00176889
