           1    0.035648    0.035648           0
           2    0.013308    0.024478  0.00789838
           3     0.01826   0.0224053  0.00553086
           4    0.033636    0.025213  0.00480826
           5    0.027624   0.0256952  0.00387071
           6   -0.016684    0.018632  0.00720961
           7   -0.012804   0.0141411  0.00744815
           8     -0.0057    0.011661  0.00691775
           9    -0.00366  0.00995867  0.00635511
          10   -0.003948    0.008568  0.00586979
          11    0.009692  0.00867018  0.00533706
          12   -0.029708    0.005472  0.00577154
          13   -0.011592  0.00415938   0.0054748
          14    0.016584  0.00504686  0.00515517
          15    0.019228  0.00599227  0.00489742
          16     0.02052  0.00690025  0.00467474
          17    0.009536  0.00705529  0.00440233
          18    0.004188    0.006896  0.00416063
          19   -0.010744  0.00596758  0.00404391
          20   -0.002848   0.0055268  0.00386566
