           1      1.5884      1.5884           0
           2     1.62639      1.6074   0.0134304
           3     1.60271     1.60584  0.00904391
           4     1.58579     1.60082  0.00805319
           5      1.6595     1.61256    0.012316
           6     1.55618     1.60316   0.0133759
           7     1.58727     1.60089   0.0116562
           8     1.57034     1.59707   0.0108066
           9     1.52851     1.58946   0.0119941
          10     1.61159     1.59167    0.010997
          11     1.58664     1.59121   0.0100068
          12     1.55933     1.58855  0.00951908
          13     1.65313     1.59352  0.00999927
          14     1.60058     1.59403  0.00929772
          15     1.64295     1.59729  0.00923226
          16     1.57463     1.59587  0.00876315
          17     1.63235     1.59802  0.00850638
          18     1.60646     1.59849  0.00804672
          19     1.63167     1.60023  0.00781047
          20      1.5615      1.5983  0.00765633
