           1     1.35187     1.35187           0
           2     1.38182     1.36685    0.010591
           3     1.34281     1.35883  0.00962576
           4     1.32627     1.35069   0.0100911
           5     1.35644     1.35184  0.00813807
           6      1.3265     1.34762  0.00780082
           7     1.35403     1.34853  0.00673994
           8     1.31453     1.34428  0.00711269
           9     1.29451     1.33875  0.00819522
          10     1.37535     1.34241  0.00815208
          11     1.33404     1.34165  0.00744647
          12     1.33164     1.34082   0.0068725
          13     1.36463     1.34265   0.0065834
          14     1.33171     1.34187  0.00615937
          15      1.3667     1.34352  0.00596715
          16     1.33063     1.34272  0.00564837
          17     1.38246     1.34506  0.00577979
          18     1.34948      1.3453  0.00546393
          19     1.36051      1.3461  0.00523467
          20     1.32405       1.345  0.00508771
