           1    -0.46324    -0.46324           0
           2   -0.461392   -0.462316 0.000653367
           3   -0.460544   -0.461725 0.000649861
           4   -0.457544    -0.46068  0.00102815
           5   -0.460504   -0.460645 0.000823124
           6   -0.463848   -0.461179 0.000841439
           7   -0.462552   -0.461375 0.000743754
           8   -0.462232   -0.461482 0.000658457
           9   -0.462728    -0.46162 0.000599673
          10   -0.463856   -0.461844 0.000579881
          11   -0.461312   -0.461796 0.000529177
          12      -0.463   -0.461896 0.000494505
          13   -0.462248   -0.461923 0.000457207
          14   -0.461896   -0.461921 0.000424553
          15   -0.461024   -0.461861  0.00040044
          16   -0.462144   -0.461879 0.000375802
          17    -0.46196   -0.461884 0.000353727
          18   -0.462432   -0.461914 0.000335384
          19   -0.463008   -0.461972 0.000322635
          20   -0.459992   -0.461873  0.00032133
