           1        2.38        2.38           0
           2      2.3983     2.38915   0.0064729
           3     2.39058     2.38963  0.00433274
           4     2.34557     2.37861   0.0100756
           5     2.47158     2.39721   0.0184806
           6     2.30449     2.38175   0.0208847
           7     2.43048     2.38871   0.0190259
           8     2.44299      2.3955   0.0178161
           9      2.3708     2.39275   0.0160465
          10     2.51246     2.40472   0.0183718
          11     2.43411      2.4074   0.0168947
          12     2.36131     2.40356   0.0159172
          13     2.52103     2.41259   0.0170663
          14     2.62129      2.4275   0.0213887
          15     2.50143     2.43243   0.0205228
          16     2.45118      2.4336   0.0192735
          17     2.36956     2.42983   0.0185043
          18     2.43656     2.43021     0.01748
          19     2.41057     2.42917   0.0165905
          20     2.36144     2.42579   0.0161029
