           1    0.030084    0.030084           0
           2   -0.000464     0.01481   0.0108003
           3    0.012808   0.0141427  0.00722082
           4    0.025636    0.017016  0.00595994
           5    0.022736     0.01816  0.00487651
           6    -0.01928     0.01192   0.0069973
           7   -0.007152  0.00919543  0.00650654
           8    0.008076   0.0090555  0.00569472
           9     0.00338  0.00842489  0.00509677
          10       8e-05   0.0075904  0.00465491
          11      0.0056  0.00740945  0.00423525
          12   -0.009828    0.005973  0.00411871
          13   -0.004272  0.00518492  0.00387655
          14    0.012636  0.00571714  0.00363601
          15    0.025112  0.00701013   0.0036162
          16    0.004744   0.0068685  0.00339296
          17    0.014184  0.00729882  0.00322055
          18    0.000268  0.00690822  0.00306523
          19   -0.015972    0.005704  0.00313153
          20   -0.005952   0.0051212   0.0030287
