           1     3.11877     3.11877           0
           2     3.09332     3.10605  0.00899734
           3     3.12499     3.11236  0.00790866
           4     3.08098     3.10452  0.00901862
           5     3.18124     3.11986   0.0155063
           6     3.06396     3.11054   0.0154699
           7     3.13551     3.11411   0.0136648
           8     3.17959      3.1223   0.0141983
           9     3.18301     3.12904   0.0141329
          10     3.20782     3.13692   0.0147527
          11     3.19284       3.142   0.0142606
          12     3.18336     3.14545   0.0134822
          13     3.26366     3.15454   0.0152053
          14     3.35668     3.16898   0.0198224
          15      3.2217      3.1725     0.01881
          16     3.21368     3.17507   0.0178096
          17     2.96234     3.16256   0.0206964
          18     3.22654     3.16611   0.0198496
          19     3.21884     3.16889   0.0189979
          20      2.8479     3.15284   0.0238837
