           1     1.74348     1.74348           0
           2     1.78693     1.76521   0.0153633
           3     1.75726     1.76256   0.0104681
           4     1.75095     1.75966  0.00824359
           5     1.79963     1.76765  0.00972754
           6     1.69935     1.75627   0.0131794
           7     1.75977     1.75677   0.0113061
           8     1.72407     1.75268   0.0106059
           9     1.66647      1.7431   0.0130549
          10     1.79133     1.74792   0.0126089
          11     1.72558     1.74589   0.0116251
          12     1.72786     1.74439    0.010753
          13     1.79217     1.74807   0.0105352
          14     1.75398     1.74849  0.00979118
          15     1.78582     1.75098  0.00944949
          16     1.70789     1.74828  0.00923474
          17     1.76898      1.7495  0.00877136
          18     1.77009     1.75065  0.00835829
          19     1.78155     1.75227  0.00807509
          20     1.70108     1.74971  0.00806674
