           1       0.009       0.009           0
           2    -0.00612     0.00144  0.00534573
           3    0.003508  0.00212933  0.00360799
           4    0.011448    0.004459  0.00337534
           5    0.009704    0.005508  0.00285863
           6   -0.007124  0.00340267  0.00306081
           7   -0.010004  0.00148743  0.00316656
           8    0.008112   0.0023155  0.00287698
           9   -0.007912  0.00117911  0.00277268
          10   -0.003316   0.0007296  0.00253159
          11   -0.010352-0.000277818  0.00249385
          12   -0.010288   -0.001112  0.00242152
          13   -0.002136 -0.00119077  0.00223653
          14    0.000996 -0.00103457  0.00208223
          15    0.017628   0.0002096  0.00228509
          16   -0.000968    0.000136  0.00214345
          17    0.011048 0.000777882  0.00211129
          18    0.010776  0.00133333  0.00206577
          19    0.002612  0.00140063  0.00195814
          20   -0.002624   0.0011994  0.00187055
