           1   -0.479784   -0.479784           0
           2    -0.47812   -0.478952 0.000588313
           3   -0.477296     -0.4784 0.000597464
           4   -0.473688   -0.477222  0.00111425
           5   -0.478008   -0.477379 0.000902422
           6   -0.480424   -0.477887 0.000883251
           7    -0.47924    -0.47808 0.000777944
           8   -0.478376   -0.478117  0.00068158
           9    -0.47852   -0.478162 0.000607318
          10   -0.478624   -0.478208 0.000548343
          11   -0.477288   -0.478124 0.000504831
          12   -0.478608   -0.478165 0.000464368
          13    -0.47856   -0.478195 0.000429642
          14   -0.477984    -0.47818 0.000399218
          15   -0.477256   -0.478118 0.000377326
          16    -0.47804   -0.478113 0.000353775
          17   -0.478328   -0.478126 0.000333189
          18   -0.478792   -0.478163 0.000316726
          19   -0.479288   -0.478222  0.00030554
          20    -0.47408   -0.478015  0.00035356
