           1    0.011824    0.011824           0
           2    -0.00914    0.001342  0.00741189
           3    0.000856     0.00118  0.00494303
           4    0.019208    0.005687  0.00538318
           5    0.010832    0.006716   0.0044038
           6   -0.020668    0.002152  0.00555212
           7   -0.015516   -0.000372  0.00530172
           8      0.0101    0.000937  0.00479788
           9    -0.00104 0.000717333  0.00426981
          10   -0.013824  -0.0007368  0.00408294
          11   -0.004888 -0.00111418  0.00372916
          12    -6.8e-05   -0.001027  0.00341942
          13   -0.001704 -0.00107908  0.00315678
          14    0.002656-0.000812286  0.00294255
          15    0.024096 0.000848267   0.0031806
          16    -0.00858    0.000259  0.00303591
          17    0.016292  0.00120212  0.00300024
          18    0.012296  0.00181844  0.00289617
          19   -0.012756  0.00105137  0.00284351
          20     -0.0079   0.0006038  0.00273633
