           1    0.257751    0.257751           0
           2    0.261014    0.259382   0.0011539
           3    0.252104    0.256956  0.00212499
           4    0.254849     0.25643  0.00165777
           5    0.257273    0.256598  0.00133478
           6    0.248301    0.255215  0.00168252
           7    0.245931    0.253889  0.00189416
           8    0.252731    0.253744  0.00166291
           9    0.247129    0.253009  0.00163255
          10    0.247533    0.252462  0.00155845
          11    0.247215    0.251985  0.00148798
          12    0.256925    0.252396  0.00141979
          13    0.264872    0.253356   0.0016024
          14    0.245587    0.252801  0.00158111
          15    0.256038    0.253017  0.00149036
          16    0.263926    0.253699  0.00154532
          17    0.258537    0.253983   0.0014804
          18    0.255562    0.254071  0.00140075
          19    0.253464    0.254039  0.00132739
          20    0.248779    0.253776  0.00128681
