           1    0.217226    0.217226           0
           2    0.216537    0.216882 0.000243567
           3    0.211266     0.21501  0.00153697
           4    0.211675    0.214176  0.00136017
           5    0.213219    0.213985  0.00110152
           6    0.204738    0.212444  0.00167982
           7    0.202374    0.211005  0.00196133
           8    0.209422    0.210807  0.00172612
           9    0.204538    0.210111    0.001669
          10     0.20501    0.209601  0.00157813
          11    0.209566    0.209598  0.00143466
          12    0.214097    0.209972  0.00136321
          13    0.213106    0.210214  0.00127949
          14    0.202657    0.209674  0.00129697
          15    0.211194    0.209775  0.00121445
          16     0.21636    0.210187  0.00120627
          17    0.211518    0.210265  0.00113785
          18     0.21001    0.210251  0.00107473
          19    0.214619    0.210481  0.00104246
          20    0.207596    0.210336  0.00100027
