           1    0.201849    0.201849           0
           2    0.201496    0.201672 0.000124805
           3    0.199252    0.200866 0.000663869
           4    0.200225    0.200705 0.000516883
           5    0.200705    0.200705 0.000413506
           6    0.193027    0.199426  0.00121798
           7    0.191283    0.198262  0.00149994
           8    0.196358    0.198024   0.0013312
           9    0.194543    0.197637  0.00123821
          10    0.193126    0.197186  0.00119375
          11    0.198994    0.197351  0.00109648
          12    0.199092    0.197496  0.00101466
          13    0.200237    0.197707 0.000958268
          14    0.189935    0.197151  0.00103823
          15    0.200539    0.197377 0.000993269
          16    0.200927    0.197599 0.000955639
          17    0.198428    0.197648 0.000900668
          18    0.199086    0.197728 0.000854167
          19    0.200407    0.197869 0.000820767
          20    0.197252    0.197838 0.000780308
