           1    -0.51544    -0.51544           0
           2    -0.51316     -0.5143 0.000806102
           3   -0.512584   -0.513728 0.000711985
           4   -0.508656    -0.51246  0.00122107
           5   -0.513312    -0.51263 0.000988674
           6   -0.515664   -0.513136 0.000944367
           7   -0.513992   -0.513258 0.000817337
           8    -0.51276   -0.513196 0.000717539
           9   -0.514904   -0.513386 0.000662434
          10    -0.51396   -0.513443 0.000598674
          11   -0.511864     -0.5133 0.000561199
          12   -0.512952   -0.513271 0.000515179
          13   -0.514232   -0.513345 0.000480828
          14   -0.513184   -0.513333  0.00044662
          15      -0.513   -0.513311 0.000417397
          16   -0.512776   -0.513277 0.000392647
          17     -0.5108   -0.513132 0.000395672
          18   -0.513472   -0.513151 0.000374142
          19   -0.514184   -0.513205 0.000358381
          20   -0.509384   -0.513014  0.00038806
