           1     0.01002     0.01002           0
           2   -0.008268    0.000876  0.00646578
           3    0.004528  0.00209333  0.00442363
           4    0.015564    0.005461  0.00441737
           5    0.013452   0.0070592  0.00381206
           6   -0.014284    0.003502  0.00454272
           7    -0.01012    0.001556  0.00429037
           8    0.013952   0.0031055  0.00402416
           9   -0.006532  0.00203467  0.00371678
          10    0.002496   0.0020808  0.00334539
          11   -0.005408      0.0014  0.00310976
          12   -0.006524 0.000739667  0.00291988
          13   -0.000328 0.000657538  0.00269643
          14   -0.006416 0.000152286  0.00255073
          15     0.01858   0.0013808  0.00266012
          16   -0.010192   0.0006575  0.00259033
          17    0.011436  0.00129153  0.00251436
          18    0.009828  0.00176578  0.00241899
          19   -0.000456  0.00164884   0.0022945
          20   -0.006212   0.0012558  0.00221318
