           1     1.44818     1.44818           0
           2     1.51237     1.48028   0.0226945
           3     1.46628     1.47561   0.0156022
           4     1.44334     1.46754   0.0136284
           5     1.50659     1.47535   0.0129484
           6     1.44784     1.47077   0.0115736
           7     1.44829     1.46756    0.010356
           8     1.41797     1.46136   0.0107575
           9     1.39396     1.45387   0.0118863
          10      1.4736     1.45584   0.0108603
          11      1.4589     1.45612  0.00987654
          12     1.43447     1.45432   0.0092168
          13     1.50633     1.45832  0.00933599
          14     1.46515     1.45881  0.00868188
          15     1.49529     1.46124  0.00843696
          16     1.45142     1.46063  0.00793193
          17     1.50742     1.46338  0.00792867
          18     1.47163     1.46384  0.00750142
          19     1.48601       1.465  0.00719678
          20     1.42406     1.46296  0.00712214
