           1   -0.625024   -0.625024           0
           2   -0.623984   -0.624504 0.000367696
           3   -0.621216   -0.623408 0.000927847
           4   -0.622608   -0.623208 0.000717116
           5   -0.623856   -0.623338 0.000585287
           6   -0.626032   -0.623787 0.000637134
           7   -0.624312   -0.623862 0.000550517
           8    -0.62564   -0.624084 0.000524664
           9   -0.627096   -0.624419 0.000563077
          10   -0.624008   -0.624378 0.000508265
          11   -0.623768   -0.624322  0.00046507
          12   -0.623344   -0.624241 0.000433399
          13   -0.626976   -0.624451 0.000448236
          14   -0.622832   -0.624335  0.00043088
          15   -0.620872   -0.624105 0.000459877
          16   -0.624888   -0.624154 0.000433734
          17   -0.621128   -0.623976 0.000443231
          18   -0.621296   -0.623827 0.000442901
          19   -0.625496   -0.623915 0.000428216
          20   -0.621944   -0.623816 0.000417986
