           1     2.15868     2.15868           0
           2     2.17499     2.16683  0.00576341
           3     2.14917     2.16095  0.00615438
           4     2.13357      2.1541  0.00751305
           5     2.21799     2.16688   0.0129126
           6     2.07237     2.15113   0.0179599
           7      2.1607      2.1525   0.0154462
           8      2.1711     2.15482   0.0136893
           9     2.12582      2.1516   0.0125417
          10     2.29316     2.16575   0.0175434
          11     2.13122     2.16262    0.016227
          12     2.14282     2.16097   0.0149584
          13      2.2313     2.16638   0.0147538
          14      2.2361     2.17136   0.0145163
          15     2.19119     2.17268   0.0136086
          16      2.0913     2.16759   0.0136756
          17      2.1127     2.16436   0.0132469
          18     2.22561     2.16777   0.0129406
          19     2.19473     2.16918   0.0123371
          20     2.12549       2.167    0.011912
