           1    0.230472    0.230472           0
           2    0.230984    0.230728 0.000180942
           3    0.223836    0.228431  0.00187962
           4    0.223643    0.227234  0.00174977
           5    0.226541    0.227095   0.0014053
           6     0.21749    0.225494   0.0018727
           7    0.216863    0.224261  0.00196975
           8     0.22178    0.223951  0.00174778
           9    0.217445    0.223228  0.00169651
          10     0.21608    0.222513  0.00167069
          11    0.221501    0.222421  0.00152134
          12    0.225708    0.222695    0.001419
          13     0.23101    0.223335  0.00144682
          14    0.213242    0.222614  0.00151246
          15    0.223199    0.222653  0.00141214
          16    0.229767    0.223097  0.00139212
          17    0.225021    0.223211  0.00131482
          18    0.223275    0.223214  0.00124178
          19    0.225808    0.223351   0.0011839
          20    0.223052    0.223336   0.0011248
