           1    0.296022    0.296022           0
           2    0.289591    0.292806   0.0022736
           3    0.284538     0.29005  0.00271309
           4    0.288352    0.289626  0.00206778
           5     0.29415     0.29053  0.00184161
           6    0.280582    0.288872  0.00215556
           7    0.281451    0.287812  0.00209216
           8    0.289244    0.287991  0.00183827
           9    0.285439    0.287708  0.00165575
          10    0.282063    0.287143  0.00158347
          11    0.285111    0.286958  0.00145025
          12    0.279073    0.286301  0.00147075
          13    0.292596    0.286785  0.00143512
          14    0.281729    0.286424  0.00137731
          15    0.286581    0.286435  0.00128553
          16    0.300672    0.287325  0.00148148
          17    0.291375    0.287563  0.00141336
          18    0.290738    0.287739   0.0013458
          19     0.29053    0.287886  0.00128296
          20    0.286943    0.287839  0.00121968
