           1    0.021344    0.021344           0
           2    -0.00994    0.005702   0.0110606
           3    0.003332    0.004912  0.00740187
           4     0.02236    0.009274  0.00671479
           5    0.019104     0.01124  0.00565231
           6   -0.018968  0.00620533  0.00658102
           7   -0.011252  0.00371143  0.00609512
           8     0.00296   0.0036175  0.00533395
           9     -0.0037  0.00280444  0.00480286
          10   -0.003392   0.0021848  0.00436236
          11   -0.001184  0.00187855  0.00397652
          12   -0.009152 0.000959333  0.00374988
          13    0.002756  0.00109754  0.00346397
          14    0.014788  0.00207543  0.00335174
          15     0.01962  0.00324507  0.00332611
          16   -0.001116   0.0029725  0.00312938
          17    0.012336  0.00352329  0.00299338
          18    0.008988  0.00382689  0.00284243
          19   -0.014796  0.00284674  0.00285683
          20    -0.00134   0.0026374  0.00272165
