           1    -0.55376    -0.55376           0
           2   -0.553008   -0.553384 0.000265872
           3   -0.552832     -0.5532 0.000232352
           4   -0.549648   -0.552312 0.000788528
           5   -0.552112   -0.552272 0.000631836
           6    -0.55588   -0.552873 0.000760637
           7   -0.554944   -0.553169 0.000707159
           8   -0.553392   -0.553197 0.000619312
           9   -0.555584   -0.553462  0.00060463
          10    -0.55564    -0.55368 0.000582067
          11   -0.551352   -0.553468 0.000566321
          12   -0.552112   -0.553355 0.000530288
          13   -0.554888   -0.553473 0.000502431
          14   -0.552696   -0.553418   0.0004696
          15   -0.552824   -0.553378 0.000439959
          16   -0.553896    -0.55341  0.00041365
          17   -0.550368   -0.553232  0.00042628
          18   -0.553608   -0.553252  0.00040311
          19   -0.553928   -0.553288 0.000383459
          20   -0.550848   -0.553166 0.000383202
