           1    0.004516    0.004516           0
           2   -0.005064   -0.000274  0.00338704
           3    0.002256 0.000569333  0.00236068
           4    0.010276    0.002996  0.00274795
           5     0.00576   0.0035488  0.00225328
           6   -0.005776  0.00199467  0.00235344
           7   -0.010284 0.000240571  0.00258969
           8    0.007016   0.0010875  0.00240048
           9    -0.00718 0.000168889  0.00230283
          10   -0.004856  -0.0003336  0.00212666
          11     -0.0101 -0.00122145  0.00211054
          12   -0.007368 -0.00173367  0.00199585
          13   -0.004364   -0.001936  0.00185255
          14    0.002692 -0.00160543  0.00174947
          15    0.017352  -0.0003416  0.00203886
          16   -0.001988  -0.0004445  0.00191402
          17      0.0112 0.000240471  0.00192009
          18    0.007356 0.000635778  0.00185367
          19      0.0042 0.000823368  0.00176557
          20   -0.002484    0.000658  0.00168502
