           1   -0.680576   -0.680576           0
           2   -0.679936   -0.680256 0.000226274
           3   -0.678536   -0.679683  0.00049183
           4   -0.678464   -0.679378 0.000453523
           5   -0.677032   -0.678909 0.000554758
           6   -0.683248   -0.679632 0.000805958
           7   -0.682304   -0.680014 0.000775967
           8   -0.681816   -0.680239 0.000710923
           9   -0.680832   -0.680305 0.000634977
          10    -0.67724   -0.679998 0.000641195
          11   -0.679184   -0.679924 0.000587163
          12   -0.677944   -0.679759 0.000560946
          13   -0.682472   -0.679968 0.000555252
          14    -0.68016   -0.679982 0.000515761
          15   -0.673544   -0.679553 0.000635327
          16   -0.681792   -0.679693 0.000610842
          17   -0.678552   -0.679625 0.000578583
          18     -0.6758   -0.679413 0.000584168
          19    -0.67732   -0.679303 0.000563712
          20     -0.6774   -0.679208 0.000543495
