           1    0.014092    0.014092           0
           2   -0.008792     0.00265  0.00809072
           3    0.007168    0.004156   0.0055322
           4    0.014196    0.006666  0.00468407
           5    0.010052   0.0073432  0.00379589
           6   -0.012676  0.00400667  0.00439126
           7   -0.009712  0.00204686  0.00417844
           8    0.011376    0.003213   0.0038154
           9   -0.003996    0.002412  0.00347453
          10    0.001828   0.0023536  0.00312756
          11   -0.003424  0.00182836  0.00288701
          12   -0.001788    0.001527  0.00266211
          13    0.001552  0.00152892  0.00245733
          14   -0.001208  0.00133343  0.00228957
          15    0.021876  0.00270293  0.00251336
          16   -0.007256   0.0020805  0.00243213
          17    0.010844    0.002596  0.00234306
          18      0.0122  0.00312956  0.00227282
          19   -0.007224  0.00258463  0.00221756
          20   -0.009068    0.002002  0.00218188
