           1   -0.534024   -0.534024           0
           2   -0.533072   -0.533548 0.000336583
           3    -0.53244   -0.533179 0.000375883
           4   -0.530072   -0.532402 0.000729303
           5   -0.531936   -0.532309 0.000589368
           6   -0.534152   -0.532616 0.000565563
           7     -0.5346   -0.532899 0.000551231
           8    -0.53132   -0.532702 0.000516474
           9   -0.535344   -0.532996 0.000536061
          10   -0.534752   -0.533171  0.00051042
          11   -0.530976   -0.532972 0.000501516
          12   -0.531744   -0.532869 0.000470041
          13   -0.534968   -0.533031 0.000460774
          14    -0.53256   -0.532997 0.000429087
          15   -0.531896   -0.532924 0.000406712
          16   -0.533216   -0.532942 0.000381702
          17   -0.530448   -0.532795 0.000386415
          18   -0.532376   -0.532772 0.000365649
          19   -0.532656   -0.532766 0.000346455
          20   -0.529816   -0.532618 0.000359159
