           1    0.244406    0.244406           0
           2    0.244184    0.244295 7.86552e-05
           3    0.237093    0.241895  0.00196078
           4    0.239109    0.241198  0.00158941
           5    0.239183    0.240795  0.00132162
           6    0.233733    0.239618  0.00153867
           7    0.228812    0.238075  0.00194471
           8    0.236126    0.237831  0.00171681
           9    0.232146    0.237199  0.00163815
          10    0.229712    0.236451  0.00163652
          11    0.234875    0.236307    0.001494
          12    0.242223      0.2368  0.00144854
          13    0.245348    0.237458  0.00147884
          14    0.227894    0.236775  0.00152283
          15    0.235543    0.236693  0.00142352
          16       0.247    0.237337  0.00147312
          17    0.238624    0.237413  0.00138841
          18    0.240309    0.237573  0.00132056
          19    0.239369    0.237668  0.00125444
          20    0.235671    0.237568  0.00119568
