           1   -0.497928   -0.497928           0
           2   -0.495008   -0.496468  0.00103238
           3   -0.494264   -0.495733 0.000912969
           4   -0.490744   -0.494486  0.00127896
           5   -0.495328   -0.494654  0.00103419
           6   -0.497832   -0.495184 0.000988168
           7   -0.496616   -0.495389 0.000867918
           8   -0.494488   -0.495276 0.000766694
           9   -0.496152   -0.495373 0.000687657
          10   -0.495928   -0.495429 0.000621124
          11   -0.494256   -0.495322 0.000573736
          12    -0.49504   -0.495299 0.000526406
          13   -0.496104   -0.495361 0.000489545
          14   -0.495664   -0.495382 0.000455057
          15    -0.49412   -0.495298 0.000432431
          16   -0.495656    -0.49532 0.000405982
          17   -0.493488   -0.495213 0.000396153
          18   -0.495208   -0.495212 0.000374144
          19   -0.496872     -0.4953 0.000364505
          20   -0.491456   -0.495108   0.0003937
