           1     3.61321     3.61321           0
           2     3.52985     3.57153   0.0294737
           3     3.74945     3.63084   0.0522578
           4     3.68671      3.6448   0.0410175
           5     3.82726      3.6813   0.0462822
           6      3.6727     3.67986   0.0385907
           7     3.55104     3.66146   0.0372079
           8     3.70256      3.6666   0.0329097
           9     3.62156      3.6616   0.0296311
          10     3.69165      3.6646     0.02682
          11     3.69147     3.66704   0.0244927
          12     3.64186     3.66494   0.0225414
          13     3.90232      3.6832    0.027216
          14     3.87948     3.69722   0.0286563
          15     3.73654     3.69985   0.0268655
          16     3.83641     3.70838   0.0265076
          17     3.50595     3.69647    0.027493
          18     3.72129     3.69785   0.0260002
          19     3.73904     3.70002    0.024722
          20     3.23652     3.67684   0.0325855
