           1    0.008508    0.008508           0
           2   -0.005736    0.001386  0.00503601
           3    0.002032  0.00160133  0.00336194
           4    0.009688    0.003623  0.00306971
           5    0.009328    0.004764  0.00265938
           6   -0.008116  0.00261733  0.00295829
           7   -0.011924     0.00054  0.00318253
           8     0.00872   0.0015625  0.00294439
           9   -0.005408    0.000788  0.00271719
          10    0.000408     0.00075  0.00244574
          11   -0.007568-6.18182e-06  0.00233738
          12   -0.007088-0.000596333  0.00221584
          13    0.000772-0.000491077  0.00204789
          14   -0.001872-0.000589714  0.00190399
          15    0.016092   0.0005224   0.0020766
          16   -0.002944  0.00030575  0.00195808
          17    0.013404  0.00107624  0.00198872
          18    0.013064  0.00174222  0.00198662
          19    0.001616  0.00173558  0.00188208
          20    0.000108   0.0016542  0.00178973
