           1    0.324576    0.324576           0
           2    0.325801    0.325188 0.000432822
           3    0.317418    0.322598  0.00213435
           4    0.327239    0.323759  0.00188994
           5    0.332526    0.325512   0.0021785
           6    0.316982     0.32409  0.00223161
           7    0.313979    0.322646  0.00233392
           8    0.320513    0.322379  0.00205734
           9    0.323214    0.322472  0.00183084
          10    0.321925    0.322417  0.00164857
          11    0.328383     0.32296   0.0015854
          12    0.323636    0.323016  0.00145428
          13     0.32419    0.323106  0.00134522
          14    0.317637    0.322716  0.00130463
          15    0.328861    0.323125  0.00128037
          16      0.3447    0.324474  0.00177354
          17    0.323208    0.324399  0.00167078
          18     0.33199    0.324821   0.0016303
          19    0.316779    0.324398  0.00159849
          20    0.328661    0.324611  0.00153272
