           1    0.372928    0.372928           0
           2    0.363418    0.368173  0.00336227
           3    0.364153    0.366833  0.00249428
           4    0.366221     0.36668  0.00187541
           5    0.373578     0.36806  0.00194257
           6    0.356551    0.366142  0.00238465
           7    0.371841    0.366956  0.00217857
           8    0.373897    0.367824  0.00207183
           9    0.377982    0.368952    0.002127
          10    0.372439    0.369301  0.00194268
          11    0.377284    0.370027   0.0018968
          12     0.37142    0.370143  0.00174228
          13     0.37153     0.37025  0.00161152
          14    0.359137    0.369456  0.00168055
          15     0.36145    0.368922  0.00165108
          16    0.377765    0.369475  0.00163779
          17    0.357385    0.368764   0.0016888
          18     0.38354    0.369585  0.00178337
          19    0.364724    0.369329  0.00170776
          20    0.366835    0.369204  0.00162692
