           1    0.008872    0.008872           0
           2     -0.0079    0.000486   0.0059298
           3    0.002468  0.00114667  0.00398983
           4    0.013472    0.004228   0.0040094
           5     0.00966   0.0053144  0.00335147
           6   -0.009776  0.00279933  0.00361546
           7    -0.00902  0.00111086  0.00347092
           8     0.01516    0.002867  0.00345286
           9   -0.005384  0.00195022  0.00318859
          10    0.001024   0.0018576  0.00287108
          11   -0.009836 0.000794545  0.00279997
          12   -0.008856-9.66667e-06  0.00267964
          13     0.00374 0.000278769  0.00248899
          14   -0.002344 9.14286e-05  0.00231825
          15    0.015648  0.00112853  0.00238442
          16   -0.006564  0.00064775  0.00228335
          17     0.00806  0.00108376  0.00219027
          18    0.011136  0.00164222   0.0021386
          19   -0.000464  0.00153137  0.00202891
          20   -0.003888   0.0012604  0.00194548
