           1    0.010888    0.010888           0
           2   -0.014372   -0.001742  0.00893076
           3    0.006596  0.00103733  0.00637166
           4    0.020548    0.005915   0.0063781
           5    0.013596   0.0074512  0.00528424
           6   -0.016584  0.00344533  0.00572395
           7   -0.014312 0.000908571   0.0054394
           8     0.00744    0.001725  0.00482036
           9    0.001512  0.00170133  0.00428482
          10    -0.00784   0.0007472  0.00396114
          11    -0.00092 0.000595636  0.00360394
          12    0.000584 0.000594667  0.00330361
          13   -0.002384 0.000365538  0.00305742
          14    0.001272 0.000430286  0.00283972
          15    0.020456  0.00176533  0.00294757
          16   -0.006732  0.00123425  0.00281079
          17    0.011452  0.00183529  0.00270895
          18    0.012792    0.002444  0.00262595
          19   -0.009912  0.00179368    0.002567
          20   -0.007688   0.0013196  0.00248204
