           1    0.344183    0.344183           0
           2     0.35143    0.347806  0.00256219
           3    0.341619    0.345744  0.00239861
           4    0.353745    0.347744  0.00249735
           5      0.3466    0.347515  0.00200834
           6    0.329337    0.344486  0.00323272
           7    0.345642    0.344651  0.00277512
           8    0.343549    0.344513  0.00243164
           9    0.347317    0.344825  0.00218133
          10    0.350317    0.345374  0.00203117
          11    0.357519    0.346478  0.00212551
          12    0.350151    0.346784  0.00197031
          13    0.342041    0.346419  0.00185222
          14      0.3301    0.345254  0.00205423
          15    0.348896    0.345496  0.00193158
          16    0.364513    0.346685  0.00214558
          17    0.344215     0.34654  0.00202428
          18    0.348453    0.346646  0.00191461
          19    0.338379    0.346211  0.00186263
          20    0.346192     0.34621   0.0017695
