           1   -0.577032   -0.577032           0
           2   -0.574608    -0.57582 0.000857013
           3   -0.573464   -0.575035 0.000858835
           4    -0.57264   -0.574436 0.000826862
           5   -0.574784   -0.574506 0.000664412
           6   -0.578544   -0.575179 0.000827087
           7    -0.57592   -0.575285  0.00071568
           8   -0.574896   -0.575236 0.000627866
           9   -0.576232   -0.575347 0.000567773
          10   -0.576656   -0.575478 0.000525876
          11   -0.573424   -0.575291 0.000510132
          12   -0.574336   -0.575211 0.000473787
          13    -0.57772   -0.575404 0.000475018
          14   -0.575384   -0.575403 0.000441091
          15   -0.574936   -0.575372 0.000412781
          16   -0.576448   -0.575439 0.000392425
          17    -0.57212   -0.575244 0.000415075
          18   -0.575008   -0.575231 0.000392222
          19   -0.576648   -0.575305 0.000378606
          20   -0.571872   -0.575134 0.000396688
