           1   -0.600288   -0.600288           0
           2   -0.598824   -0.599556 0.000517602
           3    -0.59856   -0.599224 0.000438811
           4   -0.596512   -0.598546 0.000673108
           5    -0.59812   -0.598461 0.000543852
           6    -0.60056   -0.598811 0.000554441
           7   -0.600032   -0.598985 0.000501938
           8   -0.599456   -0.599044 0.000442633
           9   -0.601976    -0.59937 0.000499142
          10   -0.599608   -0.599394 0.000449796
          11   -0.597024   -0.599178 0.000457592
          12    -0.59912   -0.599173 0.000419485
          13   -0.600536   -0.599278 0.000400099
          14   -0.599184   -0.599271 0.000371577
          15   -0.597296    -0.59914 0.000369406
          16    -0.60008   -0.599198 0.000350962
          17   -0.595408   -0.598976 0.000394843
          18   -0.598352   -0.598941 0.000374423
          19   -0.599208   -0.598955 0.000354981
          20    -0.59668   -0.598841 0.000354988
