           1     1.91463     1.91463           0
           2     1.95631     1.93547   0.0147349
           3     1.91058     1.92718   0.0119326
           4     1.99637     1.94448    0.017451
           5     2.02085     1.95975   0.0195341
           6     1.82936     1.93802   0.0256619
           7     1.95774     1.94084     0.02215
           8     1.92154     1.93842   0.0195122
           9     1.87626     1.93152   0.0185263
          10     2.01763     1.94013   0.0185674
          11     1.88768     1.93536    0.017481
          12     1.90931     1.93319   0.0161585
          13     2.03212      1.9408   0.0166111
          14     1.99398      1.9446    0.015853
          15     1.97975     1.94694   0.0149683
          16     1.89839     1.94391    0.014337
          17     1.95695     1.94467   0.0135142
          18     1.99619     1.94754    0.013063
          19     2.00252     1.95043    0.012692
          20     1.87703     1.94676   0.0125767
