           1    0.311249    0.311249           0
           2    0.308423    0.309836 0.000999291
           3    0.299898    0.306523  0.00278564
           4    0.309066    0.307159  0.00216058
           5    0.310082    0.307744  0.00180583
           6    0.302139     0.30681  0.00172962
           7    0.297717    0.305511  0.00190896
           8    0.308739    0.305914  0.00171245
           9    0.304482    0.305755  0.00152955
          10    0.301547    0.305334   0.0014333
          11    0.302821    0.305106  0.00132108
          12    0.303106    0.304939  0.00122146
          13    0.308632    0.305223  0.00116006
          14    0.297793    0.304693  0.00119245
          15    0.307013    0.304847  0.00112294
          16    0.321669    0.305899  0.00146442
          17     0.30146    0.305637  0.00140136
          18     0.31305    0.306049  0.00138269
          19    0.303675    0.305924  0.00131555
          20    0.307734    0.306015  0.00125288
