           1    -0.65192    -0.65192           0
           2   -0.651688   -0.651804 8.20244e-05
           3   -0.648808   -0.650805 0.000817239
           4   -0.649232   -0.650412 0.000701225
           5   -0.650864   -0.650502 0.000566777
           6    -0.65452   -0.651172 0.000772475
           7   -0.651544   -0.651225 0.000663947
           8   -0.653168   -0.651468  0.00062379
           9   -0.652928    -0.65163 0.000575187
          10   -0.649904   -0.651458 0.000542954
          11   -0.650216   -0.651345 0.000505191
          12   -0.648232   -0.651085 0.000525482
          13   -0.654952   -0.651383  0.00056298
          14   -0.650904   -0.651349 0.000523805
          15   -0.648584   -0.651164   0.0005203
          16   -0.653088   -0.651285 0.000501481
          17    -0.64752   -0.651063 0.000518574
          18   -0.646888   -0.650831 0.000539147
          19    -0.65048   -0.650813 0.000511088
          20   -0.648376   -0.650691 0.000499843
