           1     4.30693     4.30693           0
           2     4.19381     4.25037   0.0399943
           3     4.70631     4.40235    0.126924
           4     4.30939     4.37911   0.0972974
           5     4.46066     4.39542   0.0791932
           6     4.44269      4.4033    0.066385
           7     4.33018     4.39285   0.0577173
           8     4.40543     4.39442    0.050524
           9     4.12308     4.36427     0.05315
          10     4.47052      4.3749   0.0488854
          11     4.39368     4.37661   0.0444711
          12     4.24962     4.36602   0.0420053
          13     4.42087     4.37024   0.0389855
          14     4.40985     4.37307   0.0363033
          15     4.05241      4.3517   0.0396813
          16     4.54245     4.36362    0.038951
          17     4.10136     4.34819   0.0395972
          18     4.46137     4.35448   0.0378932
          19     4.53082     4.36376    0.037018
          20     3.73148     4.33214   0.0467567
