           1     2.78454     2.78454           0
           2     2.67502     2.72978   0.0387222
           3       2.728     2.72918   0.0258194
           4     2.73221     2.72994   0.0193756
           5     2.69455     2.72286   0.0167438
           6     2.59472      2.7015   0.0239751
           7     2.71296     2.70314   0.0206058
           8     2.80428     2.71578   0.0215623
           9      2.7353     2.71795   0.0192753
          10     2.83384     2.72954   0.0205383
          11     2.72451     2.72908   0.0186763
          12     2.75364     2.73113   0.0172317
          13     2.92691     2.74619   0.0215027
          14     2.90305     2.75739   0.0226988
          15     2.83684     2.76269   0.0217947
          16     2.82098     2.76633   0.0207348
          17     2.63179     2.75842   0.0209711
          18     2.81692     2.76167   0.0200563
          19     2.70909      2.7589   0.0191907
          20       2.618     2.75186   0.0194815
