           1     0.27684     0.27684           0
           2    0.274958    0.275899 0.000665367
           3    0.266739    0.272846  0.00253232
           4    0.270723    0.272315  0.00195406
           5    0.277978    0.273448  0.00186278
           6    0.266388    0.272271  0.00188768
           7    0.263862     0.27107  0.00196339
           8    0.271905    0.271174  0.00172074
           9    0.265793    0.270576  0.00163014
          10    0.264486    0.269967   0.0015768
          11    0.265987    0.269605  0.00147439
          12    0.267795    0.269454  0.00135922
          13    0.277561    0.270078  0.00139036
          14    0.261559     0.26947  0.00141795
          15    0.266712    0.269286  0.00133529
          16    0.280921    0.270013  0.00143627
          17    0.273511    0.270219  0.00136644
          18    0.273525    0.270402  0.00130281
          19    0.271863    0.270479  0.00123651
          20    0.267178    0.270314  0.00118565
