           1     0.04514     0.04514           0
           2    0.025024    0.035082  0.00711208
           3    0.036488   0.0355507   0.0047568
           4    0.039932    0.036646  0.00369156
           5    0.044104   0.0381376  0.00324061
           6    0.023384   0.0356787  0.00351161
           7     0.02044   0.0335017  0.00362242
           8    0.042548   0.0346325  0.00334145
           9    0.030624   0.0341871  0.00299971
          10    0.031108   0.0338792   0.0027155
          11    0.022308   0.0328273  0.00266461
          12    0.023508   0.0320507  0.00255322
          13     0.03114   0.0319806  0.00235778
          14    0.029068   0.0317726  0.00219853
          15    0.051568   0.0330923  0.00241579
          16    0.028212   0.0327872  0.00228397
          17     0.04384   0.0334374  0.00224025
          18    0.043652   0.0340049  0.00218648
          19    0.035636   0.0340907  0.00207309
          20     0.03192   0.0339822  0.00197228
