           1    0.114036    0.114036           0
           2    0.091976    0.103006  0.00779939
           3     0.09892    0.101644  0.00531718
           4    0.109084    0.103504  0.00430092
           5     0.11746    0.106295  0.00425104
           6    0.062492   0.0989947  0.00754747
           7    0.066496    0.094352  0.00776702
           8    0.087368    0.093479  0.00684502
           9    0.083392   0.0923582  0.00617554
          10    0.073748   0.0904972  0.00583166
          11    0.099932   0.0913549  0.00536421
          12     0.06368   0.0890487  0.00539021
          13    0.073212   0.0878305  0.00511138
          14    0.100528   0.0887374  0.00482608
          15    0.109596    0.090128  0.00470041
          16    0.098032    0.090622  0.00443252
          17     0.09198   0.0907019   0.0041725
          18    0.089572   0.0906391  0.00394117
          19    0.077132   0.0899282  0.00379731
          20     0.08926   0.0898948  0.00360759
