           1    0.068744    0.068744           0
           2    0.045208    0.056976  0.00832123
           3    0.061148   0.0583667   0.0056625
           4    0.067812    0.060728  0.00471358
           5    0.072768    0.063136   0.0043426
           6      0.0329   0.0580967  0.00585307
           7      0.0388     0.05534  0.00562877
           8    0.060684    0.056008  0.00496465
           9    0.056692    0.056084  0.00441361
          10    0.043676   0.0548432  0.00414299
          11     0.04434   0.0538884  0.00387482
          12      0.0554   0.0540143  0.00355397
          13    0.049808   0.0536908  0.00329528
          14    0.054512   0.0537494  0.00306043
          15    0.083076   0.0557045  0.00342441
          16    0.046304    0.055117   0.0032604
          17    0.068332   0.0558944  0.00315992
          18    0.071296     0.05675  0.00309805
          19    0.037192   0.0557206   0.0031013
          20    0.050524   0.0554608   0.0029571
