           1   -0.628355   -0.628355           0
           2   -0.624512   -0.626434  0.00135861
           3   -0.625144   -0.626004 0.000971389
           4    -0.62619    -0.62605  0.00072966
           5   -0.625483   -0.625937 0.000592489
           6   -0.626369   -0.626009 0.000498103
           7   -0.625173   -0.625889  0.00044103
           8   -0.628037   -0.626158 0.000460426
           9    -0.62955   -0.626535 0.000542011
          10   -0.625615   -0.626443 0.000495554
          11   -0.624542    -0.62627 0.000479696
          12    -0.62472   -0.626141 0.000456781
          13   -0.628662   -0.626335 0.000460967
          14   -0.625008    -0.62624 0.000437674
          15   -0.624709   -0.626138 0.000420227
          16   -0.627728   -0.626237  0.00040554
          17   -0.623821   -0.626095  0.00040583
          18   -0.624778   -0.626022 0.000389825
          19   -0.625428   -0.625991 0.000370559
          20   -0.622743   -0.625828 0.000385983
