           1     1.81586     1.81586           0
           2     1.79827     1.80706  0.00621621
           3     1.78271     1.79895  0.00781615
           4     1.79605     1.79822  0.00589549
           5     1.85147     1.80887   0.0106284
           6     1.69955     1.79065   0.0188447
           7     1.77151     1.78792   0.0163498
           8     1.76304     1.78481   0.0145989
           9      1.7139     1.77693   0.0149523
          10     1.85595     1.78483   0.0154043
          11     1.73251     1.78007   0.0147201
          12     1.73953      1.7767   0.0138757
          13     1.84468     1.78193   0.0137586
          14     1.76773     1.78091   0.0128131
          15     1.83879     1.78477   0.0125264
          16     1.69399      1.7791   0.0129649
          17      1.8189     1.78144   0.0124119
          18     1.82006     1.78358   0.0119063
          19     1.79486     1.78418   0.0112945
          20     1.76935     1.78344   0.0107541
