           1     0.28065     0.28065           0
           2    0.279042    0.279846 0.000568532
           3    0.267782    0.275825  0.00330528
           4    0.276242    0.275929  0.00248061
           5    0.280459    0.276835  0.00214359
           6    0.271272    0.275908  0.00197667
           7    0.261387    0.273833   0.0025611
           8    0.275735    0.274071  0.00225196
           9    0.268758    0.273481  0.00207767
          10    0.269696    0.273102  0.00190406
          11    0.268118    0.272649  0.00178405
          12    0.271477    0.272552  0.00163805
          13    0.277376    0.272923  0.00155351
          14    0.263656    0.272261  0.00157728
          15    0.266425    0.271872  0.00151934
          16     0.28044    0.272407  0.00151582
          17    0.277279    0.272694  0.00145348
          18    0.276054     0.27288  0.00138467
          19    0.271866    0.272827  0.00131283
          20    0.267215    0.272546  0.00127682
