           1   -0.556654   -0.556654           0
           2   -0.553283   -0.554968  0.00119201
           3   -0.553924    -0.55462 0.000843982
           4   -0.550725   -0.553647  0.00105442
           5   -0.553256   -0.553568 0.000846423
           6   -0.555117   -0.553827 0.000743682
           7   -0.555454   -0.554059 0.000672785
           8   -0.554435   -0.554106 0.000590328
           9   -0.557317   -0.554463 0.000623282
          10   -0.557536    -0.55477 0.000632179
          11   -0.552265   -0.554542 0.000614362
          12   -0.551492   -0.554288 0.000613494
          13   -0.555866    -0.55441 0.000578177
          14   -0.554156   -0.554391 0.000537163
          15   -0.554892   -0.554425 0.000502388
          16   -0.554417   -0.554424 0.000470989
          17   -0.552613   -0.554318 0.000455178
          18   -0.555663   -0.554392 0.000435982
          19    -0.55363   -0.554352 0.000414878
          20   -0.551442   -0.554207 0.000418881
