           1    0.035712    0.035712           0
           2    0.023064    0.029388  0.00447174
           3    0.029856    0.029544  0.00298388
           4    0.037584    0.031554  0.00283519
           5      0.0353   0.0323032  0.00236507
           6    0.018588   0.0300173  0.00287032
           7    0.017676   0.0282543   0.0029525
           8    0.035596    0.029172  0.00272233
           9    0.022992   0.0284853  0.00250495
          10    0.021388   0.0277756  0.00235285
          11    0.015836   0.0266902  0.00237617
          12     0.01882   0.0260343  0.00226686
          13    0.022264   0.0257443  0.00211096
          14    0.030192    0.026062  0.00198393
          15    0.044388   0.0272837  0.00219586
          16    0.023356   0.0270382   0.0020723
          17     0.03672   0.0276078  0.00202715
          18    0.034896   0.0280127  0.00195455
          19    0.033696   0.0283118  0.00187442
          20    0.023968   0.0280946  0.00179324
