           1     4.68211     4.68211           0
           2     4.50455     4.59333   0.0627755
           3     4.97998     4.72221     0.11325
           4      4.6766     4.71081   0.0855095
           5     4.57399     4.68345   0.0726542
           6     4.46559     4.64714    0.069024
           7     4.36832     4.60731   0.0697149
           8     4.63833     4.61118   0.0611083
           9     4.36822     4.58419   0.0599861
          10     4.65326     4.59109   0.0543836
          11     4.48747     4.58167    0.050249
          12     4.34494     4.56195   0.0497838
          13     4.63368     4.56746    0.046259
          14      4.7661     4.58165   0.0450782
          15     4.54311     4.57908   0.0421461
          16     4.78335     4.59185   0.0414004
          17     4.36368     4.57843   0.0410832
          18     4.74829     4.58786   0.0398699
          19     4.64718     4.59099   0.0378935
          20     4.08701     4.56579   0.0435792
