           1    0.058708    0.058708           0
           2    0.034132     0.04642  0.00868893
           3      0.0462   0.0463467  0.00579293
           4    0.056264    0.048826  0.00484631
           5    0.056812   0.0504232  0.00413187
           6    0.033072   0.0475313  0.00433876
           7    0.033884   0.0455817  0.00413383
           8     0.05336    0.046554  0.00372969
           9    0.042644   0.0461196  0.00334049
          10    0.044784    0.045986  0.00300911
          11    0.035648   0.0450462  0.00287858
          12    0.038616   0.0445103  0.00268811
          13     0.04008   0.0441695  0.00250284
          14    0.039384   0.0438277  0.00234729
          15    0.065412   0.0452667  0.00259464
          16    0.039236   0.0448898   0.0024597
          17    0.051844   0.0452988  0.00234878
          18    0.056748   0.0459349  0.00230281
          19    0.034308   0.0453229  0.00226146
          20    0.036488   0.0448812   0.0021911
