           1     1.61761     1.61761           0
           2     1.63265     1.62513   0.0053172
           3     1.63509     1.62845  0.00446112
           4     1.63062     1.62899  0.00337853
           5     1.69088     1.64137   0.0113964
           6     1.55764     1.62741   0.0158902
           7     1.59853     1.62329   0.0141459
           8     1.59026     1.61916    0.012966
           9     1.56433     1.61307   0.0128772
          10      1.6418     1.61594   0.0119058
          11     1.59029     1.61361   0.0110495
          12     1.56289     1.60938    0.010907
          13     1.67775     1.61464   0.0112646
          14     1.60548     1.61399    0.010479
          15     1.69563     1.61943   0.0111044
          16     1.56905     1.61628   0.0108476
          17     1.64908     1.61821   0.0103796
          18     1.65115     1.62004    0.009963
          19      1.6318     1.62066  0.00945782
          20      1.6129     1.62027  0.00899288
