           1   -0.517423   -0.517423           0
           2   -0.513464   -0.515443  0.00139999
           3   -0.513354   -0.514747  0.00109285
           4   -0.510435   -0.513669  0.00124232
           5   -0.514777   -0.513891  0.00101342
           6   -0.515599   -0.514175 0.000883605
           7   -0.514732   -0.514255 0.000760946
           8   -0.513786   -0.514196  0.00066808
           9   -0.516252   -0.514425 0.000631687
          10   -0.515914   -0.514574 0.000585803
          11    -0.51255    -0.51439 0.000560698
          12   -0.512541   -0.514236 0.000534725
          13   -0.514365   -0.514245 0.000493685
          14   -0.514045   -0.514231 0.000458629
          15   -0.514981   -0.514281  0.00043077
          16   -0.513333   -0.514222 0.000407904
          17   -0.513442   -0.514176 0.000386482
          18    -0.51444   -0.514191 0.000365289
          19   -0.515564   -0.514263 0.000353145
          20   -0.510436   -0.514072 0.000383841
