           1    0.312574    0.312574           0
           2    0.313506     0.31304 0.000329715
           3    0.307763    0.311281  0.00145283
           4    0.314382    0.312056  0.00127986
           5    0.313199    0.312285   0.0010441
           6    0.303239    0.310777  0.00162827
           7    0.297621    0.308898  0.00223062
           8    0.310066    0.309044  0.00195657
           9    0.307881    0.308915  0.00174343
          10    0.305737    0.308597  0.00159778
          11    0.307844    0.308528    0.001454
          12     0.30603     0.30832  0.00134765
          13    0.311823     0.30859  0.00127064
          14    0.300783    0.308032  0.00129647
          15    0.308553    0.308067   0.0012105
          16    0.325583    0.309162  0.00155291
          17    0.311884    0.309322  0.00146979
          18    0.314548    0.309612  0.00141652
          19     0.30709    0.309479  0.00134817
          20    0.311351    0.309573  0.00128401
