           1    0.055476    0.055476           0
           2    0.029116    0.042296  0.00931967
           3    0.043468   0.0426867  0.00622129
           4    0.052548    0.045152  0.00513125
           5    0.053072    0.046736  0.00434261
           6    0.028092   0.0436287  0.00459807
           7    0.025828   0.0410857  0.00459085
           8    0.051496    0.042387  0.00419737
           9    0.039168   0.0420293   0.0037462
          10      0.0405   0.0418764   0.0033747
          11     0.03372   0.0411349  0.00314832
          12    0.030624    0.040259  0.00300534
          13    0.033852   0.0397662  0.00281428
          14    0.032096   0.0392183  0.00266605
          15    0.058988   0.0405363  0.00279517
          16    0.028132    0.039761  0.00272587
          17    0.049592   0.0403393  0.00262615
          18     0.05002   0.0408771  0.00253472
          19     0.03682   0.0406636  0.00241029
          20    0.033712    0.040316  0.00231471
