           1   -0.535814   -0.535814           0
           2   -0.532798   -0.534306  0.00106603
           3   -0.533669   -0.534094 0.000731502
           4   -0.531003   -0.533321 0.000865322
           5   -0.533773   -0.533412 0.000696972
           6   -0.534178   -0.533539 0.000592397
           7   -0.534461   -0.533671 0.000522185
           8   -0.532102   -0.533475 0.000492364
           9   -0.537151   -0.533883 0.000582996
          10    -0.53645    -0.53414 0.000578446
          11   -0.531978   -0.533943  0.00055824
          12   -0.531844   -0.533769 0.000538426
          13   -0.535269   -0.533884  0.00050923
          14   -0.533658   -0.533868 0.000473112
          15   -0.533884   -0.533869 0.000441573
          16   -0.533283   -0.533832 0.000415492
          17    -0.53264   -0.533762 0.000396927
          18   -0.533784   -0.533763 0.000374878
          19   -0.533624   -0.533756 0.000355218
          20   -0.529938   -0.533565 0.000385349
