           1    0.097492    0.097492           0
           2    0.075164    0.086328  0.00789414
           3     0.07908    0.083912  0.00562032
           4    0.094712    0.086612  0.00482035
           5    0.102156   0.0897208  0.00475422
           6    0.046332   0.0824893    0.007699
           7    0.060384   0.0793314  0.00721779
           8    0.082032    0.079669  0.00632345
           9    0.078496   0.0795387  0.00562219
          10     0.07016   0.0786008   0.0051376
          11    0.078696   0.0786095  0.00467055
          12      0.0624   0.0772587  0.00447241
          13    0.066776   0.0764523  0.00420044
          14    0.089692    0.077398  0.00400545
          15    0.094348    0.078528  0.00389456
          16    0.073396   0.0782073  0.00366433
          17    0.082084   0.0784353  0.00345587
          18     0.07684   0.0783467  0.00326502
          19    0.059184   0.0773381  0.00324521
          20    0.066568   0.0767996  0.00312731
