           1    0.041724    0.041724           0
           2    0.023928    0.032826  0.00629184
           3    0.032036   0.0325627  0.00420006
           4     0.03776    0.033862    0.003345
           5     0.03988   0.0350656  0.00288442
           6     0.02172   0.0328413  0.00314651
           7    0.020728   0.0311109  0.00313697
           8    0.038488    0.032033   0.0028772
           9    0.024884   0.0312387   0.0026649
          10     0.02482   0.0305968   0.0024745
          11    0.019068   0.0295487  0.00246152
          12    0.016224   0.0284383   0.0024943
          13    0.026612   0.0282978  0.00230638
          14    0.031156    0.028502  0.00215066
          15    0.048808   0.0298557  0.00239575
          16    0.024832   0.0295418  0.00226649
          17    0.038904   0.0300925  0.00219906
          18     0.04008   0.0306473  0.00214575
          19    0.033364   0.0307903  0.00203757
          20    0.029616   0.0307316  0.00193654
