           1    0.205626    0.205626           0
           2    0.202126    0.203876  0.00123744
           3    0.201131    0.202961  0.00111297
           4    0.200605    0.202372 0.000978221
           5     0.20146    0.202189 0.000799393
           6    0.194586    0.200922  0.00133495
           7    0.191883    0.199631  0.00165485
           8     0.19883    0.199531  0.00145102
           9    0.193161    0.198823  0.00145218
          10     0.19453    0.198394  0.00136896
          11     0.19808    0.198365  0.00124481
          12    0.200251    0.198522  0.00115095
          13    0.200006    0.198637  0.00106806
          14    0.190641    0.198065  0.00113422
          15    0.200449    0.198224  0.00106968
          16    0.202097    0.198466  0.00102985
          17    0.200179    0.198567 0.000974183
          18     0.19956    0.198622 0.000921623
          19    0.200623    0.198728  0.00087911
          20    0.196642    0.198623 0.000841316
