           1     0.34594     0.34594           0
           2    0.360724    0.353332  0.00522694
           3    0.346725     0.35113  0.00392118
           4    0.364398    0.354447  0.00411107
           5    0.349825    0.353522  0.00339116
           6    0.335132    0.350457  0.00397679
           7    0.348487    0.350176  0.00341863
           8    0.351751    0.350373  0.00299696
           9      0.3528    0.350642  0.00267608
          10    0.351871    0.350765  0.00241129
          11    0.367745    0.352309  0.00264033
          12    0.354654    0.352504  0.00242752
          13    0.348514    0.352197  0.00226011
          14     0.33654    0.351079  0.00235919
          15    0.349057    0.350944  0.00220576
          16    0.365121     0.35183  0.00223879
          17    0.354426    0.351983   0.0021123
          18    0.353508    0.352068  0.00199665
          19    0.349711    0.351944  0.00189541
          20    0.354367    0.352065  0.00180451
