           1     3.27068     3.27068           0
           2     3.25609     3.26339  0.00515905
           3     3.40539     3.31072   0.0388011
           4     3.28231     3.30362    0.029744
           5       3.271     3.29709   0.0245002
           6     3.11946     3.26749   0.0338711
           7     3.25092     3.26512   0.0291149
           8     3.31176     3.27095   0.0260528
           9     3.27976     3.27193   0.0231764
          10     3.22497     3.26723   0.0213293
          11      3.2374     3.26452    0.019562
          12     3.23113     3.26174   0.0181286
          13     3.40273     3.27259   0.0197131
          14     3.46461      3.2863   0.0225779
          15     3.44317     3.29676   0.0233695
          16     3.38389      3.3022   0.0225344
          17     3.19277     3.29577   0.0221092
          18     3.43798     3.30367   0.0222479
          19     3.30295     3.30363    0.021077
          20     3.02042     3.28947   0.0243192
