           1     0.26001     0.26001           0
           2    0.264159    0.262085  0.00146672
           3    0.253352    0.259174  0.00257007
           4    0.257133    0.258663  0.00197755
           5    0.261304    0.259191  0.00165106
           6    0.249445    0.257567  0.00202285
           7    0.247473    0.256125  0.00218833
           8    0.256981    0.256232   0.0019174
           9    0.249451    0.255479  0.00184648
          10    0.253521    0.255283  0.00167217
          11    0.249346    0.254743  0.00160488
          12    0.258818    0.255083  0.00150663
          13    0.262621    0.255663  0.00149817
          14    0.246615    0.255016  0.00152419
          15    0.254189    0.254961  0.00142357
          16    0.266023    0.255653  0.00149307
          17    0.259283    0.255866  0.00142043
          18    0.257558     0.25596  0.00134462
          19    0.256281    0.255977  0.00127396
          20    0.248937    0.255625  0.00125795
