           1    0.084548    0.084548           0
           2    0.055612     0.07008   0.0102304
           3    0.074388    0.071516  0.00692033
           4    0.084708    0.074814  0.00592421
           5     0.08734   0.0773192  0.00524237
           6    0.038456    0.070842  0.00735165
           7    0.048244   0.0676137   0.0069743
           8    0.067464    0.067595  0.00610254
           9    0.059904   0.0667404  0.00548398
          10    0.060748   0.0661412  0.00496822
          11    0.053484   0.0649905   0.0046479
          12      0.0552   0.0641747  0.00433159
          13     0.06268   0.0640597  0.00399992
          14      0.0788   0.0651126  0.00385029
          15    0.084652   0.0664152  0.00380758
          16    0.059588   0.0659885  0.00359344
          17    0.073848   0.0664508  0.00341167
          18    0.074096   0.0668756  0.00324847
          19    0.047412   0.0658512  0.00323498
          20    0.060728    0.065595  0.00308336
