           1    0.049164    0.049164           0
           2    0.025576     0.03737  0.00833962
           3    0.036524    0.037088  0.00556451
           4    0.044956    0.039055  0.00450765
           5     0.04764    0.040772  0.00391951
           6    0.026748   0.0384347  0.00390142
           7      0.0254   0.0365726   0.0037623
           8    0.050104    0.038264  0.00365249
           9    0.032996   0.0376787  0.00329322
          10     0.03608   0.0375188  0.00296778
          11    0.023084   0.0362065  0.00297398
          12    0.023832   0.0351753  0.00289943
          13     0.03944   0.0355034  0.00269489
          14    0.033056   0.0353286  0.00250806
          15    0.049452   0.0362701  0.00251138
          16    0.025836    0.035618  0.00243762
          17    0.045292   0.0361871  0.00235972
          18    0.043588   0.0365982  0.00226416
          19    0.037016   0.0366202   0.0021451
          20    0.034204   0.0364994  0.00204125
