           1     2.95255     2.95255           0
           2     2.71642     2.83448   0.0834828
           3     2.88528     2.85141   0.0573462
           4     2.81557     2.84245   0.0437044
           5     2.83376     2.84071   0.0349981
           6     2.66184      2.8109   0.0398903
           7     2.75588     2.80304   0.0349576
           8     2.84365     2.80812   0.0309544
           9     2.83122     2.81068   0.0276212
          10      2.8135     2.81097   0.0248605
          11     2.75396     2.80578   0.0231343
          12      2.7846     2.80402   0.0212737
          13     2.97236     2.81697   0.0232467
          14     2.93985     2.82574    0.023184
          15     2.99785     2.83722   0.0243125
          16     2.84666     2.83781   0.0228001
          17     2.79583     2.83534   0.0215922
          18     2.97004     2.84282   0.0216506
          19     2.72834      2.8368    0.021333
          20     2.71303     2.83061   0.0211449
