           1   -0.685225   -0.685225           0
           2   -0.683288   -0.684256 0.000684904
           3   -0.679602   -0.682705  0.00134637
           4   -0.682894   -0.682752  0.00101061
           5   -0.679765   -0.682155 0.000969089
           6    -0.68361   -0.682397 0.000837371
           7   -0.683946   -0.682618 0.000746402
           8   -0.685195   -0.682941 0.000719255
           9    -0.68382   -0.683038 0.000645939
          10   -0.681923   -0.682927 0.000590895
          11   -0.680719   -0.682726 0.000570256
          12   -0.679402   -0.682449 0.000586177
          13   -0.683768    -0.68255 0.000549801
          14   -0.682907   -0.682576 0.000511117
          15     -0.6792   -0.682351 0.000524259
          16   -0.685257   -0.682532 0.000522003
          17    -0.68244   -0.682527 0.000491325
          18   -0.680719   -0.682427  0.00047418
          19   -0.680311   -0.682315 0.000462116
          20   -0.681057   -0.682252  0.00044327
