           1    0.218697    0.218697           0
           2    0.217441    0.218069 0.000444007
           3    0.211781    0.215973  0.00173676
           4    0.212813    0.215183   0.0014713
           5    0.214183    0.214983  0.00119057
           6    0.204485    0.213234  0.00188038
           7    0.203569    0.211853  0.00205713
           8    0.211693    0.211833  0.00180008
           9    0.205364    0.211114  0.00173764
          10    0.205855    0.210588  0.00164155
          11     0.20929     0.21047  0.00149655
          12    0.213477    0.210721  0.00139266
          13    0.214598    0.211019  0.00131707
          14    0.202225    0.210391  0.00136458
          15    0.213078     0.21057  0.00128532
          16    0.217858    0.211025  0.00128315
          17    0.214443    0.211226  0.00122332
          18    0.208481    0.211074  0.00116483
          19    0.212402    0.211144  0.00110562
          20     0.20719    0.210946  0.00106786
