           1   -0.656358   -0.656358           0
           2   -0.653991   -0.655175 0.000836705
           3   -0.650574   -0.653641  0.00137084
           4    -0.65279   -0.653428   0.0010445
           5   -0.654059   -0.653554 0.000843184
           6   -0.655063   -0.653806 0.000739174
           7   -0.653184   -0.653717 0.000638898
           8   -0.654825   -0.653855 0.000573844
           9   -0.656554   -0.654155  0.00058318
          10   -0.652923   -0.654032 0.000537718
          11   -0.651878   -0.653836 0.000523279
          12   -0.649744   -0.653495 0.000580247
          13   -0.654848   -0.653599 0.000544858
          14    -0.65489   -0.653691 0.000513679
          15   -0.652975   -0.653644 0.000481649
          16   -0.656388   -0.653815 0.000481117
          17   -0.651002    -0.65365 0.000480438
          18   -0.650009   -0.653447 0.000494496
          19   -0.651912   -0.653367  0.00047503
          20   -0.650563   -0.653226 0.000471503
