           1    0.296375    0.296375           0
           2    0.294053    0.295214 0.000820857
           3    0.287741    0.292723  0.00210629
           4    0.294233    0.293101   0.0016132
           5    0.298132    0.294107  0.00157338
           6    0.288654    0.293198  0.00155156
           7    0.280826    0.291431  0.00210859
           8    0.291125    0.291392  0.00184536
           9    0.287604    0.290971  0.00168766
          10    0.288023    0.290677  0.00154443
          11    0.286713    0.290316  0.00144546
          12    0.285469    0.289912  0.00138028
          13    0.292786    0.290133  0.00129168
          14    0.281937    0.289548  0.00132546
          15    0.286972    0.289376  0.00124817
          16    0.301926    0.290161    0.001395
          17    0.299038    0.290683  0.00140728
          18    0.293958    0.290865  0.00134081
          19    0.293437       0.291  0.00127706
          20    0.286562    0.290778  0.00123233
