           1   -0.604215   -0.604215           0
           2   -0.599472   -0.601844   0.0016768
           3   -0.599935   -0.601207  0.00123266
           4   -0.598492   -0.600529  0.00109556
           5   -0.599855   -0.600394  0.00088468
           6   -0.600618   -0.600431 0.000738021
           7   -0.600296   -0.600412 0.000632842
           8   -0.601742   -0.600578 0.000575152
           9   -0.604198    -0.60098 0.000636517
          10   -0.600194   -0.600902 0.000577708
          11   -0.597047   -0.600551  0.00062247
          12   -0.600532    -0.60055 0.000570599
          13    -0.60202   -0.600663 0.000537803
          14   -0.600666   -0.600663 0.000499388
          15   -0.600454   -0.600649 0.000466291
          16   -0.602182   -0.600745 0.000446884
          17   -0.597783   -0.600571 0.000453296
          18   -0.600842   -0.600586 0.000428364
          19   -0.599936   -0.600551 0.000407181
          20   -0.597218   -0.600385 0.000419541
