           1     2.45964     2.45964           0
           2     2.44682     2.45323  0.00453455
           3     2.44542     2.45063  0.00369507
           4      2.4178     2.44242   0.0076284
           5     2.49624     2.45319   0.0113992
           6     2.33844     2.43406   0.0198756
           7      2.4002     2.42922   0.0176152
           8     2.46555     2.43376   0.0159879
           9      2.4251      2.4328   0.0142404
          10     2.55141     2.44466   0.0170549
          11     2.46284     2.44631   0.0155842
          12     2.38127     2.44089   0.0151989
          13      2.5595     2.45002    0.016543
          14     2.66886     2.46565   0.0215142
          15     2.61718     2.47575   0.0223261
          16     2.48316     2.47621   0.0209355
          17     2.50284     2.47778   0.0197625
          18     2.56427     2.48259   0.0192398
          19     2.41558     2.47906   0.0185476
          20     2.44702     2.47746   0.0176892
