           1     2.22084     2.22084           0
           2     2.17804     2.19944   0.0151318
           3     2.16776     2.18888   0.0132707
           4     2.16865     2.18382   0.0108744
           5     2.27327     2.20171   0.0182126
           6     2.10255     2.18518   0.0213996
           7     2.19976     2.18727   0.0184435
           8     2.17802     2.18611   0.0161743
           9     2.18665     2.18617   0.0143772
          10     2.32835     2.20039   0.0186914
          11     2.14338     2.19521   0.0176961
          12     2.11112      2.1882   0.0175542
          13     2.26562     2.19415   0.0171844
          14     2.29364     2.20126    0.017364
          15     2.29649     2.20761   0.0173282
          16     2.12014     2.20214   0.0170858
          17     2.16361     2.19987   0.0162304
          18     2.33482     2.20737   0.0169722
          19     2.21139     2.20758   0.0160802
          20     2.18449     2.20643   0.0153176
