           1     1.38616     1.38616           0
           2     1.38726     1.38671 0.000387495
           3     1.35434     1.37592  0.00881433
           4     1.34926     1.36925  0.00877508
           5     1.39431     1.37426  0.00832873
           6      1.3366     1.36799  0.00900099
           7      1.3681       1.368  0.00771515
           8     1.31888     1.36186  0.00886392
           9     1.31377     1.35652  0.00935213
          10     1.36398     1.35726  0.00844663
          11     1.34828     1.35645  0.00771811
          12     1.33003     1.35425  0.00738228
          13     1.39151     1.35711  0.00734993
          14     1.35262     1.35679  0.00683195
          15     1.39744      1.3595  0.00689291
          16     1.34089     1.35834  0.00655949
          17     1.39764     1.36065  0.00656842
          18     1.37605     1.36151  0.00625897
          19     1.36988     1.36195  0.00594505
          20       1.341      1.3609   0.0057393
