           1    0.246427    0.246427           0
           2    0.245238    0.245833  0.00042046
           3    0.238345    0.243337  0.00205714
           4    0.240781    0.242698  0.00163907
           5    0.241083    0.242375   0.0013427
           6    0.233916    0.240965  0.00170533
           7     0.22947    0.239323    0.002109
           8    0.239183    0.239305  0.00184545
           9    0.234532    0.238775   0.0017149
          10    0.233801    0.238278  0.00161394
          11    0.235335     0.23801  0.00148923
          12    0.244577    0.238557  0.00146222
          13    0.245748     0.23911  0.00145059
          14    0.229115    0.238397  0.00151249
          15    0.236863    0.238294  0.00141511
          16    0.247679    0.238881  0.00144311
          17    0.240386    0.238969  0.00136093
          18    0.241019    0.239083  0.00129008
          19    0.240997    0.239184  0.00122611
          20    0.234692    0.238959   0.0011852
