           1    0.230235    0.230235           0
           2    0.232596    0.231416 0.000834712
           3    0.224811    0.229214  0.00188167
           4    0.225844    0.228372  0.00158875
           5    0.226238    0.227945  0.00132709
           6    0.218196     0.22632  0.00185019
           7    0.216326    0.224892  0.00206453
           8    0.224706    0.224869   0.0018066
           9    0.217475    0.224047  0.00178291
          10    0.218897    0.223532  0.00167737
          11    0.222186     0.22341  0.00152934
          12    0.227673    0.223765  0.00144256
          13     0.23139    0.224352  0.00144593
          14    0.214112     0.22362   0.0015164
          15    0.223809    0.223633  0.00141536
          16    0.230758    0.224078   0.0013952
          17    0.226339    0.224211  0.00131945
          18    0.225485    0.224282  0.00124805
          19    0.226343     0.22439  0.00118707
          20    0.223588     0.22435  0.00112839
