           1   -0.499191   -0.499191           0
           2   -0.496044   -0.497618  0.00111239
           3   -0.495266   -0.496834 0.000979639
           4   -0.492871   -0.495843  0.00112962
           5   -0.497186   -0.496112 0.000935088
           6   -0.497964    -0.49642 0.000828627
           7   -0.497257    -0.49654 0.000718818
           8   -0.495851   -0.496454 0.000634101
           9   -0.497876   -0.496612  0.00058302
          10   -0.497486   -0.496699 0.000531235
          11   -0.494166   -0.496469 0.000530507
          12   -0.494958   -0.496343 0.000501014
          13   -0.496479   -0.496353 0.000462583
          14   -0.495733   -0.496309 0.000431657
          15   -0.496151   -0.496299 0.000403008
          16    -0.49566   -0.496259  0.00037979
          17   -0.494981   -0.496184 0.000364813
          18   -0.496937   -0.496225 0.000346939
          19   -0.497377   -0.496286 0.000333929
          20   -0.492726   -0.496108 0.000361566
