           1   -0.464546   -0.464546           0
           2   -0.462109   -0.463328 0.000861595
           3   -0.460917   -0.462524 0.000872003
           4   -0.458328   -0.461475  0.00111948
           5   -0.462154   -0.461611 0.000903779
           6     -0.4647   -0.462126 0.000887748
           7   -0.463338   -0.462299 0.000777624
           8   -0.463688   -0.462472 0.000699539
           9     -0.4645   -0.462698 0.000657082
          10   -0.464516    -0.46288 0.000616012
          11   -0.461509   -0.462755 0.000572477
          12    -0.46288   -0.462765 0.000524866
          13   -0.462693    -0.46276 0.000484521
          14   -0.462508   -0.462742 0.000450247
          15   -0.462664   -0.462737 0.000420261
          16   -0.462787    -0.46274 0.000394006
          17   -0.463638   -0.462793 0.000374358
          18   -0.463442   -0.462829 0.000355294
          19    -0.46381    -0.46288 0.000340327
          20   -0.460383   -0.462755 0.000345453
