           1    0.058296    0.058296           0
           2    0.036284     0.04729  0.00778242
           3    0.050476    0.048352  0.00526024
           4    0.064276    0.052333  0.00523934
           5    0.064588    0.054784  0.00473016
           6     0.03298     0.05115  0.00515196
           7    0.035352   0.0488931  0.00488534
           8    0.053044    0.049412  0.00430214
           9    0.050512   0.0495342  0.00382586
          10    0.038648   0.0484456  0.00359482
          11    0.041612   0.0478244  0.00332126
          12    0.046416    0.047707  0.00304656
          13    0.042456   0.0473031  0.00283886
          14    0.048344   0.0473774  0.00263706
          15    0.075284   0.0492379  0.00304766
          16    0.041288    0.048741  0.00289741
          17    0.056824   0.0492165  0.00276571
          18    0.062268   0.0499416  0.00270544
          19    0.036536    0.049236  0.00265345
          20     0.04132   0.0488402  0.00255013
