           1     0.37276     0.37276           0
           2    0.368477    0.370619   0.0015145
           3    0.372025    0.371087  0.00107981
           4    0.378447    0.372927  0.00178739
           5     0.38017    0.374376  0.00192953
           6    0.360337    0.372036  0.00267352
           7     0.37337    0.372227  0.00229836
           8     0.37481    0.372549  0.00203363
           9    0.379894    0.373366  0.00196461
          10    0.381059    0.374135  0.00191287
          11    0.384459    0.375073  0.00195572
          12    0.381755     0.37563  0.00187032
          13    0.371922    0.375345  0.00174807
          14    0.372771    0.375161  0.00163284
          15    0.370148    0.374827  0.00155781
          16    0.383488    0.375368  0.00155165
          17     0.37042    0.375077  0.00148743
          18    0.384202    0.375584  0.00148867
          19    0.372087      0.3754  0.00142165
          20    0.380346    0.375647  0.00137191
