           1     3.87701     3.87701           0
           2      3.8413     3.85916   0.0126256
           3     4.02472     3.91435   0.0458414
           4      4.0084     3.93786   0.0399585
           5     3.93558      3.9374   0.0319694
           6     3.69065     3.89628    0.046034
           7     3.75823     3.87656    0.043477
           8     3.84878     3.87308   0.0381808
           9     3.84349      3.8698   0.0340798
          10     3.85863     3.86868   0.0306901
          11     3.79485     3.86197   0.0286246
          12     3.69796      3.8483   0.0293212
          13     4.02538     3.86192   0.0300638
          14     4.02421     3.87351   0.0300682
          15     3.94898     3.87854   0.0284815
          16     3.99942      3.8861   0.0276852
          17      3.7184     3.87623   0.0277586
          18      3.8917     3.87709   0.0262297
          19     3.86382     3.87639   0.0248585
          20     3.40927     3.85304   0.0328015
