           1     1.97172     1.97172           0
           2     1.96785     1.96979  0.00136701
           3     1.93305     1.95754   0.0100411
           4       2.005      1.9694   0.0127394
           5      2.0535     1.98622   0.0181708
           6     1.85638     1.96458   0.0248908
           7     1.97904     1.96665   0.0214204
           8     1.97018     1.96709   0.0187474
           9     1.93349     1.96336    0.017032
          10     2.09549     1.97657   0.0198015
          11     1.92004     1.97143   0.0186564
          12     1.88702      1.9644   0.0183799
          13     2.04813     1.97084   0.0180594
          14     1.99019     1.97222   0.0168223
          15     2.04103     1.97681   0.0163144
          16     1.90494     1.97232   0.0159009
          17     2.00846     1.97444   0.0151071
          18     2.06291     1.97936   0.0150461
          19     2.02133     1.98157   0.0144154
          20      1.9433     1.97965   0.0138211
