           1    -0.57863    -0.57863           0
           2   -0.574822   -0.576726  0.00134642
           3   -0.575458   -0.576303 0.000961694
           4   -0.573966   -0.575719 0.000881111
           5   -0.575756   -0.575726  0.00070492
           6   -0.577964   -0.576099 0.000678947
           7   -0.576731   -0.576189 0.000587928
           8   -0.576165   -0.576186 0.000514445
           9   -0.577858   -0.576372 0.000489681
          10   -0.577541   -0.576489 0.000454451
          11    -0.57392   -0.576255 0.000469313
          12   -0.575232    -0.57617 0.000437879
          13   -0.578481   -0.576348 0.000438799
          14   -0.576919   -0.576389 0.000409347
          15   -0.577298   -0.576449 0.000386517
          16    -0.57681   -0.576472 0.000363016
          17   -0.574768   -0.576372 0.000355221
          18   -0.577245    -0.57642 0.000338786
          19   -0.576331   -0.576415 0.000320988
          20   -0.573514    -0.57627 0.000336119
