           1   -0.480874   -0.480874           0
           2   -0.478311   -0.479593 0.000906483
           3   -0.478289   -0.479158 0.000700802
           4   -0.474811   -0.478071  0.00107792
           5   -0.479174   -0.478292 0.000884596
           6   -0.480514   -0.478662  0.00081103
           7   -0.479863   -0.478834 0.000713068
           8   -0.478818   -0.478832 0.000623937
           9   -0.479778   -0.478937 0.000563395
          10    -0.48056   -0.479099 0.000529935
          11   -0.477789    -0.47898 0.000494955
          12   -0.478492   -0.478939 0.000455374
          13   -0.479068   -0.478949 0.000420453
          14   -0.478239   -0.478899 0.000393469
          15   -0.478944   -0.478902 0.000367249
          16   -0.478769   -0.478893  0.00034439
          17   -0.478954   -0.478897 0.000324151
          18   -0.480442   -0.478983 0.000317298
          19   -0.480387   -0.479057  0.00030909
          20   -0.475944   -0.478901 0.000330496
