           1     1.51254     1.51254           0
           2     1.50602     1.50928  0.00230714
           3     1.49032     1.50296  0.00538418
           4     1.46381     1.49317  0.00938804
           5     1.53236     1.50101   0.0102736
           6     1.45374     1.49313   0.0111816
           7     1.46034     1.48845   0.0105198
           8     1.43864     1.48222   0.0108921
           9     1.41918     1.47522     0.01172
          10     1.47566     1.47526   0.0105481
          11     1.47624     1.47535  0.00958953
          12     1.43359     1.47187   0.0094007
          13     1.52864     1.47624  0.00963866
          14     1.48842     1.47711  0.00898938
          15     1.52165     1.48008  0.00886698
          16       1.452     1.47832  0.00848461
          17     1.50687        1.48  0.00815005
          18     1.49575     1.48088  0.00774406
          19     1.49807     1.48178  0.00738919
          20     1.46948     1.48117  0.00704529
