           1    0.326028    0.326028           0
           2    0.334316    0.330172  0.00293026
           3     0.32638    0.328908  0.00220938
           4    0.333732    0.330114  0.00195871
           5    0.340393     0.33217  0.00241589
           6    0.320468     0.33022  0.00268761
           7    0.318573    0.328556  0.00277124
           8     0.33412    0.329251  0.00251061
           9      0.3263    0.328924  0.00225297
          10     0.32904    0.328935   0.0020277
          11     0.33685    0.329655   0.0019669
          12    0.327665    0.329489  0.00180997
          13    0.325569    0.329187  0.00169567
          14    0.317399    0.328345  0.00177133
          15    0.333784    0.328708  0.00168995
          16    0.346253    0.329805   0.0019072
          17    0.336389    0.330192  0.00183393
          18    0.332785    0.330336  0.00173769
          19    0.323976    0.330001  0.00167816
          20    0.333891    0.330196  0.00160548
