0.345794   -0.0723371   0.0773216
0.102665   0.0420744   -0.234131
-0.279253   -0.466166   0.143437
0.348173   -0.154889   -0.106276
0.141314   0.255869   0.0859576
-0.126841   -0.344257   0.00433906
0.0955485   0.433299   -0.0252005
-0.131027   -0.316731   -0.344985
-0.427377   -0.25926   -0.153901
0.302089   -0.281006   0.14116
-0.424241   0.195325   -0.409935
-0.198908   0.327264   -0.27187
-0.334775   0.377447   0.44504
0.353329   0.15281   -0.261728
-0.00407741   -0.467953   0.133612
0.426332   -0.3825   0.421415
-0.193035   0.0191576   -0.0492241
-0.460784   0.16779   -0.237294
-0.010934   -0.109306   0.341095
0.168232   -0.305202   0.325952
-0.303536   0.339935   0.0883037
-0.447993   -0.280257   -0.465625
0.284162   0.471662   -0.378315
-0.443088   0.0811461   0.0522632
0.436202   0.436309   0.271088
-0.0777893   0.351092   -0.127769
0.204238   -0.430755   0.0297624
0.28176   0.205996   0.39979
0.364442   -0.183625   0.495638
-0.39899   0.357226   -0.28406
-0.0887267   0.485081   -0.342762
-0.308692   -0.0994301   -0.0114942
0.160648   0.275346   -0.196818
0.0803317   0.463902   0.330007
-0.155225   0.119193   0.114422
0.385282   0.111054   0.139863
0.0833133   0.346499   -0.346125
-0.16095   0.460797   0.32907
0.475985   0.275561   -0.0352278
-0.181474   -0.11121   -0.326885
-0.199141   -0.0682273   0.239492
-0.472305   0.243448   0.381356
-0.425094   0.49866   -0.152522
0.217955   0.434714   0.172624
-0.245867   -0.0622959   0.497127
0.222002   -0.293146   -0.153418
0.0891018   -0.400064   -0.301326
0.209684   -0.220358   -0.340679
0.00723593   0.1573   -0.0675389
-0.185973   0.262447   0.481067
0.320624   0.378712   0.00634416
0.303142   -0.0411791   -0.309054
-0.0841173   0.311097   0.0840823
0.302552   0.00540803   0.370681
-0.389616   -0.0545825   0.146334
-0.0445085   0.0283142   0.488268
0.372276   -0.412848   -0.0702895
0.17305   -0.131628   0.43683
0.198268   -0.384773   -0.486999
-0.477409   0.490135   0.0856113
-0.480677   0.263736   0.177837
-0.306961   -0.372513   -0.0204449
0.331621   0.287427   0.218597
0.292752   -0.430422   0.288364
-0.327556   -0.400585   -0.281275
0.483471   -0.261735   0.0393009
-0.0542436   0.180465   -0.335892
-0.345953   -0.401985   0.328995
0.11908   0.0936165   0.310532
0.0351543   0.0148901   0.150359
-0.0171728   0.366524   0.466712
0.368811   0.0914462   -0.463357
0.00509038   -0.191558   -0.457123
0.0955814   0.283307   0.298087
-0.136903   -0.306808   0.188924
-0.23294   0.490041   -0.151733
-0.497138   -0.00504536   0.30058
-0.311718   0.0981239   0.375217
0.397824   -0.260003   -0.264092
0.220522   -0.481683   -0.184308
0.0893487   0.19437   0.493036
0.439868   0.408368   0.49194
0.152923   -0.0163508   -0.418986
0.36569   0.376638   -0.227931
0.130206   0.0123276   -0.0517261
-0.10952   -0.142231   0.0206368
0.424446   0.0351729   -0.092905
-0.409524   -0.176848   0.359855
0.249812   0.409418   0.392207
-0.231014   0.243627   0.261048
-0.386046   0.0602546   -0.110639
-0.20031   -0.303314   0.43562
-0.249239   0.199134   -0.108553
0.00431256   -0.381042   0.473245
-0.455309   -0.00518959   0.491764
-0.483411   -0.46467   -0.36145
-0.225885   0.0464279   -0.232686
-0.232057   0.0995661   -0.410524
0.482703   -0.348336   0.244161
-0.477091   -0.0713648   -0.235114
-0.0169452   -0.12725   -0.183675
0.274832   0.280927   -0.405527
-0.222672   -0.227398   -0.130437
-0.00123907   -0.353162   -0.137807
0.0593116   -0.270916   0.0830944
-0.291998   -0.458496   -0.462091
-0.0830303   0.140039   0.317289
0.287617   0.184962   -0.0278992
