           0   0.0256496           0           0
           1   0.0512993           0           0
           2   0.0769489           0           0
           3    0.102599           0           0
           4    0.128248           0           0
           5    0.153898           0           0
           6    0.179547           0           0
           7    0.205197           0           0
           8    0.230847           0           0
           9    0.256496           0           0
          10    0.282146           0           0
          11    0.307796           0           0
          12    0.333445           0           0
          13    0.359095           0           0
          14    0.384745           0           0
          15    0.410394           0           0
          16    0.436044           0           0
          17    0.461694           0           0
          18    0.487343           0           0
          19    0.512993           0           0
          20    0.538642           0           0
          21    0.564292           0           0
          22    0.589942           0           0
          23    0.615591           0           0
          24    0.641241           0           0
          25    0.666891           0           0
          26     0.69254           0           0
          27     0.71819           0           0
          28     0.74384           0           0
          29    0.769489           0           0
          30    0.795139           0           0
          31    0.820788           0           0
          32    0.846438           0           0
          33    0.872088           0           0
          34    0.897737   0.0141901  0.00252362
          35    0.923387    0.220918  0.00698819
          36    0.949037     1.54442   0.0297965
          37    0.974686     5.15289   0.0864684
          38     1.00034     11.2881    0.101054
          39     1.02599     17.4668    0.113581
          40     1.05164      22.039   0.0769774
          41     1.07728     24.0592   0.0772625
          42     1.10293     23.9614   0.0867701
          43     1.12858      22.699   0.0550358
          44     1.15423     20.7983   0.0736967
          45     1.17988     18.6912   0.0905558
          46     1.20553      16.648   0.0760535
          47     1.23118     14.7145    0.129018
          48     1.25683     13.1566     0.09328
          49     1.28248     11.8251   0.0752259
          50     1.30813     10.6941   0.0595431
          51     1.33378      9.6113   0.0568892
          52     1.35943     8.86414   0.0398099
          53     1.38508     8.26089   0.0421272
          54     1.41073     7.80466   0.0354028
          55     1.43638     7.32423    0.042626
          56     1.46203     7.00248   0.0452847
          57     1.48768     6.79599   0.0308244
          58     1.51333     6.60934   0.0422835
          59     1.53898     6.46094   0.0335964
          60     1.56463      6.4876   0.0390213
          61     1.59028     6.41851   0.0378091
          62     1.61593     6.43629   0.0323399
          63     1.64158     6.55808   0.0465754
          64     1.66723     6.71841   0.0308925
          65     1.69288     6.93349   0.0562537
          66     1.71853     7.20665   0.0499489
          67     1.74418     7.52508   0.0482462
          68     1.76983     7.89138   0.0320789
          69     1.79547     8.22088   0.0477017
          70     1.82112     8.59538   0.0255571
          71     1.84677      8.9609   0.0383053
          72     1.87242     9.38684   0.0431968
          73     1.89807     9.79966    0.030445
          74     1.92372     10.1022   0.0420751
          75     1.94937     10.5249   0.0306575
          76     1.97502     10.8312   0.0505934
          77     2.00067      11.146    0.037864
          78     2.02632     11.3432   0.0394563
          79     2.05197     11.5235   0.0395203
          80     2.07762      11.683   0.0350707
          81     2.10327     11.5999    0.039105
          82     2.12892     11.5983   0.0339537
          83     2.15457     11.5351   0.0181996
          84     2.18022     11.3904   0.0299604
          85     2.20587     11.0896   0.0147071
          86     2.23152     10.8839   0.0406413
          87     2.25717      10.613   0.0330981
          88     2.28282     10.3328   0.0299622
          89     2.30847     9.99608   0.0493721
          90     2.33412     9.75619   0.0295521
          91     2.35977     9.54288   0.0382847
          92     2.38542     9.34838   0.0342009
          93     2.41107     9.16758   0.0352211
          94     2.43672     8.99126   0.0391544
          95     2.46237      8.8778   0.0257867
          96     2.48802     8.75318   0.0236635
          97     2.51366     8.63667    0.031578
          98     2.53931     8.59313   0.0267229
          99     2.56496      8.6106   0.0278552
