           1           0           0           0
           1           1           0           0
           1           2           0           0
           1           3           0           0
           1           4           0           0
           1           5           0           0
           1           6           0           0
           1           7           0           0
           1           8           0           0
           1           9           0           0
           1          10           0           0
           1          11           0           0
           1          12           0           0
           1          13           0           0
           1          14           0           0
           1          15           0           0
           1          16           0           0
           1          17           0           0
           1          18           0           0
           1          19           0           0
           1          20           0           0
           1          21           0           0
           1          22           0           0
           1          23           0           0
           1          24           0           0
           1          25           0           0
           1          26           0           0
           1          27           0           0
           1          28           0           0
           1          29           0           0
           1          30           0           0
           1          31           0           0
           1          32           0           0
           1          33           0           0
           1          34   0.0034193   0.0034193
           1          35    0.229651    0.229651
           1          36     1.41112     1.41112
           1          37     4.50472     4.50472
           1          38     10.8307     10.8307
           1          39     17.0031     17.0031
           1          40      21.707      21.707
           1          41     24.4324     24.4324
           1          42     24.0371     24.0371
           1          43     22.9157     22.9157
           1          44     21.0099     21.0099
           1          45     19.1604     19.1604
           1          46     17.0825     17.0825
           1          47     15.2861     15.2861
           1          48     13.6266     13.6266
           1          49     12.1857     12.1857
           1          50     10.9843     10.9843
           1          51     9.72481     9.72481
           1          52      8.7519      8.7519
           1          53     8.06372     8.06372
           1          54     7.65755     7.65755
           1          55      7.1945      7.1945
           1          56     6.78808     6.78808
           1          57     6.70784     6.70784
           1          58     6.43558     6.43558
           1          59     6.28758     6.28758
           1          60      6.2853      6.2853
           1          61     6.30036     6.30036
           1          62     6.35143     6.35143
           1          63     6.39064     6.39064
           1          64     6.62791     6.62791
           1          65     6.98017     6.98017
           1          66     7.19908     7.19908
           1          67     7.60484     7.60484
           1          68     7.97908     7.97908
           1          69       8.301       8.301
           1          70     8.59348     8.59348
           1          71     9.12422     9.12422
           1          72     9.44679     9.44679
           1          73     9.86418     9.86418
           1          74     10.1395     10.1395
           1          75     10.5632     10.5632
           1          76     10.8132     10.8132
           1          77     11.1241     11.1241
           1          78     11.2364     11.2364
           1          79     11.4467     11.4467
           1          80     11.6392     11.6392
           1          81     11.6763     11.6763
           1          82     11.4338     11.4338
           1          83     11.5098     11.5098
           1          84     11.3671     11.3671
           1          85     11.0076     11.0076
           1          86     10.8624     10.8624
           1          87     10.5968     10.5968
           1          88     10.3719     10.3719
           1          89     10.3396     10.3396
           1          90      9.8485      9.8485
           1          91     9.55462     9.55462
           1          92     9.35873     9.35873
           1          93     9.14072     9.14072
           1          94     8.85083     8.85083
           1          95     8.80787     8.80787
           1          96     8.71471     8.71471
           1          97     8.63527     8.63527
           1          98     8.69001     8.69001
           1          99     8.68625     8.68625
           2           0           0           0
           2           1           0           0
           2           2           0           0
           2           3           0           0
           2           4           0           0
           2           5           0           0
           2           6           0           0
           2           7           0           0
           2           8           0           0
           2           9           0           0
           2          10           0           0
           2          11           0           0
           2          12           0           0
           2          13           0           0
           2          14           0           0
           2          15           0           0
           2          16           0           0
           2          17           0           0
           2          18           0           0
           2          19           0           0
           2          20           0           0
           2          21           0           0
           2          22           0           0
           2          23           0           0
           2          24           0           0
           2          25           0           0
           2          26           0           0
           2          27           0           0
           2          28           0           0
           2          29           0           0
           2          30           0           0
           2          31           0           0
           2          32           0           0
           2          33           0           0
           2          34   0.0205158   0.0119675
           2          35    0.213478    0.221564
           2          36     1.59804     1.50458
           2          37     5.13123     4.81797
           2          38     11.2906     11.0606
           2          39     17.5049      17.254
           2          40     21.9322     21.8196
           2          41     24.4038     24.4181
           2          42     23.8652     23.9512
           2          43     22.6687     22.7922
           2          44     20.9693     20.9896
           2          45      18.708     18.9342
           2          46     16.7139     16.8982
           2          47     14.7686     15.0274
           2          48     13.3672     13.4969
           2          49       11.95     12.0679
           2          50     10.6951     10.8397
           2          51     9.44104     9.58292
           2          52      8.9258     8.83885
           2          53     8.17036     8.11704
           2          54     7.65055     7.65405
           2          55     7.25052     7.22251
           2          56     6.79524     6.79166
           2          57     6.74436      6.7261
           2          58     6.65164     6.54361
           2          59     6.48832     6.38795
           2          60     6.28872     6.28701
           2          61     6.26119     6.28078
           2          62     6.39097      6.3712
           2          63     6.54291     6.46677
           2          64     6.73991     6.68391
           2          65     6.81597     6.89807
           2          66       6.991     7.09504
           2          67     7.64755     7.62619
           2          68     7.92198     7.95053
           2          69     8.23293     8.26697
           2          70     8.58042     8.58695
           2          71     9.10249     9.11335
           2          72     9.57283     9.50981
           2          73     9.85331     9.85874
           2          74     10.1474     10.1434
           2          75     10.6537     10.6084
           2          76     10.9879     10.9006
           2          77     11.0713     11.0977
           2          78     11.2019     11.2192
           2          79      11.487     11.4668
           2          80     11.6882     11.6637
           2          81     11.6108     11.6435
           2          82     11.5491     11.4915
           2          83     11.4747     11.4922
           2          84     11.4334     11.4002
           2          85     11.0974     11.0525
           2          86     10.9122     10.8873
           2          87     10.7624     10.6796
           2          88     10.2957     10.3338
           2          89     10.0671     10.2034
           2          90     9.79832     9.82341
           2          91     9.67651     9.61556
           2          92     9.34937     9.35405
           2          93     9.14579     9.14326
           2          94     8.90777      8.8793
           2          95     8.97632      8.8921
           2          96      8.8489      8.7818
           2          97     8.53889     8.58708
           2          98     8.55529     8.62265
           2          99     8.59175       8.639
           3           0           0           0
           3           1           0           0
           3           2           0           0
           3           3           0           0
           3           4           0           0
           3           5           0           0
           3           6           0           0
           3           7           0           0
           3           8           0           0
           3           9           0           0
           3          10           0           0
           3          11           0           0
           3          12           0           0
           3          13           0           0
           3          14           0           0
           3          15           0           0
           3          16           0           0
           3          17           0           0
           3          18           0           0
           3          19           0           0
           3          20           0           0
           3          21           0           0
           3          22           0           0
           3          23           0           0
           3          24           0           0
           3          25           0           0
           3          26           0           0
           3          27           0           0
           3          28           0           0
           3          29           0           0
           3          30           0           0
           3          31           0           0
           3          32           0           0
           3          33           0           0
           3          34   0.0307737   0.0182363
           3          35    0.252292    0.231807
           3          36     1.40652     1.47189
           3          37     5.21117     4.94904
           3          38     10.9964     11.0392
           3          39     17.6455     17.3845
           3          40     21.7608        21.8
           3          41     23.8503     24.2289
           3          42     24.2694     24.0573
           3          43     22.3662     22.6502
           3          44     20.8423     20.9405
           3          45     18.8983     18.9222
           3          46     16.4226     16.7396
           3          47     15.0104     15.0217
           3          48     13.3399     13.4445
           3          49     11.9576     12.0311
           3          50     10.8868     10.8554
           3          51     9.66774     9.61119
           3          52     9.12378     8.93383
           3          53     8.29586     8.17665
           3          54     7.96533     7.75781
           3          55     7.27077      7.2386
           3          56     6.99336     6.85889
           3          57     6.63858     6.69693
           3          58     6.45505     6.51409
           3          59     6.52894     6.43495
           3          60     6.53425     6.36943
           3          61     6.54858     6.37004
           3          62      6.2996     6.34734
           3          63     6.54964     6.49439
           3          64     6.62238      6.6634
           3          65      6.7653     6.85381
           3          66     7.08322      7.0911
           3          67     7.56122     7.60453
           3          68     7.79842     7.89982
           3          69     8.13106     8.22166
           3          70     8.54923     8.57437
           3          71     8.99058     9.07243
           3          72     9.35825     9.45929
           3          73     9.81604     9.84451
           3          74      10.037      10.108
           3          75     10.4755     10.5641
           3          76     10.5851     10.7954
           3          77     11.1451     11.1135
           3          78     11.2909     11.2431
           3          79     11.5698     11.5012
           3          80     11.6947      11.674
           3          81      11.612      11.633
           3          82     11.6675     11.5502
           3          83      11.552     11.5122
           3          84     11.5489     11.4498
           3          85     11.1349     11.0799
           3          86     11.1835      10.986
           3          87       10.81     10.7231
           3          88     10.5101     10.3926
           3          89     9.98053     10.1291
           3          90     9.82817       9.825
           3          91     9.61733     9.61615
           3          92     9.46595     9.39135
           3          93     9.14169     9.14273
           3          94     9.08827     8.94896
           3          95     8.79029     8.85816
           3          96     8.70882     8.75748
           3          97     8.51668     8.56361
           3          98     8.59816     8.61448
           3          99     8.53159     8.60319
           4           0           0           0
           4           1           0           0
           4           2           0           0
           4           3           0           0
           4           4           0           0
           4           5           0           0
           4           6           0           0
           4           7           0           0
           4           8           0           0
           4           9           0           0
           4          10           0           0
           4          11           0           0
           4          12           0           0
           4          13           0           0
           4          14           0           0
           4          15           0           0
           4          16           0           0
           4          17           0           0
           4          18           0           0
           4          19           0           0
           4          20           0           0
           4          21           0           0
           4          22           0           0
           4          23           0           0
           4          24           0           0
           4          25           0           0
           4          26           0           0
           4          27           0           0
           4          28           0           0
           4          29           0           0
           4          30           0           0
           4          31           0           0
           4          32           0           0
           4          33           0           0
           4          34   0.0136772   0.0170965
           4          35     0.23612    0.232885
           4          36     1.58119     1.49922
           4          37     5.04401     4.97278
           4          38     10.7948     10.9781
           4          39     16.7338     17.2218
           4          40     21.9947     21.8487
           4          41     24.1652     24.2129
           4          42     23.4598     23.9079
           4          43     22.8341     22.6962
           4          44     20.7278     20.8873
           4          45     18.5944     18.8402
           4          46     16.9306     16.7874
           4          47     15.3814     15.1116
           4          48     13.4489     13.4456
           4          49     12.1139     12.0518
           4          50      10.964     10.8826
           4          51      9.7123     9.63647
           4          52     8.94838     8.93746
           4          53     8.44022     8.24254
           4          54     7.86251     7.78399
           4          55     7.43344     7.28731
           4          56     7.18235     6.93976
           4          57     6.88791     6.74467
           4          58      6.5713     6.52839
           4          59     6.45653     6.44034
           4          60       6.385     6.37332
           4          61     6.39909     6.37731
           4          62     6.52991     6.39298
           4          63     6.47609     6.48982
           4          64     6.55308     6.63582
           4          65     6.62887     6.79757
           4          66     6.98202     7.06383
           4          67     7.24528     7.51472
           4          68     7.72615     7.85641
           4          69     7.87051     8.13388
           4          70     8.41857     8.53542
           4          71     8.79094     9.00206
           4          72     9.17876     9.38916
           4          73     9.74849      9.8205
           4          74     10.1232     10.1118
           4          75     10.6173     10.5774
           4          76     11.0844     10.8677
           4          77     11.2475      11.147
           4          78     11.4348      11.291
           4          79     11.6562     11.5399
           4          80      11.912     11.7335
           4          81     11.8805     11.6949
           4          82     11.6826     11.5833
           4          83     11.6516      11.547
           4          84     11.2636     11.4032
           4          85     11.0225     11.0656
           4          86     10.8356     10.9484
           4          87      10.596     10.6913
           4          88     10.3573     10.3838
           4          89     9.92002     10.0768
           4          90     9.89663     9.84291
           4          91     9.59466     9.61078
           4          92     9.50834      9.4206
           4          93     9.24423     9.16811
           4          94     9.07008     8.97924
           4          95     8.86387     8.85959
           4          96     8.72129     8.74843
           4          97     8.69079     8.59541
           4          98     8.43362     8.56927
           4          99     8.60327     8.60321
           5           0           0           0
           5           1           0           0
           5           2           0           0
           5           3           0           0
           5           4           0           0
           5           5           0           0
           5           6           0           0
           5           7           0           0
           5           8           0           0
           5           9           0           0
           5          10           0           0
           5          11           0           0
           5          12           0           0
           5          13           0           0
           5          14           0           0
           5          15           0           0
           5          16           0           0
           5          17           0           0
           5          18           0           0
           5          19           0           0
           5          20           0           0
           5          21           0           0
           5          22           0           0
           5          23           0           0
           5          24           0           0
           5          25           0           0
           5          26           0           0
           5          27           0           0
           5          28           0           0
           5          29           0           0
           5          30           0           0
           5          31           0           0
           5          32           0           0
           5          33           0           0
           5          34   0.0153868   0.0167546
           5          35     0.21833    0.229974
           5          36     1.56127     1.51163
           5          37      5.1821     5.01465
           5          38     11.3748     11.0575
           5          39     17.7873     17.3349
           5          40     22.2487     21.9287
           5          41     24.1521     24.2008
           5          42      24.266     23.9795
           5          43     22.5795     22.6728
           5          44     20.8059     20.8711
           5          45     18.5336     18.7789
           5          46     16.7053      16.771
           5          47     14.5277     14.9949
           5          48     13.0638     13.3693
           5          49     11.6526      11.972
           5          50     10.5253     10.8111
           5          51     9.25967     9.56111
           5          52     8.74212     8.89839
           5          53     8.33213     8.26046
           5          54     7.84782     7.79675
           5          55      7.1432     7.25849
           5          56     7.04615     6.96104
           5          57     6.80669     6.75708
           5          58     6.72772     6.56826
           5          59     6.40296     6.43287
           5          60     6.60318     6.41929
           5          61     6.28436     6.35872
           5          62     6.37067     6.38852
           5          63     6.48024      6.4879
           5          64     6.69872      6.6484
           5          65     6.85154     6.80837
           5          66       7.218     7.09466
           5          67     7.39269     7.49031
           5          68     7.94384     7.87389
           5          69     8.33785     8.17467
           5          70     8.64827     8.55799
           5          71     8.86801     8.97525
           5          72     9.59995     9.43132
           5          73     9.77644     9.81169
           5          74      10.195     10.1284
           5          75     10.5271     10.5674
           5          76     10.8376     10.8616
           5          77     11.3465     11.1869
           5          78     11.5303     11.3389
           5          79     11.5418     11.5403
           5          80     11.7962     11.7461
           5          81     11.5275     11.6614
           5          82     11.6656     11.5997
           5          83     11.5481     11.5472
           5          84     11.4917     11.4209
           5          85     11.1331     11.0791
           5          86     11.0023     10.9592
           5          87     10.6023     10.6735
           5          88     10.4262     10.3922
           5          89     9.84847     10.0312
           5          90     9.74298     9.82292
           5          91     9.52289      9.5932
           5          92     9.25398     9.38727
           5          93     9.18536     9.17156
           5          94      8.8721     8.95781
           5          95     8.78404     8.84448
           5          96     8.74395     8.74753
           5          97     8.51046     8.57842
           5          98     8.48129     8.55167
           5          99     8.49937     8.58244
           6           0           0           0
           6           1           0           0
           6           2           0           0
           6           3           0           0
           6           4           0           0
           6           5           0           0
           6           6           0           0
           6           7           0           0
           6           8           0           0
           6           9           0           0
           6          10           0           0
           6          11           0           0
           6          12           0           0
           6          13           0           0
           6          14           0           0
           6          15           0           0
           6          16           0           0
           6          17           0           0
           6          18           0           0
           6          19           0           0
           6          20           0           0
           6          21           0           0
           6          22           0           0
           6          23           0           0
           6          24           0           0
           6          25           0           0
           6          26           0           0
           6          27           0           0
           6          28           0           0
           6          29           0           0
           6          30           0           0
           6          31           0           0
           6          32           0           0
           6          33           0           0
           6          34   0.0136772   0.0162417
           6          35    0.210244    0.226686
           6          36     1.60417     1.52705
           6          37     5.57167     5.10748
           6          38      11.651     11.1564
           6          39     17.9397     17.4357
           6          40     22.1649      21.968
           6          41     24.1259     24.1883
           6          42     23.7195     23.9362
           6          43     22.5403     22.6508
           6          44     20.2293     20.7641
           6          45     18.0652       18.66
           6          46     16.3978     16.7088
           6          47     14.2062     14.8634
           6          48     12.7973      13.274
           6          49     11.8393     11.9499
           6          50     10.5781     10.7723
           6          51     9.75451     9.59334
           6          52     8.90397     8.89932
           6          53      8.4083      8.2851
           6          54     7.95274     7.82275
           6          55     7.48474     7.29619
           6          56     7.04875     6.97566
           6          57     6.92631     6.78528
           6          58     6.56887     6.56836
           6          59     6.47301     6.43956
           6          60     6.51773      6.4357
           6          61     6.40792     6.36692
           6          62     6.55983     6.41707
           6          63     6.78633     6.53764
           6          64     6.86245     6.68407
           6          65     7.04058     6.84707
           6          66     7.35372     7.13784
           6          67      7.6604     7.51866
           6          68     7.97551     7.89083
           6          69      8.3023     8.19594
           6          70      8.7254     8.58589
           6          71      8.9914     8.97794
           6          72     9.33551     9.41535
           6          73     9.76246     9.80349
           6          74     9.97883     10.1035
           6          75     10.5698     10.5678
           6          76     10.6564     10.8274
           6          77      10.943     11.1463
           6          78     11.2067     11.3168
           6          79     11.3689     11.5117
           6          80     11.5867     11.7195
           6          81     11.5104     11.6363
           6          82     11.4669     11.5776
           6          83     11.4898     11.5377
           6          84     11.2471      11.392
           6          85     11.1115     11.0845
           6          86     10.8379      10.939
           6          87     10.4854     10.6422
           6          88     10.2874     10.3748
           6          89     10.1131     10.0448
           6          90     9.70155     9.80269
           6          91     9.70723      9.6122
           6          92     9.41296     9.39155
           6          93     9.34533     9.20052
           6          94     9.21916     9.00137
           6          95     8.99738     8.86996
           6          96     8.81082     8.75808
           6          97      8.6879     8.59666
           6          98     8.64474     8.56718
           6          99     8.64103     8.59221
           7           0           0           0
           7           1           0           0
           7           2           0           0
           7           3           0           0
           7           4           0           0
           7           5           0           0
           7           6           0           0
           7           7           0           0
           7           8           0           0
           7           9           0           0
           7          10           0           0
           7          11           0           0
           7          12           0           0
           7          13           0           0
           7          14           0           0
           7          15           0           0
           7          16           0           0
           7          17           0           0
           7          18           0           0
           7          19           0           0
           7          20           0           0
           7          21           0           0
           7          22           0           0
           7          23           0           0
           7          24           0           0
           7          25           0           0
           7          26           0           0
           7          27           0           0
           7          28           0           0
           7          29           0           0
           7          30           0           0
           7          31           0           0
           7          32           0           0
           7          33           0           0
           7          34   0.0102579   0.0153868
           7          35    0.208626    0.224106
           7          36     1.42338     1.51224
           7          37     5.12105     5.10942
           7          38     11.3237     11.1803
           7          39     17.6402     17.4649
           7          40     22.3988     22.0296
           7          41     23.9219     24.1502
           7          42     24.2273     23.9778
           7          43     22.8395     22.6777
           7          44     20.7757     20.7658
           7          45     18.8216     18.6831
           7          46     16.3873     16.6628
           7          47     14.7585     14.8484
           7          48     13.0348     13.2398
           7          49     11.5664     11.8951
           7          50      10.674     10.7582
           7          51     9.83269     9.62754
           7          52     8.76169     8.87966
           7          53       8.277     8.28394
           7          54     7.74429     7.81154
           7          55     7.28022     7.29391
           7          56     6.92167     6.96794
           7          57     6.82998     6.79167
           7          58     6.55548     6.56652
           7          59     6.53423     6.45308
           7          60     6.55704     6.45303
           7          61     6.36655     6.36686
           7          62     6.54006     6.43464
           7          63     6.41653     6.52034
           7          64     6.72233     6.68954
           7          65     6.86908     6.85021
           7          66     7.14706     7.13916
           7          67     7.46432      7.5109
           7          68      7.8118     7.87954
           7          69     8.22426     8.19999
           7          70     8.57746     8.58469
           7          71     9.06519      8.9904
           7          72     9.43562     9.41825
           7          73     9.95385     9.82497
           7          74     10.3549     10.1394
           7          75     10.6007     10.5725
           7          76     10.8581     10.8318
           7          77     11.1545     11.1474
           7          78     11.4239     11.3321
           7          79     11.4324     11.5004
           7          80     11.6697     11.7124
           7          81     11.5221       11.62
           7          82     11.6761     11.5917
           7          83     11.5224     11.5355
           7          84     11.3349     11.3838
           7          85      11.138     11.0922
           7          86      10.861     10.9278
           7          87      10.503     10.6223
           7          88     10.2228     10.3531
           7          89     10.0626     10.0474
           7          90     9.74504     9.79446
           7          91     9.55563     9.60412
           7          92     9.38165     9.39014
           7          93     9.05362     9.17953
           7          94     8.97369     8.99741
           7          95     8.79376     8.85908
           7          96      8.6279     8.73948
           7          97     8.76386     8.62055
           7          98     8.62863     8.57596
           7          99     8.66343     8.60238
           8           0           0           0
           8           1           0           0
           8           2           0           0
           8           3           0           0
           8           4           0           0
           8           5           0           0
           8           6           0           0
           8           7           0           0
           8           8           0           0
           8           9           0           0
           8          10           0           0
           8          11           0           0
           8          12           0           0
           8          13           0           0
           8          14           0           0
           8          15           0           0
           8          16           0           0
           8          17           0           0
           8          18           0           0
           8          19           0           0
           8          20           0           0
           8          21           0           0
           8          22           0           0
           8          23           0           0
           8          24           0           0
           8          25           0           0
           8          26           0           0
           8          27           0           0
           8          28           0           0
           8          29           0           0
           8          30           0           0
           8          31           0           0
           8          32           0           0
           8          33           0           0
           8          34   0.0170965   0.0156005
           8          35    0.224799    0.224192
           8          36     1.58885     1.52182
           8          37     5.15594     5.11524
           8          38     11.6179      11.235
           8          39     17.4576      17.464
           8          40     22.2575     22.0581
           8          41     23.8897     24.1177
           8          42     24.1658     24.0013
           8          43     22.6981     22.6803
           8          44     20.7039      20.758
           8          45     18.5675     18.6686
           8          46     16.6241      16.658
           8          47     14.3967      14.792
           8          48     13.1702     13.2311
           8          49     11.4456     11.8389
           8          50      10.518     10.7282
           8          51     9.56846     9.62015
           8          52     8.73158     8.86115
           8          53     8.17399      8.2702
           8          54     7.84572     7.81581
           8          55     7.57856     7.32949
           8          56     7.21038     6.99825
           8          57     6.89609     6.80472
           8          58      6.8251     6.59884
           8          59     6.56897     6.46757
           8          60     6.51716     6.46105
           8          61     6.46529     6.37917
           8          62     6.39258     6.42938
           8          63     6.52892     6.52141
           8          64      6.8278     6.70682
           8          65     7.07323     6.87809
           8          66     7.27286     7.15587
           8          67     7.42116     7.49968
           8          68     8.00406      7.8951
           8          69     8.30447     8.21305
           8          70     8.57957     8.58405
           8          71     8.82579     8.96983
           8          72      9.2011      9.3911
           8          73     9.66308     9.80473
           8          74     9.89718     10.1091
           8          75     10.4001     10.5509
           8          76     11.0087     10.8539
           8          77      11.193     11.1531
           8          78     11.5146     11.3549
           8          79     11.6868     11.5237
           8          80     11.7288     11.7144
           8          81     11.4531     11.5991
           8          82     11.7574     11.6124
           8          83     11.4597      11.526
           8          84     11.3759     11.3828
           8          85      11.079     11.0905
           8          86     10.7143     10.9011
           8          87     10.6502     10.6258
           8          88     10.3167     10.3485
           8          89     9.81058     10.0178
           8          90     9.61405     9.77191
           8          91     9.39572     9.57807
           8          92     9.18867     9.36496
           8          93     8.99185     9.15607
           8          94     8.97345     8.99442
           8          95     8.94393     8.86968
           8          96     8.75302     8.74118
           8          97     8.78296     8.64085
           8          98     8.57139     8.57539
           8          99     8.48935     8.58825
           9           0           0           0
           9           1           0           0
           9           2           0           0
           9           3           0           0
           9           4           0           0
           9           5           0           0
           9           6           0           0
           9           7           0           0
           9           8           0           0
           9           9           0           0
           9          10           0           0
           9          11           0           0
           9          12           0           0
           9          13           0           0
           9          14           0           0
           9          15           0           0
           9          16           0           0
           9          17           0           0
           9          18           0           0
           9          19           0           0
           9          20           0           0
           9          21           0           0
           9          22           0           0
           9          23           0           0
           9          24           0           0
           9          25           0           0
           9          26           0           0
           9          27           0           0
           9          28           0           0
           9          29           0           0
           9          30           0           0
           9          31           0           0
           9          32           0           0
           9          33           0           0
           9          34   0.0034193   0.0142471
           9          35    0.173047     0.21851
           9          36     1.66699     1.53795
           9          37     5.38851      5.1456
           9          38     11.3555     11.2484
           9          39     17.5745     17.4763
           9          40     22.1674     22.0702
           9          41     23.6606     24.0669
           9          42     23.8299     23.9822
           9          43     22.6611     22.6781
           9          44     21.0661     20.7923
           9          45     18.7807     18.6811
           9          46     16.7798     16.6715
           9          47     14.2501     14.7318
           9          48     12.6734     13.1691
           9          49     11.6813     11.8214
           9          50     10.6415     10.7186
           9          51     9.71464     9.63065
           9          52     8.81739     8.85629
           9          53     8.07896     8.24895
           9          54     7.70931     7.80398
           9          55     7.28832     7.32492
           9          56      7.0859     7.00799
           9          57     6.83565     6.80816
           9          58     6.78371     6.61938
           9          59     6.58309      6.4804
           9          60     6.61971     6.47868
           9          61     6.58388     6.40191
           9          62     6.57266      6.4453
           9          63     6.84278     6.55712
           9          64     6.72434     6.70877
           9          65     7.09321     6.90199
           9          66     7.40338     7.18337
           9          67     7.48958     7.49856
           9          68     7.77968     7.88228
           9          69     8.11415     8.20206
           9          70     8.62088     8.58814
           9          71     8.84055     8.95546
           9          72     9.37779     9.38962
           9          73     9.89834     9.81513
           9          74     9.97467     10.0942
           9          75     10.4939     10.5446
           9          76     10.7659     10.8442
           9          77     11.2346     11.1622
           9          78     11.3397     11.3532
           9          79     11.6878     11.5419
           9          80     11.5646     11.6978
           9          81     11.5256     11.5909
           9          82      11.504     11.6004
           9          83     11.5933     11.5335
           9          84      11.396     11.3843
           9          85     11.0606     11.0872
           9          86     10.8292     10.8932
           9          87     10.5911     10.6219
           9          88     10.1838     10.3302
           9          89     9.88793     10.0033
           9          90     9.61585     9.75457
           9          91     9.31035     9.54832
           9          92     9.18916     9.34542
           9          93     9.10429     9.15032
           9          94      8.8591     8.97938
           9          95     8.89071     8.87202
           9          96     8.88199     8.75682
           9          97     8.67547      8.6447
           9          98     8.68652     8.58774
           9          99     8.77308     8.60879
          10           0           0           0
          10           1           0           0
          10           2           0           0
          10           3           0           0
          10           4           0           0
          10           5           0           0
          10           6           0           0
          10           7           0           0
          10           8           0           0
          10           9           0           0
          10          10           0           0
          10          11           0           0
          10          12           0           0
          10          13           0           0
          10          14           0           0
          10          15           0           0
          10          16           0           0
          10          17           0           0
          10          18           0           0
          10          19           0           0
          10          20           0           0
          10          21           0           0
          10          22           0           0
          10          23           0           0
          10          24           0           0
          10          25           0           0
          10          26           0           0
          10          27           0           0
          10          28           0           0
          10          29           0           0
          10          30           0           0
          10          31           0           0
          10          32           0           0
          10          33           0           0
          10          34   0.0136772   0.0141901
          10          35    0.242589    0.220918
          10          36     1.60264     1.54442
          10          37     5.21844     5.15289
          10          38     11.6455     11.2881
          10          39     17.3814     17.4668
          10          40     21.7583      22.039
          10          41     23.9899     24.0592
          10          42     23.7741     23.9614
          10          43     22.8863      22.699
          10          44     20.8527     20.7983
          10          45     18.7827     18.6912
          10          46      16.436      16.648
          10          47     14.5588     14.7145
          10          48     13.0444     13.1566
          10          49     11.8587     11.8251
          10          50     10.4733     10.6941
          10          51     9.43713      9.6113
          10          52     8.93483     8.86414
          10          53      8.3684     8.26089
          10          54     7.81074     7.80466
          10          55     7.31802     7.32423
          10          56     6.95296     7.00248
          10          57     6.68643     6.79599
          10          58     6.51896     6.60934
          10          59     6.28582     6.46094
          10          60     6.56786      6.4876
          10          61     6.56788     6.41851
          10          62     6.35517     6.43629
          10          63     6.56673     6.55808
          10          64      6.8052     6.71841
          10          65     7.21696     6.93349
          10          66     7.41615     7.20665
          10          67     7.76372     7.52508
          10          68     7.97328     7.89138
          10          69      8.3903     8.22088
          10          70      8.6605     8.59538
          10          71     9.00985      8.9609
          10          72     9.36184     9.38684
          10          73     9.66036     9.79966
          10          74     10.1743     10.1022
          10          75     10.3481     10.5249
          10          76     10.7142     10.8312
          10          77     11.0007      11.146
          10          78     11.2531     11.3432
          10          79      11.358     11.5235
          10          80     11.5497      11.683
          10          81     11.6801     11.5999
          10          82       11.58     11.5983
          10          83     11.5496     11.5351
          10          84     11.4458     11.3904
          10          85      11.111     11.0896
          10          86     10.8007     10.8839
          10          87     10.5322      10.613
          10          88     10.3557     10.3328
          10          89     9.93081     9.99608
          10          90     9.77078     9.75619
          10          91     9.49393     9.54288
          10          92       9.375     9.34838
          10          93     9.32289     9.16758
          10          94     9.09819     8.99126
          10          95     8.92981      8.8778
          10          96     8.72038     8.75318
          10          97     8.56443     8.63667
          10          98     8.64169     8.59313
          10          99     8.62695      8.6106
