           0   0.0230664           0           0
           1   0.0461329           0           0
           2   0.0691993           0           0
           3   0.0922657           0           0
           4    0.115332           0           0
           5    0.138399           0           0
           6    0.161465           0           0
           7    0.184531           0           0
           8    0.207598           0           0
           9    0.230664           0           0
          10    0.253731           0           0
          11    0.276797           0           0
          12    0.299864           0           0
          13     0.32293           0           0
          14    0.345996           0           0
          15    0.369063           0           0
          16    0.392129           0           0
          17    0.415196           0           0
          18    0.438262           0           0
          19    0.461329           0           0
          20    0.484395           0           0
          21    0.507461           0           0
          22    0.530528           0           0
          23    0.553594           0           0
          24    0.576661           0           0
          25    0.599727           0           0
          26    0.622794           0           0
          27     0.64586           0           0
          28    0.668926           0           0
          29    0.691993           0           0
          30    0.715059           0           0
          31    0.738126           0           0
          32    0.761192           0           0
          33    0.784259           0           0
          34    0.807325           0           0
          35    0.830391           0           0
          36    0.853458           0           0
          37    0.876524           0           0
          38    0.899591 0.000828564 0.000383622
          39    0.922657   0.0399989  0.00280073
          40    0.945724    0.520125   0.0108793
          41     0.96879     3.08316   0.0220479
          42    0.991856      10.079   0.0362951
          43     1.01492     21.7779   0.0691166
          44     1.03799     34.5554   0.0799939
          45     1.06106     43.3224   0.0973022
          46     1.08412     45.3191   0.0896586
          47     1.10719     41.4276   0.0976918
          48     1.13026     33.8951   0.0825239
          49     1.15332     25.3542   0.0714303
          50     1.17639      17.418   0.0602553
          51     1.19945     10.9936   0.0383266
          52     1.22252     6.53321   0.0346275
          53     1.24559     3.61747   0.0285674
          54     1.26865     1.90764   0.0234341
          55     1.29172    0.948703   0.0167923
          56     1.31479    0.542082   0.0141383
          57     1.33785    0.455742   0.0121722
          58     1.36092     0.64091   0.0130707
          59     1.38399     1.06467   0.0176291
          60     1.40705     1.84107   0.0191714
          61     1.43012     2.95078   0.0238016
          62     1.45319     4.41017   0.0250258
          63     1.47625     6.02972   0.0273606
          64     1.49932     7.52331   0.0318709
          65     1.52238     8.66201   0.0410003
          66     1.54545     9.08549   0.0422331
          67     1.56852     8.75519   0.0421357
          68     1.59158     7.63602   0.0329871
          69     1.61465     6.12853   0.0246155
          70     1.63772     4.52347    0.023131
          71     1.66078     3.15646   0.0229185
          72     1.68385     2.24158   0.0199978
          73     1.70692     2.04357   0.0238814
          74     1.72998     2.69762    0.025553
          75     1.75305     4.48802   0.0316266
          76     1.77612     7.55969   0.0350343
          77     1.79918     11.7882   0.0355385
          78     1.82225     16.6112   0.0317336
          79     1.84531     21.3075   0.0417118
          80     1.86838     24.5417   0.0524053
          81     1.89145     25.4769   0.0582982
          82     1.91451     23.9525   0.0588279
          83     1.93758     20.5968   0.0519837
          84     1.96065     16.2179   0.0369502
          85     1.98371     11.7727   0.0309691
          86     2.00678     8.05224   0.0274114
          87     2.02985     5.60424   0.0328153
          88     2.05291     4.53834   0.0304089
          89     2.07598     4.74813   0.0279573
          90     2.09905     5.88406   0.0277887
          91     2.12211     7.37521   0.0192694
          92     2.14518     8.71058   0.0224947
          93     2.16824      9.4582   0.0276148
          94     2.19131     9.46644   0.0289361
          95     2.21438     8.75771   0.0238352
          96     2.23744     7.59592   0.0223998
          97     2.26051     6.49224   0.0206441
          98     2.28358     5.74096   0.0252063
          99     2.30664     5.81751   0.0293395
