0.345354   -0.437713   0.360262
-0.0522281   0.450586   0.275923
0.176102   -0.0660297   0.0725252
-0.37172   -0.171903   -0.0772447
-0.44833   -0.179864   0.141171
-0.390721   -0.15533   -0.441735
-0.130221   -0.172126   -0.206757
-0.0539576   -0.371298   -0.307832
0.479909   0.154254   0.326023
-0.214178   0.17972   0.134356
0.373871   -0.124226   -0.424549
0.489138   0.381826   -0.161752
0.00185104   -0.0366785   0.413246
0.213877   0.261118   0.351608
-0.110456   0.453556   -0.405414
0.348061   0.161589   -0.477713
0.100117   0.205403   -0.0362505
-0.0109278   0.157088   0.316527
-0.418921   -0.407226   -0.484201
0.0985327   0.478461   -0.325424
0.220479   -0.23282   0.446237
0.433586   -0.263282   0.410054
0.194064   -0.00254146   0.495275
-0.345723   -0.0708662   -0.257397
-0.248405   -0.433345   0.161141
0.24981   0.420293   0.224431
-0.206818   0.101113   -0.219805
-0.208288   -0.157924   0.477829
0.37378   -0.205123   0.233554
-0.0301374   0.455848   0.0423974
-0.221359   0.355914   -0.228295
0.0858038   -0.198158   -0.161601
0.193768   0.016262   -0.107122
0.316757   0.207678   0.163445
0.427098   -0.0705269   -0.0767458
0.17326   0.31004   -0.214415
0.402087   -0.317107   0.0183211
-0.312546   0.417913   -0.427714
-0.4052   0.103041   0.136454
-0.0156051   0.0998896   0.0945415
0.0488881   0.431804   0.441561
0.0211908   0.00346883   -0.309913
-0.00276719   -0.107862   0.010146
0.331987   0.376364   -0.0242381
-0.414002   -0.428511   0.0262234
-0.39294   0.23486   -0.209356
-0.165929   0.233494   -0.0665323
0.298049   -0.441797   0.0929106
0.299092   -0.00103693   0.302794
-0.0176008   0.0516775   -0.120633
0.348054   0.208696   -0.143429
-0.0390982   -0.0744508   0.211542
0.184869   -0.305701   -0.30275
-0.0557159   -0.321002   0.157895
-0.224887   -0.229372   0.229872
-0.396358   0.299916   0.177571
-0.3492   0.0767514   0.472905
-0.0321894   0.266287   -0.223962
0.13238   0.073008   0.215168
-0.268788   0.199187   -0.387899
0.456979   0.34128   0.388423
-0.279421   -0.059626   0.158119
0.443714   -0.414103   -0.152001
-0.215636   0.469079   -0.0442564
-0.196284   -0.0115815   -0.0496188
0.352954   -0.40326   -0.43917
-0.0418484   0.467748   -0.166046
0.223544   0.12205   -0.30475
0.303778   -0.25714   -0.164377
0.0200106   -0.277517   0.346664
0.448638   -0.00102426   0.44816
0.277825   0.430763   0.488795
-0.240648   -0.44222   0.394684
-0.39985   0.0836689   -0.0559543
-0.359685   0.321982   -0.0212216
0.0740706   0.305178   0.166527
-0.141107   0.31583   0.429368
0.139523   -0.252755   0.0169324
-0.381588   -0.291561   0.342721
0.167078   -0.413102   0.482327
-0.213135   0.371912   0.125018
0.474813   -0.233081   -0.280915
0.14062   -0.346591   0.207162
0.461091   0.48531   -0.333317
-0.38412   -0.0891323   0.332994
0.393656   0.0225819   0.0989929
0.149939   0.256781   -0.441766
-0.0700268   -0.40129   0.479047
-0.0292474   -0.346998   -0.0872854
-0.460206   0.255144   -0.445044
0.0641858   -0.199088   -0.402201
-0.285889   -0.305786   -0.333576
0.144322   -0.457469   -0.0815363
0.471952   0.221752   0.0449856
0.166157   -0.137853   0.283316
0.290555   0.496745   -0.236557
0.360299   0.28222   -0.314849
-0.224745   -0.00493051   -0.408294
-0.452203   -0.476333   0.301232
-0.305878   0.237782   0.381916
-0.208491   -0.23383   0.0182355
-0.33469   -0.498556   -0.236209
0.463357   0.443904   0.147494
0.243477   -0.0956735   -0.276022
0.423308   0.0716773   -0.289462
-0.2659   -0.331817   -0.137157
-0.202396   0.0266248   0.344491
-0.030829   0.175917   -0.442337
